mean_only 0.8 171 175 172 170 162 181 196 174 186 201
mean_only 0.9 171 175 172 170 162 181 196 174 186 201 168 167 187 161
mean_only 0.95 171 175 172 170 162 181 196 174 186 201 168 167 187 161 188 166 183 153
mean_only 0.99 171 175 172 170 162 181 196 174 186 201 168 167 187 161 188 166 183 153 194 199 179 200 159 152 163 189 158 198
mean_only 0.995 171 175 172 170 162 181 196 174 186 201 168 167 187 161 188 166 183 153 194 199 179 200 159 152 163 189 158 198 177 150 103 169 8
mean_only 0.999 171 175 172 170 162 181 196 174 186 201 168 167 187 161 188 166 183 153 194 199 179 200 159 152 163 189 158 198 177 150 103 169 8 12 84 29 32 81 93 95 96 123
sd_only 0.8 207 204 208
sd_only 0.9 207 204 208 200 197
sd_only 0.95 207 204 208 200 197 187 194
sd_only 0.99 207 204 208 200 197 187 194 181 188 175 171 189 199
sd_only 0.995 207 204 208 200 197 187 194 181 188 175 171 189 199 162 14 110 146
sd_only 0.999 207 204 208 200 197 187 194 181 188 175 171 189 199 162 14 110 146 196 128 183 8 112 126 11 52 103 121 123 134 143 144 195
full_uniform 0.8 207 204 208 171 200 175 197 172 170 162
full_uniform 0.9 207 204 208 171 200 175 197 172 170 162 181 187 196 174 186 201 188
full_uniform 0.95 207 204 208 171 200 175 197 172 170 162 181 187 196 174 186 201 188 202 168 194 161 166 167
full_uniform 0.99 207 204 208 171 200 175 197 172 170 162 181 187 196 174 186 201 188 202 168 194 161 166 167 206 199 183 205 189 193 153 179 198 152 191 190
full_uniform 0.995 207 204 208 171 200 175 197 172 170 162 181 187 196 174 186 201 188 202 168 194 161 166 167 206 199 183 205 189 193 153 179 198 152 191 190 159 195 192 203 150 163 176
full_uniform 0.999 207 204 208 171 200 175 197 172 170 162 181 187 196 174 186 201 188 202 168 194 161 166 167 206 199 183 205 189 193 153 179 198 152 191 190 159 195 192 203 150 163 176
semisparse_mean_only 0.8 175 171 196 181 172 201 186 170 187
semisparse_mean_only 0.9 175 171 196 181 172 201 186 170 187 188 174 162 183
semisparse_mean_only 0.95 175 171 196 181 172 201 186 170 187 188 174 162 183 194 199 168 200 179
semisparse_mean_only 0.99 175 171 196 181 172 201 186 170 187 188 174 162 183 194 199 168 200 179 161 166 152 167 189 198 158 103 150 153 123 159
semisparse_mean_only 0.995 175 171 196 181 172 201 186 170 187 188 174 162 183 194 199 168 200 179 161 166 152 167 189 198 158 103 150 153 123 159 151 93 208 14 25 12 29 62 84
semisparse_mean_only 0.999 175 171 196 181 172 201 186 170 187 188 174 162 183 194 199 168 200 179 161 166 152 167 189 198 158 103 150 153 123 159 151 93 208 14 25 12 29 62 84 177
semisparse_sd_only 0.8 207 204 200 197
semisparse_sd_only 0.9 207 204 200 197 208 187 194
semisparse_sd_only 0.95 207 204 200 197 208 187 194 181 171 175
semisparse_sd_only 0.99 207 204 200 197 208 187 194 181 171 175 188 189 199 162 64 146 101 110 42 196 84 123 127
semisparse_sd_only 0.995 207 204 200 197 208 187 194 181 171 175 188 189 199 162 64 146 101 110 42 196 84 123 127 143 183 14 53 82 91 112 126 195
semisparse_sd_only 0.999 207 204 200 197 208 187 194 181 171 175 188 189 199 162 64 146 101 110 42 196 84 123 127 143 183 14 53 82 91 112 126 195 8 29 56 103 121 134 48 128
semisparse_uniform 0.8 207 204 200 208 197 175 171 181 196 172 187
semisparse_uniform 0.9 207 204 200 208 197 175 171 181 196 172 187 201 170 186 194 188 202
semisparse_uniform 0.95 207 204 200 208 197 175 171 181 196 172 187 201 170 186 194 188 202 206 199 162 174 193 205
semisparse_uniform 0.99 207 204 200 208 197 175 171 181 196 172 187 201 170 186 194 188 202 206 199 162 174 193 205 183 189 168 190 179 198 161 167 191 203 176 166 195 152 184 123 150
semisparse_uniform 0.995 207 204 200 208 197 175 171 181 196 172 187 201 170 186 194 188 202 206 199 162 174 193 205 183 189 168 190 179 198 161 167 191 203 176 166 195 152 184 123 150
semisparse_uniform 0.999 207 204 200 208 197 175 171 181 196 172 187 201 170 186 194 188 202 206 199 162 174 193 205 183 189 168 190 179 198 161 167 191 203 176 166 195 152 184 123 150
