semisparse_mean_only 0.8 250 254 236 239 249 285 258 292 273 270 242 287 272 262 286
semisparse_mean_only 0.9 250 254 236 239 249 285 258 292 273 270 242 287 272 262 286 267 261 295 263 246 288 243
semisparse_mean_only 0.95 250 254 236 239 249 285 258 292 273 270 242 287 272 262 286 267 261 295 263 246 288 243 229 244 271 298 300 260
semisparse_mean_only 0.99 250 254 236 239 249 285 258 292 273 270 242 287 272 262 286 267 261 295 263 246 288 243 229 244 271 298 300 260 248 290 312 256 268 231 274 264 297 299 296 278
semisparse_mean_only 0.995 250 254 236 239 249 285 258 292 273 270 242 287 272 262 286 267 261 295 263 246 288 243 229 244 271 298 300 260 248 290 312 256 268 231 274 264 297 299 296 278
semisparse_mean_only 0.999 250 254 236 239 249 285 258 292 273 270 242 287 272 262 286 267 261 295 263 246 288 243 229 244 271 298 300 260 248 290 312 256 268 231 274 264 297 299 296 278
semisparse_sd_only 0.8 312 311 300 297 298
semisparse_sd_only 0.9 312 311 300 297 298 294
semisparse_sd_only 0.95 312 311 300 297 298 294 288 289
semisparse_sd_only 0.99 312 311 300 297 298 294 288 289 287 292 274 261 250 272 273 236 189 239 211 308 179
semisparse_sd_only 0.995 312 311 300 297 298 294 288 289 287 292 274 261 250 272 273 236 189 239 211 308 179 8 192 178 62 69 73 286 299
semisparse_sd_only 0.999 312 311 300 297 298 294 288 289 287 292 274 261 250 272 273 236 189 239 211 308 179 8 192 178 62 69 73 286 299 162 183 12 15 61 86 198 204 7 141 164
semisparse_uniform 0.8 312 311 298 300 297 250 254 236 294 239 299 249 292 285
semisparse_uniform 0.9 312 311 298 300 297 250 254 236 294 239 299 249 292 285 258 287 289 270 273 242 288 261
semisparse_uniform 0.95 312 311 298 300 297 250 254 236 294 239 299 249 292 285 258 287 289 270 273 242 288 261 272 267 286 262 295 243 305 229
semisparse_uniform 0.99 312 311 298 300 297 250 254 236 294 239 299 249 292 285 258 287 289 270 273 242 288 261 272 267 286 262 295 243 305 229 246 263 274 307 244 309 271 310 248 306
semisparse_uniform 0.995 312 311 298 300 297 250 254 236 294 239 299 249 292 285 258 287 289 270 273 242 288 261 272 267 286 262 295 243 305 229 246 263 274 307 244 309 271 310 248 306
semisparse_uniform 0.999 312 311 298 300 297 250 254 236 294 239 299 249 292 285 258 287 289 270 273 242 288 261 272 267 286 262 295 243 305 229 246 263 274 307 244 309 271 310 248 306
