data_dim axes n_training window_size n_sim threshold arl_est arl_lower arl_upper
312 250-254-236-239-249-285-258-292-273-270-242-287-272-262-286-267-261-295-263-246-288-243-229-244-271-298-300-260 495 200 96 42.6 150 120 180
312 250-254-236-239-249-285-258-292-273-270-242-287-272-262-286-267-261-295-263-246-288-243-229-244-271-298-300-260 495 200 96 45.41252 150 120 180
312 250-254-236-239-249-285-258-292-273-270-242-287-272-262-286-267-261-295-263-246-288-243-229-244-271-298-300-260 495 200 96 48.41072 150 120 180
312 250-254-236-239-249-285-258-292-273-270-242-287-272-262-286-267-261-295-263-246-288-243-229-244-271-298-300-260 495 200 96 51.60687 150 120 180
312 250-254-236-239-249-285-258-292-273-270-242-287-272-262-286-267-261-295-263-246-288-243-229-244-271-298-300-260 495 200 96 55.01403 150 120 180
312 250-254-236-239-249-285-258-292-273-270-242-287-272-262-286-267-261-295-263-246-288-243-229-244-271-298-300-260 495 200 96 58.64614 150 120 180
312 250-254-236-239-249-285-258-292-273-270-242-287-272-262-286-267-261-295-263-246-288-243-229-244-271-298-300-260 495 200 96 62.51805 150 120 180
312 250-254-236-239-249-285-258-292-273-270-242-287-272-262-286-267-261-295-263-246-288-243-229-244-271-298-300-260 495 200 96 66.64558 150 120 180
312 250-254-236-239-249-285-258-292-273-270-242-287-272-262-286-267-261-295-263-246-288-243-229-244-271-298-300-260 495 200 96 71.04562 150 120 180
312 250-254-236-239-249-285-258-292-273-270-242-287-272-262-286-267-261-295-263-246-288-243-229-244-271-298-300-260 495 200 96 75.73616 150 120 180
312 250-254-236-239-249-285-258-292-273-270-242-287-272-262-286-267-261-295-263-246-288-243-229-244-271-298-300-260 495 200 96 80.73638 150 120 180
312 250-254-236-239-249-285-258-292-273-270-242-287-272-262-286-267-261-295-263-246-288-243-229-244-271-298-300-260 495 200 96 86.06671 150 120 180
312 250-254-236-239-249-285-258-292-273-270-242-287-272-262-286-267-261-295-263-246-288-243-229-244-271-298-300-260 495 200 96 91.74897 150 120 180
312 250-254-236-239-249-285-258-292-273-270-242-287-272-262-286-267-261-295-263-246-288-243-229-244-271-298-300-260 495 200 96 97.80637 150 120 180
312 250-254-236-239-249-285-258-292-273-270-242-287-272-262-286-267-261-295-263-246-288-243-229-244-271-298-300-260 495 200 96 104.2637 150 120 180
312 250-254-236-239-249-285-258-292-273-270-242-287-272-262-286-267-261-295-263-246-288-243-229-244-271-298-300-260 495 200 96 111.14734 150 120 180
312 250-254-236-239-249-285-258-292-273-270-242-287-272-262-286-267-261-295-263-246-288-243-229-244-271-298-300-260 495 200 96 118.48546 150 120 180
312 250-254-236-239-249-285-258-292-273-270-242-287-272-262-286-267-261-295-263-246-288-243-229-244-271-298-300-260 495 200 96 126.30805 150 120 180
312 250-254-236-239-249-285-258-292-273-270-242-287-272-262-286-267-261-295-263-246-288-243-229-244-271-298-300-260 495 200 96 134.64709 150 120 180
312 250-254-236-239-249-285-258-292-273-270-242-287-272-262-286-267-261-295-263-246-288-243-229-244-271-298-300-260 495 200 96 143.5367 150 120 180
312 250-254-236-239-249-285-258-292-273-270-242-287-272-262-286-267-261-295-263-246-288-243-229-244-271-298-300-260 495 200 96 153.01321 150 120 180
312 250-254-236-239-249-285-258-292-273-270-242-287-272-262-286-267-261-295-263-246-288-243-229-244-271-298-300-260 495 200 96 163.11537 150 120 180
312 250-254-236-239-249-285-258-292-273-270-242-287-272-262-286-267-261-295-263-246-288-243-229-244-271-298-300-260 495 200 96 173.88449 150 120 180
312 250-254-236-239-249-285-258-292-273-270-242-287-272-262-286-267-261-295-263-246-288-243-229-244-271-298-300-260 495 200 96 185.36461 150 120 180
312 250-254-236-239-249-285-258-292-273-270-242-287-272-262-286-267-261-295-263-246-288-243-229-244-271-298-300-260 495 200 96 197.60266 150 120 180
312 250-254-236-239-249-285-258-292-273-270-242-287-272-262-286-267-261-295-263-246-288-243-229-244-271-298-300-260 495 200 96 210.64868 150 120 180
312 250-254-236-239-249-285-258-292-273-270-242-287-272-262-286-267-261-295-263-246-288-243-229-244-271-298-300-260 495 200 96 224.55603 150 120 180
312 250-254-236-239-249-285-258-292-273-270-242-287-272-262-286-267-261-295-263-246-288-243-229-244-271-298-300-260 495 200 96 239.38155 150 120 180
312 250-254-236-239-249-285-258-292-273-270-242-287-272-262-286-267-261-295-263-246-288-243-229-244-271-298-300-260 495 200 96 255.18588 150 120 180
312 250-254-236-239-249-285-258-292-273-270-242-287-272-262-286-267-261-295-263-246-288-243-229-244-271-298-300-260 495 200 96 272.03364 150 120 180
312 250-254-236-239-249-285-258-292-273-270-242-287-272-262-286-267-261-295-263-246-288-243-229-244-271-298-300-260 495 200 96 289.99371 150 120 180
312 250-254-236-239-249-285-258-292-273-270-242-287-272-262-286-267-261-295-263-246-288-243-229-244-271-298-300-260 495 200 96 309.13953 150 120 180
312 250-254-236-239-249-285-258-292-273-270-242-287-272-262-286-267-261-295-263-246-288-243-229-244-271-298-300-260 495 200 96 329.54939 150 120 180
312 250-254-236-239-249-285-258-292-273-270-242-287-272-262-286-267-261-295-263-246-288-243-229-244-271-298-300-260 495 200 96 351.30674 150 120 180
312 250-254-236-239-249-285-258-292-273-270-242-287-272-262-286-267-261-295-263-246-288-243-229-244-271-298-300-260 495 200 96 374.50054 150 120 180
312 250-254-236-239-249-285-258-292-273-270-242-287-272-262-286-267-261-295-263-246-288-243-229-244-271-298-300-260 495 200 96 399.22563 150 120 180
312 250-254-236-239-249-285-258-292-273-270-242-287-272-262-286-267-261-295-263-246-288-243-229-244-271-298-300-260 495 200 96 425.5831 150 120 180
312 250-254-236-239-249-285-258-292-273-270-242-287-272-262-286-267-261-295-263-246-288-243-229-244-271-298-300-260 495 200 96 453.68074 150 120 180
312 250-254-236-239-249-285-258-292-273-270-242-287-272-262-286-267-261-295-263-246-288-243-229-244-271-298-300-260 495 200 96 483.63342 150 120 180
312 250-254-236-239-249-285-258-292-273-270-242-287-272-262-286-267-261-295-263-246-288-243-229-244-271-298-300-260 495 200 96 515.56363 150 120 180
312 250-254-236-239-249-285-258-292-273-270-242-287-272-262-286-267-261-295-263-246-288-243-229-244-271-298-300-260 495 200 96 549.60192 150 120 180
312 250-254-236-239-249-285-258-292-273-270-242-287-272-262-286-267-261-295-263-246-288-243-229-244-271-298-300-260 495 200 96 585.88746 150 120 180
312 250-254-236-239-249-285-258-292-273-270-242-287-272-262-286-267-261-295-263-246-288-243-229-244-271-298-300-260 495 200 96 624.56864 150 120 180
312 250-254-236-239-249-285-258-292-273-270-242-287-272-262-286-267-261-295-263-246-288-243-229-244-271-298-300-260 495 200 96 665.8036 150 120 180
312 250-254-236-239-249-285-258-292-273-270-242-287-272-262-286-267-261-295-263-246-288-243-229-244-271-298-300-260 495 200 96 709.76095 150 120 180
312 250-254-236-239-249-285-258-292-273-270-242-287-272-262-286-267-261-295-263-246-288-243-229-244-271-298-300-260 495 200 96 756.62044 150 120 180
312 250-254-236-239-249-285-258-292-273-270-242-287-272-262-286-267-261-295-263-246-288-243-229-244-271-298-300-260 495 200 96 806.57366 150 120 180
312 250-254-236-239-249-285-258-292-273-270-242-287-272-262-286-267-261-295-263-246-288-243-229-244-271-298-300-260 495 200 96 859.82487 150 120 180
312 250-254-236-239-249-285-258-292-273-270-242-287-272-262-286-267-261-295-263-246-288-243-229-244-271-298-300-260 495 200 96 916.5918 150 120 180
312 250-254-236-239-249-285-258-292-273-270-242-287-272-262-286-267-261-295-263-246-288-243-229-244-271-298-300-260 495 200 96 977.10657 150 120 180
312 250-254-236-239-249-285-258-292-273-270-242-287-272-262-286-267-261-295-263-246-288-243-229-244-271-298-300-260 495 200 96 1041.61662 150 120 180
312 250-254-236-239-249-285-258-292-273-270-242-287-272-262-286-267-261-295-263-246-288-243-229-244-271-298-300-260 495 200 96 1110.38571 150 120 180
312 250-254-236-239-249-285-258-292-273-270-242-287-272-262-286-267-261-295-263-246-288-243-229-244-271-298-300-260 495 200 96 1183.69505 150 120 180
312 250-254-236-239-249-285-258-292-273-270-242-287-272-262-286-267-261-295-263-246-288-243-229-244-271-298-300-260 495 200 96 1261.84438 150 120 180
312 250-254-236-239-249-285-258-292-273-270-242-287-272-262-286-267-261-295-263-246-288-243-229-244-271-298-300-260 495 200 96 1345.15325 150 120 180
312 250-254-236-239-249-285-258-292-273-270-242-287-272-262-286-267-261-295-263-246-288-243-229-244-271-298-300-260 495 200 96 1433.96229 150 120 180
312 250-254-236-239-249-285-258-292-273-270-242-287-272-262-286-267-261-295-263-246-288-243-229-244-271-298-300-260 495 200 96 1528.63464 150 120 180
312 250-254-236-239-249-285-258-292-273-270-242-287-272-262-286-267-261-295-263-246-288-243-229-244-271-298-300-260 495 200 96 1629.5574 150 120 180
312 250-254-236-239-249-285-258-292-273-270-242-287-272-262-286-267-261-295-263-246-288-243-229-244-271-298-300-260 495 200 96 1737.14323 150 120 180
312 250-254-236-239-249-285-258-292-273-270-242-287-272-262-286-267-261-295-263-246-288-243-229-244-271-298-300-260 495 200 96 1851.83204 150 120 180
312 250-254-236-239-249-285-258-292-273-270-242-287-272-262-286-267-261-295-263-246-288-243-229-244-271-298-300-260 495 200 96 1974.09278 150 120 180
312 250-254-236-239-249-285-258-292-273-270-242-287-272-262-286-267-261-295-263-246-288-243-229-244-271-298-300-260 495 200 96 2104.42536 153 122 184
312 250-254-236-239-249-285-258-292-273-270-242-287-272-262-286-267-261-295-263-246-288-243-229-244-271-298-300-260 495 200 96 2243.33553 158 126 190
312 250-254-236-239-249-285-258-292-273-270-242-287-272-262-286-267-261-295-263-246-288-243-229-244-271-298-300-260 495 200 96 2391.36673 176 140 212
312 250-254-236-239-249-285-258-292-273-270-242-287-272-262-286-267-261-295-263-246-288-243-229-244-271-298-300-260 495 200 96 2548.98094 212 169 255
312 250-254-236-239-249-285-258-292-273-270-242-287-272-262-286-267-261-295-263-246-288-243-229-244-271-298-300-260 495 200 96 2716.58877 282 225 339
312 250-254-236-239-249-285-258-292-273-270-242-287-272-262-286-267-261-295-263-246-288-243-229-244-271-298-300-260 495 200 96 2894.39973 360 288 432
312 250-254-236-239-249-285-258-292-273-270-242-287-272-262-286-267-261-295-263-246-288-243-229-244-271-298-300-260 495 200 96 3082.87806 800 640 960
312 250-254-236-239-249-285-258-292-273-270-242-287-272-262-286-267-261-295-263-246-288-243-229-244-271-298-300-260 495 200 96 3277.79551 1309 1047 1571
312 250-254-236-239-249-285-258-292-273-270-242-287-272-262-286-267-261-295-263-246-288-243-229-244-271-298-300-260 495 200 96 3477.86087 1800 1440 2160
312 250-254-236-239-249-285-258-292-273-270-242-287-272-262-286-267-261-295-263-246-288-243-229-244-271-298-300-260 495 200 96 3682.79289 14400 11519 17281
312 250-254-236-239-249-285-258-292-273-270-242-287-272-262-286-267-261-295-263-246-288-243-229-244-271-298-300-260 495 200 384 3682.79289 5760 5183 6337
312 250-254-236-239-249-285-258-292-273-270-242-287-272-262-286-267-261-295-263-246-288-243-229-244-271-298-300-260 495 200 384 3759.93354 11520 10367 12673
312 250-254-236-239-249-285-258-292-273-270-242-287-272-262-286-267-261-295-263-246-288-243-229-244-271-298-300-260 495 200 384 3792.11534 8229 7405 9053
312 250-254-236-239-249-285-258-292-273-270-242-287-272-262-286-267-261-295-263-246-288-243-229-244-271-298-300-260 495 200 384 3851.41097 6400 5759 7041
312 250-254-236-239-249-285-258-292-273-270-242-287-272-262-286-267-261-295-263-246-288-243-229-244-271-298-300-260 495 200 384 3926.78267 57600 51838 63362
312 250-254-236-239-249-285-258-292-273-270-242-287-272-262-286-267-261-295-263-246-288-243-229-244-271-298-300-260 495 200 384 3571.26106 4431 3987 4875
312 250-254-236-239-249-285-258-292-273-270-242-287-272-262-286-267-261-295-263-246-288-243-229-244-271-298-300-260 495 200 384 3656.27243 3840 3455 4225
312 250-254-236-239-249-285-258-292-273-270-242-287-272-262-286-267-261-295-263-246-288-243-229-244-271-298-300-260 495 200 384 3747.95445 8229 7405 9053
312 250-254-236-239-249-285-258-292-273-270-242-287-272-262-286-267-261-295-263-246-288-243-229-244-271-298-300-260 495 200 384 3806.55956 8229 7405 9053
312 250-254-236-239-249-285-258-292-273-270-242-287-272-262-286-267-261-295-263-246-288-243-229-244-271-298-300-260 495 200 384 3866.08105 28800 25919 31681
312 250-254-236-239-249-285-258-292-273-270-242-287-272-262-286-267-261-295-263-246-288-243-229-244-271-298-300-260 495 200 384 3755.50282 4800 4319 5281
312 250-254-236-239-249-285-258-292-273-270-242-287-272-262-286-267-261-295-263-246-288-243-229-244-271-298-300-260 495 200 384 3841.91977 5760 5183 6337
312 250-254-236-239-249-285-258-292-273-270-242-287-272-262-286-267-261-295-263-246-288-243-229-244-271-298-300-260 495 200 384 3922.39353 28800 25919 31681
312 250-254-236-239-249-285-258-292-273-270-242-287-272-262-286-267-261-295-263-246-288-243-229-244-271-298-300-260 495 200 384 3810.20464 8229 7405 9053
312 250-254-236-239-249-285-258-292-273-270-242-287-272-262-286-267-261-295-263-246-288-243-229-244-271-298-300-260 495 200 384 3869.78313 19200 17279 21121
312 250-254-236-239-249-285-258-292-273-270-242-287-272-262-286-267-261-295-263-246-288-243-229-244-271-298-300-260 495 200 384 3838.9913 11520 10367 12673
312 250-254-236-239-249-285-258-292-273-270-242-287-272-262-286-267-261-295-263-246-288-243-229-244-271-298-300-260 495 200 384 3871.84977 11520 10367 12673
312 250-254-236-239-249-285-258-292-273-270-242-287-272-262-286-267-261-295-263-246-288-243-229-244-271-298-300-260 495 200 384 3904.98947 9600 8639 10561
312 250-254-236-239-249-285-258-292-273-270-242-287-272-262-286-267-261-295-263-246-288-243-229-244-271-298-300-260 495 200 384 3954.53665 14400 12959 15841
312 250-254-236-239-249-285-258-292-273-270-242-287-272-262-286-267-261-295-263-246-288-243-229-244-271-298-300-260 495 200 1537 3954.53665 76850 73008 80692
312 250-254-236-239-249-285-258-292-273-270-242-287-272-262-286-267-261-295-263-246-288-243-229-244-271-298-300-260 495 200 1537 3693.66479 4803 4562 5044
312 250-254-236-239-249-285-258-292-273-270-242-287-272-262-286-267-261-295-263-246-288-243-229-244-271-298-300-260 495 200 1537 3736.14988 6404 6083 6725
312 250-254-236-239-249-285-258-292-273-270-242-287-272-262-286-267-261-295-263-246-288-243-229-244-271-298-300-260 495 200 1537 3772.69184 6587 6257 6917
312 250-254-236-239-249-285-258-292-273-270-242-287-272-262-286-267-261-295-263-246-288-243-229-244-271-298-300-260 495 200 1537 3808.84883 10979 10430 11528
312 250-254-236-239-249-285-258-292-273-270-242-287-272-262-286-267-261-295-263-246-288-243-229-244-271-298-300-260 495 200 1537 3827.36475 14409 13688 15130
312 250-254-236-239-249-285-258-292-273-270-242-287-272-262-286-267-261-295-263-246-288-243-229-244-271-298-300-260 495 200 1537 3831.8547 13562 12884 14240
312 250-254-236-239-249-285-258-292-273-270-242-287-272-262-286-267-261-295-263-246-288-243-229-244-271-298-300-260 495 200 1537 3839.83979 12134 11527 12741
312 250-254-236-239-249-285-258-292-273-270-242-287-272-262-286-267-261-295-263-246-288-243-229-244-271-298-300-260 495 200 1537 3853.73754 10979 10430 11528
312 250-254-236-239-249-285-258-292-273-270-242-287-272-262-286-267-261-295-263-246-288-243-229-244-271-298-300-260 495 200 1537 3872.47167 20959 19911 22007
312 250-254-236-239-249-285-258-292-273-270-242-287-272-262-286-267-261-295-263-246-288-243-229-244-271-298-300-260 495 200 1537 3849.74068 11528 10951 12105
312 250-254-236-239-249-285-258-292-273-270-242-287-272-262-286-267-261-295-263-246-288-243-229-244-271-298-300-260 495 200 1537 3866.1828 19212 18251 20173
312 250-254-236-239-249-285-258-292-273-270-242-287-272-262-286-267-261-295-263-246-288-243-229-244-271-298-300-260 495 200 1537 3850.75133 10024 9522 10526
