data_dim axes n_training window_size n_sim threshold arl_est arl_lower arl_upper
312 312-311-298-300-297-250-254-236-294-239-299-249-292-285-258-287-289-270-273-242-288-261-272-267-286-262-295-243-305-229 495 200 96 45 150 120 180
312 312-311-298-300-297-250-254-236-294-239-299-249-292-285-258-287-289-270-273-242-288-261-272-267-286-262-295-243-305-229 495 200 96 47.97097 150 120 180
312 312-311-298-300-297-250-254-236-294-239-299-249-292-285-258-287-289-270-273-242-288-261-272-267-286-262-295-243-305-229 495 200 96 51.13808 150 120 180
312 312-311-298-300-297-250-254-236-294-239-299-249-292-285-258-287-289-270-273-242-288-261-272-267-286-262-295-243-305-229 495 200 96 54.5143 150 120 180
312 312-311-298-300-297-250-254-236-294-239-299-249-292-285-258-287-289-270-273-242-288-261-272-267-286-262-295-243-305-229 495 200 96 58.11341 150 120 180
312 312-311-298-300-297-250-254-236-294-239-299-249-292-285-258-287-289-270-273-242-288-261-272-267-286-262-295-243-305-229 495 200 96 61.95015 150 120 180
312 312-311-298-300-297-250-254-236-294-239-299-249-292-285-258-287-289-270-273-242-288-261-272-267-286-262-295-243-305-229 495 200 96 66.04019 150 120 180
312 312-311-298-300-297-250-254-236-294-239-299-249-292-285-258-287-289-270-273-242-288-261-272-267-286-262-295-243-305-229 495 200 96 70.40026 150 120 180
312 312-311-298-300-297-250-254-236-294-239-299-249-292-285-258-287-289-270-273-242-288-261-272-267-286-262-295-243-305-229 495 200 96 75.04819 150 120 180
312 312-311-298-300-297-250-254-236-294-239-299-249-292-285-258-287-289-270-273-242-288-261-272-267-286-262-295-243-305-229 495 200 96 80.00299 150 120 180
312 312-311-298-300-297-250-254-236-294-239-299-249-292-285-258-287-289-270-273-242-288-261-272-267-286-262-295-243-305-229 495 200 96 85.28491 150 120 180
312 312-311-298-300-297-250-254-236-294-239-299-249-292-285-258-287-289-270-273-242-288-261-272-267-286-262-295-243-305-229 495 200 96 90.91554 150 120 180
312 312-311-298-300-297-250-254-236-294-239-299-249-292-285-258-287-289-270-273-242-288-261-272-267-286-262-295-243-305-229 495 200 96 96.91792 150 120 180
312 312-311-298-300-297-250-254-236-294-239-299-249-292-285-258-287-289-270-273-242-288-261-272-267-286-262-295-243-305-229 495 200 96 103.31659 150 120 180
312 312-311-298-300-297-250-254-236-294-239-299-249-292-285-258-287-289-270-273-242-288-261-272-267-286-262-295-243-305-229 495 200 96 110.13771 150 120 180
312 312-311-298-300-297-250-254-236-294-239-299-249-292-285-258-287-289-270-273-242-288-261-272-267-286-262-295-243-305-229 495 200 96 117.40917 150 120 180
312 312-311-298-300-297-250-254-236-294-239-299-249-292-285-258-287-289-270-273-242-288-261-272-267-286-262-295-243-305-229 495 200 96 125.1607 150 120 180
312 312-311-298-300-297-250-254-236-294-239-299-249-292-285-258-287-289-270-273-242-288-261-272-267-286-262-295-243-305-229 495 200 96 133.42399 150 120 180
312 312-311-298-300-297-250-254-236-294-239-299-249-292-285-258-287-289-270-273-242-288-261-272-267-286-262-295-243-305-229 495 200 96 142.23285 150 120 180
312 312-311-298-300-297-250-254-236-294-239-299-249-292-285-258-287-289-270-273-242-288-261-272-267-286-262-295-243-305-229 495 200 96 151.62327 150 120 180
312 312-311-298-300-297-250-254-236-294-239-299-249-292-285-258-287-289-270-273-242-288-261-272-267-286-262-295-243-305-229 495 200 96 161.63367 150 120 180
312 312-311-298-300-297-250-254-236-294-239-299-249-292-285-258-287-289-270-273-242-288-261-272-267-286-262-295-243-305-229 495 200 96 172.30497 150 120 180
312 312-311-298-300-297-250-254-236-294-239-299-249-292-285-258-287-289-270-273-242-288-261-272-267-286-262-295-243-305-229 495 200 96 183.6808 150 120 180
312 312-311-298-300-297-250-254-236-294-239-299-249-292-285-258-287-289-270-273-242-288-261-272-267-286-262-295-243-305-229 495 200 96 195.80768 150 120 180
312 312-311-298-300-297-250-254-236-294-239-299-249-292-285-258-287-289-270-273-242-288-261-272-267-286-262-295-243-305-229 495 200 96 208.7352 150 120 180
312 312-311-298-300-297-250-254-236-294-239-299-249-292-285-258-287-289-270-273-242-288-261-272-267-286-262-295-243-305-229 495 200 96 222.51622 150 120 180
312 312-311-298-300-297-250-254-236-294-239-299-249-292-285-258-287-289-270-273-242-288-261-272-267-286-262-295-243-305-229 495 200 96 237.20707 150 120 180
312 312-311-298-300-297-250-254-236-294-239-299-249-292-285-258-287-289-270-273-242-288-261-272-267-286-262-295-243-305-229 495 200 96 252.86784 150 120 180
312 312-311-298-300-297-250-254-236-294-239-299-249-292-285-258-287-289-270-273-242-288-261-272-267-286-262-295-243-305-229 495 200 96 269.56255 150 120 180
312 312-311-298-300-297-250-254-236-294-239-299-249-292-285-258-287-289-270-273-242-288-261-272-267-286-262-295-243-305-229 495 200 96 287.35948 150 120 180
312 312-311-298-300-297-250-254-236-294-239-299-249-292-285-258-287-289-270-273-242-288-261-272-267-286-262-295-243-305-229 495 200 96 306.33138 150 120 180
312 312-311-298-300-297-250-254-236-294-239-299-249-292-285-258-287-289-270-273-242-288-261-272-267-286-262-295-243-305-229 495 200 96 326.55584 150 120 180
312 312-311-298-300-297-250-254-236-294-239-299-249-292-285-258-287-289-270-273-242-288-261-272-267-286-262-295-243-305-229 495 200 96 348.11555 150 120 180
312 312-311-298-300-297-250-254-236-294-239-299-249-292-285-258-287-289-270-273-242-288-261-272-267-286-262-295-243-305-229 495 200 96 371.09867 150 120 180
312 312-311-298-300-297-250-254-236-294-239-299-249-292-285-258-287-289-270-273-242-288-261-272-267-286-262-295-243-305-229 495 200 96 395.59916 150 120 180
312 312-311-298-300-297-250-254-236-294-239-299-249-292-285-258-287-289-270-273-242-288-261-272-267-286-262-295-243-305-229 495 200 96 421.71721 150 120 180
312 312-311-298-300-297-250-254-236-294-239-299-249-292-285-258-287-289-270-273-242-288-261-272-267-286-262-295-243-305-229 495 200 96 449.55961 150 120 180
312 312-311-298-300-297-250-254-236-294-239-299-249-292-285-258-287-289-270-273-242-288-261-272-267-286-262-295-243-305-229 495 200 96 479.24022 150 120 180
312 312-311-298-300-297-250-254-236-294-239-299-249-292-285-258-287-289-270-273-242-288-261-272-267-286-262-295-243-305-229 495 200 96 510.88038 150 120 180
312 312-311-298-300-297-250-254-236-294-239-299-249-292-285-258-287-289-270-273-242-288-261-272-267-286-262-295-243-305-229 495 200 96 544.60947 150 120 180
312 312-311-298-300-297-250-254-236-294-239-299-249-292-285-258-287-289-270-273-242-288-261-272-267-286-262-295-243-305-229 495 200 96 580.56541 150 120 180
312 312-311-298-300-297-250-254-236-294-239-299-249-292-285-258-287-289-270-273-242-288-261-272-267-286-262-295-243-305-229 495 200 96 618.89521 150 120 180
312 312-311-298-300-297-250-254-236-294-239-299-249-292-285-258-287-289-270-273-242-288-261-272-267-286-262-295-243-305-229 495 200 96 659.7556 150 120 180
312 312-311-298-300-297-250-254-236-294-239-299-249-292-285-258-287-289-270-273-242-288-261-272-267-286-262-295-243-305-229 495 200 96 703.31366 150 120 180
312 312-311-298-300-297-250-254-236-294-239-299-249-292-285-258-287-289-270-273-242-288-261-272-267-286-262-295-243-305-229 495 200 96 749.74749 150 120 180
312 312-311-298-300-297-250-254-236-294-239-299-249-292-285-258-287-289-270-273-242-288-261-272-267-286-262-295-243-305-229 495 200 96 799.24694 150 120 180
312 312-311-298-300-297-250-254-236-294-239-299-249-292-285-258-287-289-270-273-242-288-261-272-267-286-262-295-243-305-229 495 200 96 852.01443 150 120 180
312 312-311-298-300-297-250-254-236-294-239-299-249-292-285-258-287-289-270-273-242-288-261-272-267-286-262-295-243-305-229 495 200 96 908.26571 150 120 180
312 312-311-298-300-297-250-254-236-294-239-299-249-292-285-258-287-289-270-273-242-288-261-272-267-286-262-295-243-305-229 495 200 96 968.23078 150 120 180
312 312-311-298-300-297-250-254-236-294-239-299-249-292-285-258-287-289-270-273-242-288-261-272-267-286-262-295-243-305-229 495 200 96 1032.15483 150 120 180
312 312-311-298-300-297-250-254-236-294-239-299-249-292-285-258-287-289-270-273-242-288-261-272-267-286-262-295-243-305-229 495 200 96 1100.29924 150 120 180
312 312-311-298-300-297-250-254-236-294-239-299-249-292-285-258-287-289-270-273-242-288-261-272-267-286-262-295-243-305-229 495 200 96 1172.94266 150 120 180
312 312-311-298-300-297-250-254-236-294-239-299-249-292-285-258-287-289-270-273-242-288-261-272-267-286-262-295-243-305-229 495 200 96 1250.3821 150 120 180
312 312-311-298-300-297-250-254-236-294-239-299-249-292-285-258-287-289-270-273-242-288-261-272-267-286-262-295-243-305-229 495 200 96 1332.9342 150 120 180
312 312-311-298-300-297-250-254-236-294-239-299-249-292-285-258-287-289-270-273-242-288-261-272-267-286-262-295-243-305-229 495 200 96 1420.93653 150 120 180
312 312-311-298-300-297-250-254-236-294-239-299-249-292-285-258-287-289-270-273-242-288-261-272-267-286-262-295-243-305-229 495 200 96 1514.7489 150 120 180
312 312-311-298-300-297-250-254-236-294-239-299-249-292-285-258-287-289-270-273-242-288-261-272-267-286-262-295-243-305-229 495 200 96 1614.7549 150 120 180
312 312-311-298-300-297-250-254-236-294-239-299-249-292-285-258-287-289-270-273-242-288-261-272-267-286-262-295-243-305-229 495 200 96 1721.36345 150 120 180
312 312-311-298-300-297-250-254-236-294-239-299-249-292-285-258-287-289-270-273-242-288-261-272-267-286-262-295-243-305-229 495 200 96 1835.01045 150 120 180
312 312-311-298-300-297-250-254-236-294-239-299-249-292-285-258-287-289-270-273-242-288-261-272-267-286-262-295-243-305-229 495 200 96 1956.16061 150 120 180
312 312-311-298-300-297-250-254-236-294-239-299-249-292-285-258-287-289-270-273-242-288-261-272-267-286-262-295-243-305-229 495 200 96 2085.30927 150 120 180
312 312-311-298-300-297-250-254-236-294-239-299-249-292-285-258-287-289-270-273-242-288-261-272-267-286-262-295-243-305-229 495 200 96 2222.98453 152 121 183
312 312-311-298-300-297-250-254-236-294-239-299-249-292-285-258-287-289-270-273-242-288-261-272-267-286-262-295-243-305-229 495 200 96 2369.73019 155 124 186
312 312-311-298-300-297-250-254-236-294-239-299-249-292-285-258-287-289-270-273-242-288-261-272-267-286-262-295-243-305-229 495 200 96 2526.13239 153 122 184
312 312-311-298-300-297-250-254-236-294-239-299-249-292-285-258-287-289-270-273-242-288-261-272-267-286-262-295-243-305-229 495 200 96 2692.87885 157 125 189
312 312-311-298-300-297-250-254-236-294-239-299-249-292-285-258-287-289-270-273-242-288-261-272-267-286-262-295-243-305-229 495 200 96 2870.58569 169 135 203
312 312-311-298-300-297-250-254-236-294-239-299-249-292-285-258-287-289-270-273-242-288-261-272-267-286-262-295-243-305-229 495 200 96 3059.8715 187 149 225
312 312-311-298-300-297-250-254-236-294-239-299-249-292-285-258-287-289-270-273-242-288-261-272-267-286-262-295-243-305-229 495 200 96 3261.40187 212 169 255
312 312-311-298-300-297-250-254-236-294-239-299-249-292-285-258-287-289-270-273-242-288-261-272-267-286-262-295-243-305-229 495 200 96 3475.85483 343 274 412
312 312-311-298-300-297-250-254-236-294-239-299-249-292-285-258-287-289-270-273-242-288-261-272-267-286-262-295-243-305-229 495 200 96 3702.45066 480 384 576
312 312-311-298-300-297-250-254-236-294-239-299-249-292-285-258-287-289-270-273-242-288-261-272-267-286-262-295-243-305-229 495 200 96 3941.63694 1600 1280 1920
312 312-311-298-300-297-250-254-236-294-239-299-249-292-285-258-287-289-270-273-242-288-261-272-267-286-262-295-243-305-229 495 200 96 4177.28749 1440 1152 1728
312 312-311-298-300-297-250-254-236-294-239-299-249-292-285-258-287-289-270-273-242-288-261-272-267-286-262-295-243-305-229 495 200 96 4429.90109 14400 11519 17281
312 312-311-298-300-297-250-254-236-294-239-299-249-292-285-258-287-289-270-273-242-288-261-272-267-286-262-295-243-305-229 495 200 384 4429.90109 5236 4712 5760
312 312-311-298-300-297-250-254-236-294-239-299-249-292-285-258-287-289-270-273-242-288-261-272-267-286-262-295-243-305-229 495 200 384 4527.68282 3840 3455 4225
312 312-311-298-300-297-250-254-236-294-239-299-249-292-285-258-287-289-270-273-242-288-261-272-267-286-262-295-243-305-229 495 200 384 4641.21568 9600 8639 10561
312 312-311-298-300-297-250-254-236-294-239-299-249-292-285-258-287-289-270-273-242-288-261-272-267-286-262-295-243-305-229 495 200 384 4700.10423 9600 8639 10561
312 312-311-298-300-297-250-254-236-294-239-299-249-292-285-258-287-289-270-273-242-288-261-272-267-286-262-295-243-305-229 495 200 384 4759.73996 28800 25919 31681
312 312-311-298-300-297-250-254-236-294-239-299-249-292-285-258-287-289-270-273-242-288-261-272-267-286-262-295-243-305-229 495 200 384 4623.60116 19200 17279 21121
312 312-311-298-300-297-250-254-236-294-239-299-249-292-285-258-287-289-270-273-242-288-261-272-267-286-262-295-243-305-229 495 200 384 4586.81122 11520 10367 12673
312 312-311-298-300-297-250-254-236-294-239-299-249-292-285-258-287-289-270-273-242-288-261-272-267-286-262-295-243-305-229 495 200 384 4626.07037 5760 5183 6337
312 312-311-298-300-297-250-254-236-294-239-299-249-292-285-258-287-289-270-273-242-288-261-272-267-286-262-295-243-305-229 495 200 384 4722.96914 19200 17279 21121
312 312-311-298-300-297-250-254-236-294-239-299-249-292-285-258-287-289-270-273-242-288-261-272-267-286-262-295-243-305-229 495 200 384 4685.38852 19200 17279 21121
312 312-311-298-300-297-250-254-236-294-239-299-249-292-285-258-287-289-270-273-242-288-261-272-267-286-262-295-243-305-229 495 200 384 4648.10694 19200 17279 21121
312 312-311-298-300-297-250-254-236-294-239-299-249-292-285-258-287-289-270-273-242-288-261-272-267-286-262-295-243-305-229 495 200 384 4611.122 7200 6479 7921
312 312-311-298-300-297-250-254-236-294-239-299-249-292-285-258-287-289-270-273-242-288-261-272-267-286-262-295-243-305-229 495 200 384 4693.42805 14400 12959 15841
312 312-311-298-300-297-250-254-236-294-239-299-249-292-285-258-287-289-270-273-242-288-261-272-267-286-262-295-243-305-229 495 200 1537 4693.42805 19212 18251 20173
312 312-311-298-300-297-250-254-236-294-239-299-249-292-285-258-287-289-270-273-242-288-261-272-267-286-262-295-243-305-229 495 200 1537 4674.69471 10480 9956 11004
312 312-311-298-300-297-250-254-236-294-239-299-249-292-285-258-287-289-270-273-242-288-261-272-267-286-262-295-243-305-229 495 200 1537 4699.92801 15370 14601 16139
