data_dim axes n_training window_size n_sim threshold arl_est arl_lower arl_upper
312 312-311-300-297-298 495 200 96 15 150 120 180
312 312-311-300-297-298 495 200 96 15.99032 150 120 180
312 312-311-300-297-298 495 200 96 17.04603 150 120 180
312 312-311-300-297-298 495 200 96 18.17143 150 120 180
312 312-311-300-297-298 495 200 96 19.37114 150 120 180
312 312-311-300-297-298 495 200 96 20.65005 150 120 180
312 312-311-300-297-298 495 200 96 22.0134 150 120 180
312 312-311-300-297-298 495 200 96 23.46675 150 120 180
312 312-311-300-297-298 495 200 96 25.01606 150 120 180
312 312-311-300-297-298 495 200 96 26.66766 150 120 180
312 312-311-300-297-298 495 200 96 28.4283 150 120 180
312 312-311-300-297-298 495 200 96 30.30518 150 120 180
312 312-311-300-297-298 495 200 96 32.30597 150 120 180
312 312-311-300-297-298 495 200 96 34.43886 150 120 180
312 312-311-300-297-298 495 200 96 36.71257 150 120 180
312 312-311-300-297-298 495 200 96 39.13639 150 120 180
312 312-311-300-297-298 495 200 96 41.72023 150 120 180
312 312-311-300-297-298 495 200 96 44.47466 150 120 180
312 312-311-300-297-298 495 200 96 47.41095 150 120 180
312 312-311-300-297-298 495 200 96 50.54109 150 120 180
312 312-311-300-297-298 495 200 96 53.87789 150 120 180
312 312-311-300-297-298 495 200 96 57.43499 150 120 180
312 312-311-300-297-298 495 200 96 61.22693 150 120 180
312 312-311-300-297-298 495 200 96 65.26923 150 120 180
312 312-311-300-297-298 495 200 96 69.5784 150 120 180
312 312-311-300-297-298 495 200 96 74.17207 150 120 180
312 312-311-300-297-298 495 200 96 79.06902 150 120 180
312 312-311-300-297-298 495 200 96 84.28928 150 120 180
312 312-311-300-297-298 495 200 96 89.85418 150 120 180
312 312-311-300-297-298 495 200 96 95.78649 150 120 180
312 312-311-300-297-298 495 200 96 102.11046 150 120 180
312 312-311-300-297-298 495 200 96 108.85195 150 120 180
312 312-311-300-297-298 495 200 96 116.03852 150 120 180
312 312-311-300-297-298 495 200 96 123.69956 150 120 180
312 312-311-300-297-298 495 200 96 131.86639 150 120 180
312 312-311-300-297-298 495 200 96 140.5724 150 120 180
312 312-311-300-297-298 495 200 96 149.8532 150 120 180
312 312-311-300-297-298 495 200 96 159.74674 150 120 180
312 312-311-300-297-298 495 200 96 170.29346 150 120 180
312 312-311-300-297-298 495 200 96 181.53649 150 120 180
312 312-311-300-297-298 495 200 96 193.5218 150 120 180
312 312-311-300-297-298 495 200 96 206.2984 150 120 180
312 312-311-300-297-298 495 200 96 219.91853 150 120 180
312 312-311-300-297-298 495 200 96 234.43789 150 120 180
312 312-311-300-297-298 495 200 96 249.91583 150 120 180
312 312-311-300-297-298 495 200 96 266.41565 150 120 180
312 312-311-300-297-298 495 200 96 284.00481 150 120 180
312 312-311-300-297-298 495 200 96 302.75524 150 120 180
312 312-311-300-297-298 495 200 96 322.74359 150 120 180
312 312-311-300-297-298 495 200 96 344.05161 150 120 180
312 312-311-300-297-298 495 200 96 366.76641 150 120 180
312 312-311-300-297-298 495 200 96 390.98089 150 120 180
312 312-311-300-297-298 495 200 96 416.79403 150 120 180
312 312-311-300-297-298 495 200 96 444.3114 150 120 180
312 312-311-300-297-298 495 200 96 473.64551 150 120 180
312 312-311-300-297-298 495 200 96 504.9163 150 120 180
312 312-311-300-297-298 495 200 96 538.25163 150 120 180
312 312-311-300-297-298 495 200 96 573.78782 155 124 186
312 312-311-300-297-298 495 200 96 611.65781 171 136 206
312 312-311-300-297-298 495 200 96 651.98513 187 149 225
312 312-311-300-297-298 495 200 96 694.92642 209 167 251
312 312-311-300-297-298 495 200 96 740.63016 257 205 309
312 312-311-300-297-298 495 200 96 789.18683 360 288 432
312 312-311-300-297-298 495 200 96 840.57732 576 460 692
312 312-311-300-297-298 495 200 96 894.53334 1029 823 1235
312 312-311-300-297-298 495 200 96 950.20987 1440 1152 1728
312 312-311-300-297-298 495 200 96 1007.67202 4800 3839 5761
312 312-311-300-297-298 495 200 96 1054.0466 3600 2879 4321
312 312-311-300-297-298 495 200 96 1107.99566 14400 11519 17281
312 312-311-300-297-298 495 200 384 1107.99566 19200 17279 21121
312 312-311-300-297-298 495 200 384 1099.17935 19200 17279 21121
312 312-311-300-297-298 495 200 384 1090.43319 28800 25919 31681
312 312-311-300-297-298 495 200 384 1059.24445 7200 6479 7921
312 312-311-300-297-298 495 200 384 1078.1514 19200 17279 21121
312 312-311-300-297-298 495 200 384 1069.57256 8229 7405 9053
312 312-311-300-297-298 495 200 384 1086.29699 14400 12959 15841
312 312-311-300-297-298 495 200 1537 1086.29699 12134 11527 12741
312 312-311-300-297-298 495 200 1537 1090.22869 11528 10951 12105
312 312-311-300-297-298 495 200 1537 1094.88502 12134 11527 12741
312 312-311-300-297-298 495 200 1537 1098.8478 12134 11527 12741
312 312-311-300-297-298 495 200 1537 1102.82492 14409 13688 15130
312 312-311-300-297-298 495 200 1537 1104.11866 19212 18251 20173
312 312-311-300-297-298 495 200 1537 1099.71168 23055 21902 24208
312 312-311-300-297-298 495 200 1537 1090.778 13562 12884 14240
312 312-311-300-297-298 495 200 1537 1093.05104 13562 12884 14240
312 312-311-300-297-298 495 200 1537 1095.32882 12808 12167 13449
312 312-311-300-297-298 495 200 1537 1098.49939 10024 9522 10526
312 312-311-300-297-298 495 200 1537 1104.96754 20959 19911 22007
312 312-311-300-297-298 495 200 1537 1098.4815 13562 12884 14240
312 312-311-300-297-298 495 200 1537 1100.77059 13562 12884 14240
312 312-311-300-297-298 495 200 1537 1103.06446 16468 15644 17292
312 312-311-300-297-298 495 200 1537 1101.91632 19212 18251 20173
312 312-311-300-297-298 495 200 1537 1097.51813 15370 14601 16139
