data_dim axes n_training window_size n_sim threshold arl_est arl_lower arl_upper
312 312-311-298-300-297-250-254-236-294-239-299-249-292-285 495 200 96 25.8 150 120 180
312 312-311-298-300-297-250-254-236-294-239-299-249-292-285 495 200 96 27.50335 150 120 180
312 312-311-298-300-297-250-254-236-294-239-299-249-292-285 495 200 96 29.31917 150 120 180
312 312-311-298-300-297-250-254-236-294-239-299-249-292-285 495 200 96 31.25486 150 120 180
312 312-311-298-300-297-250-254-236-294-239-299-249-292-285 495 200 96 33.31836 150 120 180
312 312-311-298-300-297-250-254-236-294-239-299-249-292-285 495 200 96 35.51808 150 120 180
312 312-311-298-300-297-250-254-236-294-239-299-249-292-285 495 200 96 37.86304 150 120 180
312 312-311-298-300-297-250-254-236-294-239-299-249-292-285 495 200 96 40.36282 150 120 180
312 312-311-298-300-297-250-254-236-294-239-299-249-292-285 495 200 96 43.02763 150 120 180
312 312-311-298-300-297-250-254-236-294-239-299-249-292-285 495 200 96 45.86838 150 120 180
312 312-311-298-300-297-250-254-236-294-239-299-249-292-285 495 200 96 48.89668 150 120 180
312 312-311-298-300-297-250-254-236-294-239-299-249-292-285 495 200 96 52.12491 150 120 180
312 312-311-298-300-297-250-254-236-294-239-299-249-292-285 495 200 96 55.56628 150 120 180
312 312-311-298-300-297-250-254-236-294-239-299-249-292-285 495 200 96 59.23485 150 120 180
312 312-311-298-300-297-250-254-236-294-239-299-249-292-285 495 200 96 63.14562 150 120 180
312 312-311-298-300-297-250-254-236-294-239-299-249-292-285 495 200 96 67.31459 150 120 180
312 312-311-298-300-297-250-254-236-294-239-299-249-292-285 495 200 96 71.7588 150 120 180
312 312-311-298-300-297-250-254-236-294-239-299-249-292-285 495 200 96 76.49642 150 120 180
312 312-311-298-300-297-250-254-236-294-239-299-249-292-285 495 200 96 81.54683 150 120 180
312 312-311-298-300-297-250-254-236-294-239-299-249-292-285 495 200 96 86.93068 150 120 180
312 312-311-298-300-297-250-254-236-294-239-299-249-292-285 495 200 96 92.66997 150 120 180
312 312-311-298-300-297-250-254-236-294-239-299-249-292-285 495 200 96 98.78818 150 120 180
312 312-311-298-300-297-250-254-236-294-239-299-249-292-285 495 200 96 105.31033 150 120 180
312 312-311-298-300-297-250-254-236-294-239-299-249-292-285 495 200 96 112.26307 150 120 180
312 312-311-298-300-297-250-254-236-294-239-299-249-292-285 495 200 96 119.67485 150 120 180
312 312-311-298-300-297-250-254-236-294-239-299-249-292-285 495 200 96 127.57596 150 120 180
312 312-311-298-300-297-250-254-236-294-239-299-249-292-285 495 200 96 135.99872 150 120 180
312 312-311-298-300-297-250-254-236-294-239-299-249-292-285 495 200 96 144.97756 150 120 180
312 312-311-298-300-297-250-254-236-294-239-299-249-292-285 495 200 96 154.5492 150 120 180
312 312-311-298-300-297-250-254-236-294-239-299-249-292-285 495 200 96 164.75277 150 120 180
312 312-311-298-300-297-250-254-236-294-239-299-249-292-285 495 200 96 175.62999 150 120 180
312 312-311-298-300-297-250-254-236-294-239-299-249-292-285 495 200 96 187.22535 150 120 180
312 312-311-298-300-297-250-254-236-294-239-299-249-292-285 495 200 96 199.58625 150 120 180
312 312-311-298-300-297-250-254-236-294-239-299-249-292-285 495 200 96 212.76323 150 120 180
312 312-311-298-300-297-250-254-236-294-239-299-249-292-285 495 200 96 226.81018 150 120 180
312 312-311-298-300-297-250-254-236-294-239-299-249-292-285 495 200 96 241.78453 150 120 180
312 312-311-298-300-297-250-254-236-294-239-299-249-292-285 495 200 96 257.74751 150 120 180
312 312-311-298-300-297-250-254-236-294-239-299-249-292-285 495 200 96 274.76439 150 120 180
312 312-311-298-300-297-250-254-236-294-239-299-249-292-285 495 200 96 292.90475 150 120 180
312 312-311-298-300-297-250-254-236-294-239-299-249-292-285 495 200 96 312.24276 150 120 180
312 312-311-298-300-297-250-254-236-294-239-299-249-292-285 495 200 96 332.8575 150 120 180
312 312-311-298-300-297-250-254-236-294-239-299-249-292-285 495 200 96 354.83325 150 120 180
312 312-311-298-300-297-250-254-236-294-239-299-249-292-285 495 200 96 378.25988 150 120 180
312 312-311-298-300-297-250-254-236-294-239-299-249-292-285 495 200 96 403.23316 150 120 180
312 312-311-298-300-297-250-254-236-294-239-299-249-292-285 495 200 96 429.85523 150 120 180
312 312-311-298-300-297-250-254-236-294-239-299-249-292-285 495 200 96 458.23491 150 120 180
312 312-311-298-300-297-250-254-236-294-239-299-249-292-285 495 200 96 488.48827 150 120 180
312 312-311-298-300-297-250-254-236-294-239-299-249-292-285 495 200 96 520.739 150 120 180
312 312-311-298-300-297-250-254-236-294-239-299-249-292-285 495 200 96 555.11898 150 120 180
312 312-311-298-300-297-250-254-236-294-239-299-249-292-285 495 200 96 591.76877 150 120 180
312 312-311-298-300-297-250-254-236-294-239-299-249-292-285 495 200 96 630.83823 150 120 180
312 312-311-298-300-297-250-254-236-294-239-299-249-292-285 495 200 96 672.48712 150 120 180
312 312-311-298-300-297-250-254-236-294-239-299-249-292-285 495 200 96 716.88574 150 120 180
312 312-311-298-300-297-250-254-236-294-239-299-249-292-285 495 200 96 764.21561 150 120 180
312 312-311-298-300-297-250-254-236-294-239-299-249-292-285 495 200 96 814.67028 150 120 180
312 312-311-298-300-297-250-254-236-294-239-299-249-292-285 495 200 96 868.45603 150 120 180
312 312-311-298-300-297-250-254-236-294-239-299-249-292-285 495 200 96 925.79281 150 120 180
312 312-311-298-300-297-250-254-236-294-239-299-249-292-285 495 200 96 986.91504 150 120 180
312 312-311-298-300-297-250-254-236-294-239-299-249-292-285 495 200 96 1052.07266 150 120 180
312 312-311-298-300-297-250-254-236-294-239-299-249-292-285 495 200 96 1121.53208 150 120 180
312 312-311-298-300-297-250-254-236-294-239-299-249-292-285 495 200 96 1195.57732 152 121 183
312 312-311-298-300-297-250-254-236-294-239-299-249-292-285 495 200 96 1274.50085 153 122 184
312 312-311-298-300-297-250-254-236-294-239-299-249-292-285 495 200 96 1358.62887 164 131 197
312 312-311-298-300-297-250-254-236-294-239-299-249-292-285 495 200 96 1448.24578 173 138 208
312 312-311-298-300-297-250-254-236-294-239-299-249-292-285 495 200 96 1543.71788 180 144 216
312 312-311-298-300-297-250-254-236-294-239-299-249-292-285 495 200 96 1645.43727 222 177 267
312 312-311-298-300-297-250-254-236-294-239-299-249-292-285 495 200 96 1753.56196 379 303 455
312 312-311-298-300-297-250-254-236-294-239-299-249-292-285 495 200 96 1867.60759 450 360 540
312 312-311-298-300-297-250-254-236-294-239-299-249-292-285 495 200 96 1988.50004 800 640 960
312 312-311-298-300-297-250-254-236-294-239-299-249-292-285 495 200 96 2114.22456 2400 1920 2880
312 312-311-298-300-297-250-254-236-294-239-299-249-292-285 495 200 96 2233.34861 2057 1645 2469
312 312-311-298-300-297-250-254-236-294-239-299-249-292-285 495 200 96 2362.47939 14400 11519 17281
312 312-311-298-300-297-250-254-236-294-239-299-249-292-285 495 200 384 2362.47939 5760 5183 6337
312 312-311-298-300-297-250-254-236-294-239-299-249-292-285 495 200 384 2411.96444 6400 5759 7041
312 312-311-298-300-297-250-254-236-294-239-299-249-292-285 495 200 384 2459.16632 14400 12959 15841
312 312-311-298-300-297-250-254-236-294-239-299-249-292-285 495 200 1537 2459.16632 16468 15644 17292
312 312-311-298-300-297-250-254-236-294-239-299-249-292-285 495 200 1537 2456.60668 17735 16848 18622
312 312-311-298-300-297-250-254-236-294-239-299-249-292-285 495 200 1537 2450.7029 25617 24336 26898
312 312-311-298-300-297-250-254-236-294-239-299-249-292-285 495 200 1537 2424.04294 12134 11527 12741
312 312-311-298-300-297-250-254-236-294-239-299-249-292-285 495 200 1537 2432.81641 17735 16848 18622
312 312-311-298-300-297-250-254-236-294-239-299-249-292-285 495 200 1537 2426.9698 15370 14601 16139
