data_dim axes n_training window_size n_sim threshold arl_est arl_lower arl_upper
208 207-204-200-197-208-187-194-181-171-175-188-189-199-162-64-146-101-110-42-196-84-123-127-143-183-14-53-82-91-112-126-195-8-29-56-103-121-134-48-128 497 200 96 57 154 123 185
208 207-204-200-197-208-187-194-181-171-175-188-189-199-162-64-146-101-110-42-196-84-123-127-143-183-14-53-82-91-112-126-195-8-29-56-103-121-134-48-128 497 200 96 60.76273 154 123 185
208 207-204-200-197-208-187-194-181-171-175-188-189-199-162-64-146-101-110-42-196-84-123-127-143-183-14-53-82-91-112-126-195-8-29-56-103-121-134-48-128 497 200 96 64.77384 154 123 185
208 207-204-200-197-208-187-194-181-171-175-188-189-199-162-64-146-101-110-42-196-84-123-127-143-183-14-53-82-91-112-126-195-8-29-56-103-121-134-48-128 497 200 96 69.04974 154 123 185
208 207-204-200-197-208-187-194-181-171-175-188-189-199-162-64-146-101-110-42-196-84-123-127-143-183-14-53-82-91-112-126-195-8-29-56-103-121-134-48-128 497 200 96 73.6079 154 123 185
208 207-204-200-197-208-187-194-181-171-175-188-189-199-162-64-146-101-110-42-196-84-123-127-143-183-14-53-82-91-112-126-195-8-29-56-103-121-134-48-128 497 200 96 78.46696 154 123 185
208 207-204-200-197-208-187-194-181-171-175-188-189-199-162-64-146-101-110-42-196-84-123-127-143-183-14-53-82-91-112-126-195-8-29-56-103-121-134-48-128 497 200 96 83.64678 154 123 185
208 207-204-200-197-208-187-194-181-171-175-188-189-199-162-64-146-101-110-42-196-84-123-127-143-183-14-53-82-91-112-126-195-8-29-56-103-121-134-48-128 497 200 96 89.16853 154 123 185
208 207-204-200-197-208-187-194-181-171-175-188-189-199-162-64-146-101-110-42-196-84-123-127-143-183-14-53-82-91-112-126-195-8-29-56-103-121-134-48-128 497 200 96 95.05479 154 123 185
208 207-204-200-197-208-187-194-181-171-175-188-189-199-162-64-146-101-110-42-196-84-123-127-143-183-14-53-82-91-112-126-195-8-29-56-103-121-134-48-128 497 200 96 101.32962 154 123 185
208 207-204-200-197-208-187-194-181-171-175-188-189-199-162-64-146-101-110-42-196-84-123-127-143-183-14-53-82-91-112-126-195-8-29-56-103-121-134-48-128 497 200 96 108.01866 154 123 185
208 207-204-200-197-208-187-194-181-171-175-188-189-199-162-64-146-101-110-42-196-84-123-127-143-183-14-53-82-91-112-126-195-8-29-56-103-121-134-48-128 497 200 96 115.14927 154 123 185
208 207-204-200-197-208-187-194-181-171-175-188-189-199-162-64-146-101-110-42-196-84-123-127-143-183-14-53-82-91-112-126-195-8-29-56-103-121-134-48-128 497 200 96 122.75059 154 123 185
208 207-204-200-197-208-187-194-181-171-175-188-189-199-162-64-146-101-110-42-196-84-123-127-143-183-14-53-82-91-112-126-195-8-29-56-103-121-134-48-128 497 200 96 130.85369 154 123 185
208 207-204-200-197-208-187-194-181-171-175-188-189-199-162-64-146-101-110-42-196-84-123-127-143-183-14-53-82-91-112-126-195-8-29-56-103-121-134-48-128 497 200 96 139.4917 154 123 185
208 207-204-200-197-208-187-194-181-171-175-188-189-199-162-64-146-101-110-42-196-84-123-127-143-183-14-53-82-91-112-126-195-8-29-56-103-121-134-48-128 497 200 96 148.69993 154 123 185
208 207-204-200-197-208-187-194-181-171-175-188-189-199-162-64-146-101-110-42-196-84-123-127-143-183-14-53-82-91-112-126-195-8-29-56-103-121-134-48-128 497 200 96 158.51602 154 123 185
208 207-204-200-197-208-187-194-181-171-175-188-189-199-162-64-146-101-110-42-196-84-123-127-143-183-14-53-82-91-112-126-195-8-29-56-103-121-134-48-128 497 200 96 168.9801 154 123 185
208 207-204-200-197-208-187-194-181-171-175-188-189-199-162-64-146-101-110-42-196-84-123-127-143-183-14-53-82-91-112-126-195-8-29-56-103-121-134-48-128 497 200 96 180.13494 154 123 185
208 207-204-200-197-208-187-194-181-171-175-188-189-199-162-64-146-101-110-42-196-84-123-127-143-183-14-53-82-91-112-126-195-8-29-56-103-121-134-48-128 497 200 96 192.02614 154 123 185
208 207-204-200-197-208-187-194-181-171-175-188-189-199-162-64-146-101-110-42-196-84-123-127-143-183-14-53-82-91-112-126-195-8-29-56-103-121-134-48-128 497 200 96 204.70231 154 123 185
208 207-204-200-197-208-187-194-181-171-175-188-189-199-162-64-146-101-110-42-196-84-123-127-143-183-14-53-82-91-112-126-195-8-29-56-103-121-134-48-128 497 200 96 218.21527 154 123 185
208 207-204-200-197-208-187-194-181-171-175-188-189-199-162-64-146-101-110-42-196-84-123-127-143-183-14-53-82-91-112-126-195-8-29-56-103-121-134-48-128 497 200 96 232.62026 154 123 185
208 207-204-200-197-208-187-194-181-171-175-188-189-199-162-64-146-101-110-42-196-84-123-127-143-183-14-53-82-91-112-126-195-8-29-56-103-121-134-48-128 497 200 96 247.97616 154 123 185
208 207-204-200-197-208-187-194-181-171-175-188-189-199-162-64-146-101-110-42-196-84-123-127-143-183-14-53-82-91-112-126-195-8-29-56-103-121-134-48-128 497 200 96 264.34575 154 123 185
208 207-204-200-197-208-187-194-181-171-175-188-189-199-162-64-146-101-110-42-196-84-123-127-143-183-14-53-82-91-112-126-195-8-29-56-103-121-134-48-128 497 200 96 281.79593 154 123 185
208 207-204-200-197-208-187-194-181-171-175-188-189-199-162-64-146-101-110-42-196-84-123-127-143-183-14-53-82-91-112-126-195-8-29-56-103-121-134-48-128 497 200 96 300.39805 154 123 185
208 207-204-200-197-208-187-194-181-171-175-188-189-199-162-64-146-101-110-42-196-84-123-127-143-183-14-53-82-91-112-126-195-8-29-56-103-121-134-48-128 497 200 96 320.22815 154 123 185
208 207-204-200-197-208-187-194-181-171-175-188-189-199-162-64-146-101-110-42-196-84-123-127-143-183-14-53-82-91-112-126-195-8-29-56-103-121-134-48-128 497 200 96 341.36729 154 123 185
208 207-204-200-197-208-187-194-181-171-175-188-189-199-162-64-146-101-110-42-196-84-123-127-143-183-14-53-82-91-112-126-195-8-29-56-103-121-134-48-128 497 200 96 363.90188 154 123 185
208 207-204-200-197-208-187-194-181-171-175-188-189-199-162-64-146-101-110-42-196-84-123-127-143-183-14-53-82-91-112-126-195-8-29-56-103-121-134-48-128 497 200 96 387.92404 154 123 185
208 207-204-200-197-208-187-194-181-171-175-188-189-199-162-64-146-101-110-42-196-84-123-127-143-183-14-53-82-91-112-126-195-8-29-56-103-121-134-48-128 497 200 96 413.53197 154 123 185
208 207-204-200-197-208-187-194-181-171-175-188-189-199-162-64-146-101-110-42-196-84-123-127-143-183-14-53-82-91-112-126-195-8-29-56-103-121-134-48-128 497 200 96 440.83034 154 123 185
208 207-204-200-197-208-187-194-181-171-175-188-189-199-162-64-146-101-110-42-196-84-123-127-143-183-14-53-82-91-112-126-195-8-29-56-103-121-134-48-128 497 200 96 469.93076 156 124 188
208 207-204-200-197-208-187-194-181-171-175-188-189-199-162-64-146-101-110-42-196-84-123-127-143-183-14-53-82-91-112-126-195-8-29-56-103-121-134-48-128 497 200 96 500.94819 154 123 185
208 207-204-200-197-208-187-194-181-171-175-188-189-199-162-64-146-101-110-42-196-84-123-127-143-183-14-53-82-91-112-126-195-8-29-56-103-121-134-48-128 497 200 96 534.01715 154 123 185
208 207-204-200-197-208-187-194-181-171-175-188-189-199-162-64-146-101-110-42-196-84-123-127-143-183-14-53-82-91-112-126-195-8-29-56-103-121-134-48-128 497 200 96 569.26908 162 129 195
208 207-204-200-197-208-187-194-181-171-175-188-189-199-162-64-146-101-110-42-196-84-123-127-143-183-14-53-82-91-112-126-195-8-29-56-103-121-134-48-128 497 200 96 606.82876 157 125 189
208 207-204-200-197-208-187-194-181-171-175-188-189-199-162-64-146-101-110-42-196-84-123-127-143-183-14-53-82-91-112-126-195-8-29-56-103-121-134-48-128 497 200 96 646.87946 168 134 202
208 207-204-200-197-208-187-194-181-171-175-188-189-199-162-64-146-101-110-42-196-84-123-127-143-183-14-53-82-91-112-126-195-8-29-56-103-121-134-48-128 497 200 96 689.54328 176 140 212
208 207-204-200-197-208-187-194-181-171-175-188-189-199-162-64-146-101-110-42-196-84-123-127-143-183-14-53-82-91-112-126-195-8-29-56-103-121-134-48-128 497 200 96 734.99751 208 166 250
208 207-204-200-197-208-187-194-181-171-175-188-189-199-162-64-146-101-110-42-196-84-123-127-143-183-14-53-82-91-112-126-195-8-29-56-103-121-134-48-128 497 200 96 783.34817 255 204 306
208 207-204-200-197-208-187-194-181-171-175-188-189-199-162-64-146-101-110-42-196-84-123-127-143-183-14-53-82-91-112-126-195-8-29-56-103-121-134-48-128 497 200 96 834.72317 329 263 395
208 207-204-200-197-208-187-194-181-171-175-188-189-199-162-64-146-101-110-42-196-84-123-127-143-183-14-53-82-91-112-126-195-8-29-56-103-121-134-48-128 497 200 96 889.20525 422 337 507
208 207-204-200-197-208-187-194-181-171-175-188-189-199-162-64-146-101-110-42-196-84-123-127-143-183-14-53-82-91-112-126-195-8-29-56-103-121-134-48-128 497 200 96 946.89221 510 408 612
208 207-204-200-197-208-187-194-181-171-175-188-189-199-162-64-146-101-110-42-196-84-123-127-143-183-14-53-82-91-112-126-195-8-29-56-103-121-134-48-128 497 200 96 1007.96776 1344 1075 1613
208 207-204-200-197-208-187-194-181-171-175-188-189-199-162-64-146-101-110-42-196-84-123-127-143-183-14-53-82-91-112-126-195-8-29-56-103-121-134-48-128 497 200 96 1069.41313 3696 2956 4436
208 207-204-200-197-208-187-194-181-171-175-188-189-199-162-64-146-101-110-42-196-84-123-127-143-183-14-53-82-91-112-126-195-8-29-56-103-121-134-48-128 497 200 96 1123.92369 7392 5913 8871
208 207-204-200-197-208-187-194-181-171-175-188-189-199-162-64-146-101-110-42-196-84-123-127-143-183-14-53-82-91-112-126-195-8-29-56-103-121-134-48-128 497 200 96 1163.57362 3696 2956 4436
208 207-204-200-197-208-187-194-181-171-175-188-189-199-162-64-146-101-110-42-196-84-123-127-143-183-14-53-82-91-112-126-195-8-29-56-103-121-134-48-128 497 200 96 1222.88375 7392 5913 8871
208 207-204-200-197-208-187-194-181-171-175-188-189-199-162-64-146-101-110-42-196-84-123-127-143-183-14-53-82-91-112-126-195-8-29-56-103-121-134-48-128 497 200 96 1266.02481 14784 11826 17742
208 207-204-200-197-208-187-194-181-171-175-188-189-199-162-64-146-101-110-42-196-84-123-127-143-183-14-53-82-91-112-126-195-8-29-56-103-121-134-48-128 497 200 384 1266.02481 19712 17740 21684
208 207-204-200-197-208-187-194-181-171-175-188-189-199-162-64-146-101-110-42-196-84-123-127-143-183-14-53-82-91-112-126-195-8-29-56-103-121-134-48-128 497 200 384 1255.24075 14784 13305 16263
208 207-204-200-197-208-187-194-181-171-175-188-189-199-162-64-146-101-110-42-196-84-123-127-143-183-14-53-82-91-112-126-195-8-29-56-103-121-134-48-128 497 200 1537 1255.24075 16907 16061 17753
208 207-204-200-197-208-187-194-181-171-175-188-189-199-162-64-146-101-110-42-196-84-123-127-143-183-14-53-82-91-112-126-195-8-29-56-103-121-134-48-128 497 200 1537 1253.63239 15780 14991 16569
