data_dim axes n_training window_size n_sim threshold arl_est arl_lower arl_upper
312 312-311-298-300-297-250-254-236-294-239-299-249-292-285-258-287-289-270-273-242-288-261 495 200 96 35.4 150 120 180
312 312-311-298-300-297-250-254-236-294-239-299-249-292-285-258-287-289-270-273-242-288-261 495 200 96 37.73716 150 120 180
312 312-311-298-300-297-250-254-236-294-239-299-249-292-285-258-287-289-270-273-242-288-261 495 200 96 40.22863 150 120 180
312 312-311-298-300-297-250-254-236-294-239-299-249-292-285-258-287-289-270-273-242-288-261 495 200 96 42.88458 150 120 180
312 312-311-298-300-297-250-254-236-294-239-299-249-292-285-258-287-289-270-273-242-288-261 495 200 96 45.71588 150 120 180
312 312-311-298-300-297-250-254-236-294-239-299-249-292-285-258-287-289-270-273-242-288-261 495 200 96 48.73412 150 120 180
312 312-311-298-300-297-250-254-236-294-239-299-249-292-285-258-287-289-270-273-242-288-261 495 200 96 51.95162 150 120 180
312 312-311-298-300-297-250-254-236-294-239-299-249-292-285-258-287-289-270-273-242-288-261 495 200 96 55.38154 150 120 180
312 312-311-298-300-297-250-254-236-294-239-299-249-292-285-258-287-289-270-273-242-288-261 495 200 96 59.03791 150 120 180
312 312-311-298-300-297-250-254-236-294-239-299-249-292-285-258-287-289-270-273-242-288-261 495 200 96 62.93568 150 120 180
312 312-311-298-300-297-250-254-236-294-239-299-249-292-285-258-287-289-270-273-242-288-261 495 200 96 67.09079 150 120 180
312 312-311-298-300-297-250-254-236-294-239-299-249-292-285-258-287-289-270-273-242-288-261 495 200 96 71.52023 150 120 180
312 312-311-298-300-297-250-254-236-294-239-299-249-292-285-258-287-289-270-273-242-288-261 495 200 96 76.2421 150 120 180
312 312-311-298-300-297-250-254-236-294-239-299-249-292-285-258-287-289-270-273-242-288-261 495 200 96 81.27572 150 120 180
312 312-311-298-300-297-250-254-236-294-239-299-249-292-285-258-287-289-270-273-242-288-261 495 200 96 86.64166 150 120 180
312 312-311-298-300-297-250-254-236-294-239-299-249-292-285-258-287-289-270-273-242-288-261 495 200 96 92.36188 150 120 180
312 312-311-298-300-297-250-254-236-294-239-299-249-292-285-258-287-289-270-273-242-288-261 495 200 96 98.45975 150 120 180
312 312-311-298-300-297-250-254-236-294-239-299-249-292-285-258-287-289-270-273-242-288-261 495 200 96 104.96021 150 120 180
312 312-311-298-300-297-250-254-236-294-239-299-249-292-285-258-287-289-270-273-242-288-261 495 200 96 111.88984 150 120 180
312 312-311-298-300-297-250-254-236-294-239-299-249-292-285-258-287-289-270-273-242-288-261 495 200 96 119.27697 150 120 180
312 312-311-298-300-297-250-254-236-294-239-299-249-292-285-258-287-289-270-273-242-288-261 495 200 96 127.15182 150 120 180
312 312-311-298-300-297-250-254-236-294-239-299-249-292-285-258-287-289-270-273-242-288-261 495 200 96 135.54658 150 120 180
312 312-311-298-300-297-250-254-236-294-239-299-249-292-285-258-287-289-270-273-242-288-261 495 200 96 144.49556 150 120 180
312 312-311-298-300-297-250-254-236-294-239-299-249-292-285-258-287-289-270-273-242-288-261 495 200 96 154.03538 150 120 180
312 312-311-298-300-297-250-254-236-294-239-299-249-292-285-258-287-289-270-273-242-288-261 495 200 96 164.20503 150 120 180
312 312-311-298-300-297-250-254-236-294-239-299-249-292-285-258-287-289-270-273-242-288-261 495 200 96 175.04609 150 120 180
312 312-311-298-300-297-250-254-236-294-239-299-249-292-285-258-287-289-270-273-242-288-261 495 200 96 186.6029 150 120 180
312 312-311-298-300-297-250-254-236-294-239-299-249-292-285-258-287-289-270-273-242-288-261 495 200 96 198.9227 150 120 180
312 312-311-298-300-297-250-254-236-294-239-299-249-292-285-258-287-289-270-273-242-288-261 495 200 96 212.05588 150 120 180
312 312-311-298-300-297-250-254-236-294-239-299-249-292-285-258-287-289-270-273-242-288-261 495 200 96 226.05612 150 120 180
312 312-311-298-300-297-250-254-236-294-239-299-249-292-285-258-287-289-270-273-242-288-261 495 200 96 240.98069 150 120 180
312 312-311-298-300-297-250-254-236-294-239-299-249-292-285-258-287-289-270-273-242-288-261 495 200 96 256.8906 150 120 180
312 312-311-298-300-297-250-254-236-294-239-299-249-292-285-258-287-289-270-273-242-288-261 495 200 96 273.8509 150 120 180
312 312-311-298-300-297-250-254-236-294-239-299-249-292-285-258-287-289-270-273-242-288-261 495 200 96 291.93095 150 120 180
312 312-311-298-300-297-250-254-236-294-239-299-249-292-285-258-287-289-270-273-242-288-261 495 200 96 311.20467 150 120 180
312 312-311-298-300-297-250-254-236-294-239-299-249-292-285-258-287-289-270-273-242-288-261 495 200 96 331.75087 150 120 180
312 312-311-298-300-297-250-254-236-294-239-299-249-292-285-258-287-289-270-273-242-288-261 495 200 96 353.65356 150 120 180
312 312-311-298-300-297-250-254-236-294-239-299-249-292-285-258-287-289-270-273-242-288-261 495 200 96 377.0023 150 120 180
312 312-311-298-300-297-250-254-236-294-239-299-249-292-285-258-287-289-270-273-242-288-261 495 200 96 401.89256 150 120 180
312 312-311-298-300-297-250-254-236-294-239-299-249-292-285-258-287-289-270-273-242-288-261 495 200 96 428.42612 150 120 180
312 312-311-298-300-297-250-254-236-294-239-299-249-292-285-258-287-289-270-273-242-288-261 495 200 96 456.71145 150 120 180
312 312-311-298-300-297-250-254-236-294-239-299-249-292-285-258-287-289-270-273-242-288-261 495 200 96 486.86423 150 120 180
312 312-311-298-300-297-250-254-236-294-239-299-249-292-285-258-287-289-270-273-242-288-261 495 200 96 519.00774 150 120 180
312 312-311-298-300-297-250-254-236-294-239-299-249-292-285-258-287-289-270-273-242-288-261 495 200 96 553.27341 150 120 180
312 312-311-298-300-297-250-254-236-294-239-299-249-292-285-258-287-289-270-273-242-288-261 495 200 96 589.80136 150 120 180
312 312-311-298-300-297-250-254-236-294-239-299-249-292-285-258-287-289-270-273-242-288-261 495 200 96 628.74093 150 120 180
312 312-311-298-300-297-250-254-236-294-239-299-249-292-285-258-287-289-270-273-242-288-261 495 200 96 670.25135 150 120 180
312 312-311-298-300-297-250-254-236-294-239-299-249-292-285-258-287-289-270-273-242-288-261 495 200 96 714.50236 150 120 180
312 312-311-298-300-297-250-254-236-294-239-299-249-292-285-258-287-289-270-273-242-288-261 495 200 96 761.67488 150 120 180
312 312-311-298-300-297-250-254-236-294-239-299-249-292-285-258-287-289-270-273-242-288-261 495 200 96 811.9618 150 120 180
312 312-311-298-300-297-250-254-236-294-239-299-249-292-285-258-287-289-270-273-242-288-261 495 200 96 865.56874 150 120 180
312 312-311-298-300-297-250-254-236-294-239-299-249-292-285-258-287-289-270-273-242-288-261 495 200 96 922.71489 150 120 180
312 312-311-298-300-297-250-254-236-294-239-299-249-292-285-258-287-289-270-273-242-288-261 495 200 96 983.63392 150 120 180
312 312-311-298-300-297-250-254-236-294-239-299-249-292-285-258-287-289-270-273-242-288-261 495 200 96 1048.57491 150 120 180
312 312-311-298-300-297-250-254-236-294-239-299-249-292-285-258-287-289-270-273-242-288-261 495 200 96 1117.8034 150 120 180
312 312-311-298-300-297-250-254-236-294-239-299-249-292-285-258-287-289-270-273-242-288-261 495 200 96 1191.60246 150 120 180
312 312-311-298-300-297-250-254-236-294-239-299-249-292-285-258-287-289-270-273-242-288-261 495 200 96 1270.27385 150 120 180
312 312-311-298-300-297-250-254-236-294-239-299-249-292-285-258-287-289-270-273-242-288-261 495 200 96 1354.13925 150 120 180
312 312-311-298-300-297-250-254-236-294-239-299-249-292-285-258-287-289-270-273-242-288-261 495 200 96 1443.54156 150 120 180
312 312-311-298-300-297-250-254-236-294-239-299-249-292-285-258-287-289-270-273-242-288-261 495 200 96 1538.84634 150 120 180
312 312-311-298-300-297-250-254-236-294-239-299-249-292-285-258-287-289-270-273-242-288-261 495 200 96 1640.4433 150 120 180
312 312-311-298-300-297-250-254-236-294-239-299-249-292-285-258-287-289-270-273-242-288-261 495 200 96 1748.74783 150 120 180
312 312-311-298-300-297-250-254-236-294-239-299-249-292-285-258-287-289-270-273-242-288-261 495 200 96 1864.2028 153 122 184
312 312-311-298-300-297-250-254-236-294-239-299-249-292-285-258-287-289-270-273-242-288-261 495 200 96 1987.25622 158 126 190
312 312-311-298-300-297-250-254-236-294-239-299-249-292-285-258-287-289-270-273-242-288-261 495 200 96 2118.38948 164 131 197
312 312-311-298-300-297-250-254-236-294-239-299-249-292-285-258-287-289-270-273-242-288-261 495 200 96 2258.12119 178 142 214
312 312-311-298-300-297-250-254-236-294-239-299-249-292-285-258-287-289-270-273-242-288-261 495 200 96 2406.9338 240 192 288
312 312-311-298-300-297-250-254-236-294-239-299-249-292-285-258-287-289-270-273-242-288-261 495 200 96 2564.91148 327 261 393
312 312-311-298-300-297-250-254-236-294-239-299-249-292-285-258-287-289-270-273-242-288-261 495 200 96 2732.29815 400 320 480
312 312-311-298-300-297-250-254-236-294-239-299-249-292-285-258-287-289-270-273-242-288-261 495 200 96 2909.75064 758 606 910
312 312-311-298-300-297-250-254-236-294-239-299-249-292-285-258-287-289-270-273-242-288-261 495 200 96 3094.2476 1800 1440 2160
312 312-311-298-300-297-250-254-236-294-239-299-249-292-285-258-287-289-270-273-242-288-261 495 200 96 3276.57531 3600 2879 4321
312 312-311-298-300-297-250-254-236-294-239-299-249-292-285-258-287-289-270-273-242-288-261 495 200 96 3444.27959 14400 11519 17281
312 312-311-298-300-297-250-254-236-294-239-299-249-292-285-258-287-289-270-273-242-288-261 495 200 384 3444.27959 6400 5759 7041
312 312-311-298-300-297-250-254-236-294-239-299-249-292-285-258-287-289-270-273-242-288-261 495 200 384 3511.68377 19200 17279 21121
312 312-311-298-300-297-250-254-236-294-239-299-249-292-285-258-287-289-270-273-242-288-261 495 200 384 3483.74134 14400 12959 15841
312 312-311-298-300-297-250-254-236-294-239-299-249-292-285-258-287-289-270-273-242-288-261 495 200 1537 3483.74134 13562 12884 14240
312 312-311-298-300-297-250-254-236-294-239-299-249-292-285-258-287-289-270-273-242-288-261 495 200 1537 3491.00101 13562 12884 14240
312 312-311-298-300-297-250-254-236-294-239-299-249-292-285-258-287-289-270-273-242-288-261 495 200 1537 3498.27581 12134 11527 12741
312 312-311-298-300-297-250-254-236-294-239-299-249-292-285-258-287-289-270-273-242-288-261 495 200 1537 3510.93731 16468 15644 17292
312 312-311-298-300-297-250-254-236-294-239-299-249-292-285-258-287-289-270-273-242-288-261 495 200 1537 3507.28291 10979 10430 11528
312 312-311-298-300-297-250-254-236-294-239-299-249-292-285-258-287-289-270-273-242-288-261 495 200 1537 3524.33283 10480 9956 11004
312 312-311-298-300-297-250-254-236-294-239-299-249-292-285-258-287-289-270-273-242-288-261 495 200 1537 3543.35665 10480 9956 11004
312 312-311-298-300-297-250-254-236-294-239-299-249-292-285-258-287-289-270-273-242-288-261 495 200 1537 3562.48316 17735 16848 18622
312 312-311-298-300-297-250-254-236-294-239-299-249-292-285-258-287-289-270-273-242-288-261 495 200 1537 3553.92171 12808 12167 13449
312 312-311-298-300-297-250-254-236-294-239-299-249-292-285-258-287-289-270-273-242-288-261 495 200 1537 3564.20897 12134 11527 12741
312 312-311-298-300-297-250-254-236-294-239-299-249-292-285-258-287-289-270-273-242-288-261 495 200 1537 3577.10911 17735 16848 18622
312 312-311-298-300-297-250-254-236-294-239-299-249-292-285-258-287-289-270-273-242-288-261 495 200 1537 3568.51251 25617 24336 26898
312 312-311-298-300-297-250-254-236-294-239-299-249-292-285-258-287-289-270-273-242-288-261 495 200 1537 3529.69246 19212 18251 20173
312 312-311-298-300-297-250-254-236-294-239-299-249-292-285-258-287-289-270-273-242-288-261 495 200 1537 3515.60406 12134 11527 12741
