data_dim axes n_training window_size n_sim threshold arl_est arl_lower arl_upper
208 207-204-200-208-197-175-171-181-196-172-187-201-170-186-194-188-202-206-199-162-174-193-205 497 200 96 36.6 154 123 185
208 207-204-200-208-197-175-171-181-196-172-187-201-170-186-194-188-202-206-199-162-174-193-205 497 200 96 39.01607 154 123 185
208 207-204-200-208-197-175-171-181-196-172-187-201-170-186-194-188-202-206-199-162-174-193-205 497 200 96 41.59162 154 123 185
208 207-204-200-208-197-175-171-181-196-172-187-201-170-186-194-188-202-206-199-162-174-193-205 497 200 96 44.3372 154 123 185
208 207-204-200-208-197-175-171-181-196-172-187-201-170-186-194-188-202-206-199-162-174-193-205 497 200 96 47.26402 154 123 185
208 207-204-200-208-197-175-171-181-196-172-187-201-170-186-194-188-202-206-199-162-174-193-205 497 200 96 50.38405 154 123 185
208 207-204-200-208-197-175-171-181-196-172-187-201-170-186-194-188-202-206-199-162-174-193-205 497 200 96 53.71004 154 123 185
208 207-204-200-208-197-175-171-181-196-172-187-201-170-186-194-188-202-206-199-162-174-193-205 497 200 96 57.25558 154 123 185
208 207-204-200-208-197-175-171-181-196-172-187-201-170-186-194-188-202-206-199-162-174-193-205 497 200 96 61.03518 154 123 185
208 207-204-200-208-197-175-171-181-196-172-187-201-170-186-194-188-202-206-199-162-174-193-205 497 200 96 65.06428 154 123 185
208 207-204-200-208-197-175-171-181-196-172-187-201-170-186-194-188-202-206-199-162-174-193-205 497 200 96 69.35935 154 123 185
208 207-204-200-208-197-175-171-181-196-172-187-201-170-186-194-188-202-206-199-162-174-193-205 497 200 96 73.93795 154 123 185
208 207-204-200-208-197-175-171-181-196-172-187-201-170-186-194-188-202-206-199-162-174-193-205 497 200 96 78.8188 154 123 185
208 207-204-200-208-197-175-171-181-196-172-187-201-170-186-194-188-202-206-199-162-174-193-205 497 200 96 84.02185 154 123 185
208 207-204-200-208-197-175-171-181-196-172-187-201-170-186-194-188-202-206-199-162-174-193-205 497 200 96 89.56836 154 123 185
208 207-204-200-208-197-175-171-181-196-172-187-201-170-186-194-188-202-206-199-162-174-193-205 497 200 96 95.48101 154 123 185
208 207-204-200-208-197-175-171-181-196-172-187-201-170-186-194-188-202-206-199-162-174-193-205 497 200 96 101.78397 154 123 185
208 207-204-200-208-197-175-171-181-196-172-187-201-170-186-194-188-202-206-199-162-174-193-205 497 200 96 108.50301 154 123 185
208 207-204-200-208-197-175-171-181-196-172-187-201-170-186-194-188-202-206-199-162-174-193-205 497 200 96 115.66559 154 123 185
208 207-204-200-208-197-175-171-181-196-172-187-201-170-186-194-188-202-206-199-162-174-193-205 497 200 96 123.301 154 123 185
208 207-204-200-208-197-175-171-181-196-172-187-201-170-186-194-188-202-206-199-162-174-193-205 497 200 96 131.44043 154 123 185
208 207-204-200-208-197-175-171-181-196-172-187-201-170-186-194-188-202-206-199-162-174-193-205 497 200 96 140.11717 154 123 185
208 207-204-200-208-197-175-171-181-196-172-187-201-170-186-194-188-202-206-199-162-174-193-205 497 200 96 149.36669 154 123 185
208 207-204-200-208-197-175-171-181-196-172-187-201-170-186-194-188-202-206-199-162-174-193-205 497 200 96 159.2268 154 123 185
208 207-204-200-208-197-175-171-181-196-172-187-201-170-186-194-188-202-206-199-162-174-193-205 497 200 96 169.73779 154 123 185
208 207-204-200-208-197-175-171-181-196-172-187-201-170-186-194-188-202-206-199-162-174-193-205 497 200 96 180.94265 154 123 185
208 207-204-200-208-197-175-171-181-196-172-187-201-170-186-194-188-202-206-199-162-174-193-205 497 200 96 192.88717 154 123 185
208 207-204-200-208-197-175-171-181-196-172-187-201-170-186-194-188-202-206-199-162-174-193-205 497 200 96 205.62018 154 123 185
208 207-204-200-208-197-175-171-181-196-172-187-201-170-186-194-188-202-206-199-162-174-193-205 497 200 96 219.19373 154 123 185
208 207-204-200-208-197-175-171-181-196-172-187-201-170-186-194-188-202-206-199-162-174-193-205 497 200 96 233.66331 154 123 185
208 207-204-200-208-197-175-171-181-196-172-187-201-170-186-194-188-202-206-199-162-174-193-205 497 200 96 249.08807 154 123 185
208 207-204-200-208-197-175-171-181-196-172-187-201-170-186-194-188-202-206-199-162-174-193-205 497 200 96 265.53105 154 123 185
208 207-204-200-208-197-175-171-181-196-172-187-201-170-186-194-188-202-206-199-162-174-193-205 497 200 96 283.05948 154 123 185
208 207-204-200-208-197-175-171-181-196-172-187-201-170-186-194-188-202-206-199-162-174-193-205 497 200 96 301.74502 154 123 185
208 207-204-200-208-197-175-171-181-196-172-187-201-170-186-194-188-202-206-199-162-174-193-205 497 200 96 321.66403 154 123 185
208 207-204-200-208-197-175-171-181-196-172-187-201-170-186-194-188-202-206-199-162-174-193-205 497 200 96 342.89795 154 123 185
208 207-204-200-208-197-175-171-181-196-172-187-201-170-186-194-188-202-206-199-162-174-193-205 497 200 96 365.53359 154 123 185
208 207-204-200-208-197-175-171-181-196-172-187-201-170-186-194-188-202-206-199-162-174-193-205 497 200 96 389.66346 154 123 185
208 207-204-200-208-197-175-171-181-196-172-187-201-170-186-194-188-202-206-199-162-174-193-205 497 200 96 415.38621 154 123 185
208 207-204-200-208-197-175-171-181-196-172-187-201-170-186-194-188-202-206-199-162-174-193-205 497 200 96 442.80699 154 123 185
208 207-204-200-208-197-175-171-181-196-172-187-201-170-186-194-188-202-206-199-162-174-193-205 497 200 96 472.0379 154 123 185
208 207-204-200-208-197-175-171-181-196-172-187-201-170-186-194-188-202-206-199-162-174-193-205 497 200 96 503.19841 154 123 185
208 207-204-200-208-197-175-171-181-196-172-187-201-170-186-194-188-202-206-199-162-174-193-205 497 200 96 536.41592 157 125 189
208 207-204-200-208-197-175-171-181-196-172-187-201-170-186-194-188-202-206-199-162-174-193-205 497 200 96 571.81937 168 134 202
208 207-204-200-208-197-175-171-181-196-172-187-201-170-186-194-188-202-206-199-162-174-193-205 497 200 96 609.53274 162 129 195
208 207-204-200-208-197-175-171-181-196-172-187-201-170-186-194-188-202-206-199-162-174-193-205 497 200 96 649.74896 170 136 204
208 207-204-200-208-197-175-171-181-196-172-187-201-170-186-194-188-202-206-199-162-174-193-205 497 200 96 692.59652 178 142 214
208 207-204-200-208-197-175-171-181-196-172-187-201-170-186-194-188-202-206-199-162-174-193-205 497 200 96 738.24613 190 152 228
208 207-204-200-208-197-175-171-181-196-172-187-201-170-186-194-188-202-206-199-162-174-193-205 497 200 96 786.86693 269 215 323
208 207-204-200-208-197-175-171-181-196-172-187-201-170-186-194-188-202-206-199-162-174-193-205 497 200 96 838.42592 361 288 434
208 207-204-200-208-197-175-171-181-196-172-187-201-170-186-194-188-202-206-199-162-174-193-205 497 200 96 893.03575 528 422 634
208 207-204-200-208-197-175-171-181-196-172-187-201-170-186-194-188-202-206-199-162-174-193-205 497 200 96 950.56925 591 472 710
208 207-204-200-208-197-175-171-181-196-172-187-201-170-186-194-188-202-206-199-162-174-193-205 497 200 96 1011.55503 1344 1075 1613
208 207-204-200-208-197-175-171-181-196-172-187-201-170-186-194-188-202-206-199-162-174-193-205 497 200 96 1073.21908 1848 1478 2218
208 207-204-200-208-197-175-171-181-196-172-187-201-170-186-194-188-202-206-199-162-174-193-205 497 200 96 1136.34532 7392 5913 8871
208 207-204-200-208-197-175-171-181-196-172-187-201-170-186-194-188-202-206-199-162-174-193-205 497 200 96 1176.43346 73920 59133 88707
208 207-204-200-208-197-175-171-181-196-172-187-201-170-186-194-188-202-206-199-162-174-193-205 497 200 96 885.59713 510 408 612
208 207-204-200-208-197-175-171-181-196-172-187-201-170-186-194-188-202-206-199-162-174-193-205 497 200 96 942.71909 616 492 740
208 207-204-200-208-197-175-171-181-196-172-187-201-170-186-194-188-202-206-199-162-174-193-205 497 200 96 1003.10114 870 696 1044
208 207-204-200-208-197-175-171-181-196-172-187-201-170-186-194-188-202-206-199-162-174-193-205 497 200 96 1066.26883 1344 1075 1613
208 207-204-200-208-197-175-171-181-196-172-187-201-170-186-194-188-202-206-199-162-174-193-205 497 200 96 1131.26822 7392 5913 8871
208 207-204-200-208-197-175-171-181-196-172-187-201-170-186-194-188-202-206-199-162-174-193-205 497 200 96 1171.17724 73920 59133 88707
208 207-204-200-208-197-175-171-181-196-172-187-201-170-186-194-188-202-206-199-162-174-193-205 497 200 96 881.64035 591 472 710
208 207-204-200-208-197-175-171-181-196-172-187-201-170-186-194-188-202-206-199-162-174-193-205 497 200 96 938.20385 672 537 807
208 207-204-200-208-197-175-171-181-196-172-187-201-170-186-194-188-202-206-199-162-174-193-205 497 200 96 998.0736 778 622 934
208 207-204-200-208-197-175-171-181-196-172-187-201-170-186-194-188-202-206-199-162-174-193-205 497 200 96 1061.3146 3696 2956 4436
208 207-204-200-208-197-175-171-181-196-172-187-201-170-186-194-188-202-206-199-162-174-193-205 497 200 96 1115.41235 7392 5913 8871
208 207-204-200-208-197-175-171-181-196-172-187-201-170-186-194-188-202-206-199-162-174-193-205 497 200 96 1154.76201 14784 11826 17742
208 207-204-200-208-197-175-171-181-196-172-187-201-170-186-194-188-202-206-199-162-174-193-205 497 200 384 1154.76201 11827 10644 13010
208 207-204-200-208-197-175-171-181-196-172-187-201-170-186-194-188-202-206-199-162-174-193-205 497 200 384 1164.25754 5914 5322 6506
208 207-204-200-208-197-175-171-181-196-172-187-201-170-186-194-188-202-206-199-162-174-193-205 497 200 384 1188.4474 6571 5913 7229
208 207-204-200-208-197-175-171-181-196-172-187-201-170-186-194-188-202-206-199-162-174-193-205 497 200 384 1211.48208 11827 10644 13010
208 207-204-200-208-197-175-171-181-196-172-187-201-170-186-194-188-202-206-199-162-174-193-205 497 200 384 1221.44402 5376 4838 5914
208 207-204-200-208-197-175-171-181-196-172-187-201-170-186-194-188-202-206-199-162-174-193-205 497 200 384 1248.21724 59136 53221 65051
208 207-204-200-208-197-175-171-181-196-172-187-201-170-186-194-188-202-206-199-162-174-193-205 497 200 384 1133.10564 4224 3801 4647
208 207-204-200-208-197-175-171-181-196-172-187-201-170-186-194-188-202-206-199-162-174-193-205 497 200 384 1160.71396 4928 4435 5421
208 207-204-200-208-197-175-171-181-196-172-187-201-170-186-194-188-202-206-199-162-174-193-205 497 200 384 1187.26006 6571 5913 7229
208 207-204-200-208-197-175-171-181-196-172-187-201-170-186-194-188-202-206-199-162-174-193-205 497 200 384 1210.27173 11827 10644 13010
208 207-204-200-208-197-175-171-181-196-172-187-201-170-186-194-188-202-206-199-162-174-193-205 497 200 384 1220.22371 29568 26610 32526
208 207-204-200-208-197-175-171-181-196-172-187-201-170-186-194-188-202-206-199-162-174-193-205 497 200 384 1184.29576 5914 5322 6506
208 207-204-200-208-197-175-171-181-196-172-187-201-170-186-194-188-202-206-199-162-174-193-205 497 200 384 1208.90196 14784 13305 16263
208 207-204-200-208-197-175-171-181-196-172-187-201-170-186-194-188-202-206-199-162-174-193-205 497 200 1537 1208.90196 9862 9368 10356
208 207-204-200-208-197-175-171-181-196-172-187-201-170-186-194-188-202-206-199-162-174-193-205 497 200 1537 1216.39407 15780 14991 16569
