data_dim axes n_training window_size n_sim threshold arl_est arl_lower arl_upper
208 207-204-200-197-208-187-194-181-171-175-188-189-199-162-64-146-101-110-42-196-84-123-127-143-183-14-53-82-91-112-126-195 497 200 96 47.4 154 123 185
208 207-204-200-197-208-187-194-181-171-175-188-189-199-162-64-146-101-110-42-196-84-123-127-143-183-14-53-82-91-112-126-195 497 200 96 50.529 154 123 185
208 207-204-200-197-208-187-194-181-171-175-188-189-199-162-64-146-101-110-42-196-84-123-127-143-183-14-53-82-91-112-126-195 497 200 96 53.86456 154 123 185
208 207-204-200-197-208-187-194-181-171-175-188-189-199-162-64-146-101-110-42-196-84-123-127-143-183-14-53-82-91-112-126-195 497 200 96 57.42031 154 123 185
208 207-204-200-197-208-187-194-181-171-175-188-189-199-162-64-146-101-110-42-196-84-123-127-143-183-14-53-82-91-112-126-195 497 200 96 61.21078 154 123 185
208 207-204-200-197-208-187-194-181-171-175-188-189-199-162-64-146-101-110-42-196-84-123-127-143-183-14-53-82-91-112-126-195 497 200 96 65.25147 154 123 185
208 207-204-200-197-208-187-194-181-171-175-188-189-199-162-64-146-101-110-42-196-84-123-127-143-183-14-53-82-91-112-126-195 497 200 96 69.5589 154 123 185
208 207-204-200-197-208-187-194-181-171-175-188-189-199-162-64-146-101-110-42-196-84-123-127-143-183-14-53-82-91-112-126-195 497 200 96 74.15067 154 123 185
208 207-204-200-197-208-187-194-181-171-175-188-189-199-162-64-146-101-110-42-196-84-123-127-143-183-14-53-82-91-112-126-195 497 200 96 79.04556 154 123 185
208 207-204-200-197-208-187-194-181-171-175-188-189-199-162-64-146-101-110-42-196-84-123-127-143-183-14-53-82-91-112-126-195 497 200 96 84.26358 154 123 185
208 207-204-200-197-208-187-194-181-171-175-188-189-199-162-64-146-101-110-42-196-84-123-127-143-183-14-53-82-91-112-126-195 497 200 96 89.82605 154 123 185
208 207-204-200-197-208-187-194-181-171-175-188-189-199-162-64-146-101-110-42-196-84-123-127-143-183-14-53-82-91-112-126-195 497 200 96 95.75571 154 123 185
208 207-204-200-197-208-187-194-181-171-175-188-189-199-162-64-146-101-110-42-196-84-123-127-143-183-14-53-82-91-112-126-195 497 200 96 102.07681 154 123 185
208 207-204-200-197-208-187-194-181-171-175-188-189-199-162-64-146-101-110-42-196-84-123-127-143-183-14-53-82-91-112-126-195 497 200 96 108.81518 154 123 185
208 207-204-200-197-208-187-194-181-171-175-188-189-199-162-64-146-101-110-42-196-84-123-127-143-183-14-53-82-91-112-126-195 497 200 96 115.99836 154 123 185
208 207-204-200-197-208-187-194-181-171-175-188-189-199-162-64-146-101-110-42-196-84-123-127-143-183-14-53-82-91-112-126-195 497 200 96 123.65573 154 123 185
208 207-204-200-197-208-187-194-181-171-175-188-189-199-162-64-146-101-110-42-196-84-123-127-143-183-14-53-82-91-112-126-195 497 200 96 131.81859 154 123 185
208 207-204-200-197-208-187-194-181-171-175-188-189-199-162-64-146-101-110-42-196-84-123-127-143-183-14-53-82-91-112-126-195 497 200 96 140.52029 154 123 185
208 207-204-200-197-208-187-194-181-171-175-188-189-199-162-64-146-101-110-42-196-84-123-127-143-183-14-53-82-91-112-126-195 497 200 96 149.79642 154 123 185
208 207-204-200-197-208-187-194-181-171-175-188-189-199-162-64-146-101-110-42-196-84-123-127-143-183-14-53-82-91-112-126-195 497 200 96 159.6849 154 123 185
208 207-204-200-197-208-187-194-181-171-175-188-189-199-162-64-146-101-110-42-196-84-123-127-143-183-14-53-82-91-112-126-195 497 200 96 170.22613 154 123 185
208 207-204-200-197-208-187-194-181-171-175-188-189-199-162-64-146-101-110-42-196-84-123-127-143-183-14-53-82-91-112-126-195 497 200 96 181.46323 154 123 185
208 207-204-200-197-208-187-194-181-171-175-188-189-199-162-64-146-101-110-42-196-84-123-127-143-183-14-53-82-91-112-126-195 497 200 96 193.44211 154 123 185
208 207-204-200-197-208-187-194-181-171-175-188-189-199-162-64-146-101-110-42-196-84-123-127-143-183-14-53-82-91-112-126-195 497 200 96 206.21175 154 123 185
208 207-204-200-197-208-187-194-181-171-175-188-189-199-162-64-146-101-110-42-196-84-123-127-143-183-14-53-82-91-112-126-195 497 200 96 219.82436 154 123 185
208 207-204-200-197-208-187-194-181-171-175-188-189-199-162-64-146-101-110-42-196-84-123-127-143-183-14-53-82-91-112-126-195 497 200 96 234.33556 154 123 185
208 207-204-200-197-208-187-194-181-171-175-188-189-199-162-64-146-101-110-42-196-84-123-127-143-183-14-53-82-91-112-126-195 497 200 96 249.8047 154 123 185
208 207-204-200-197-208-187-194-181-171-175-188-189-199-162-64-146-101-110-42-196-84-123-127-143-183-14-53-82-91-112-126-195 497 200 96 266.29499 154 123 185
208 207-204-200-197-208-187-194-181-171-175-188-189-199-162-64-146-101-110-42-196-84-123-127-143-183-14-53-82-91-112-126-195 497 200 96 283.87385 154 123 185
208 207-204-200-197-208-187-194-181-171-175-188-189-199-162-64-146-101-110-42-196-84-123-127-143-183-14-53-82-91-112-126-195 497 200 96 302.61314 154 123 185
208 207-204-200-197-208-187-194-181-171-175-188-189-199-162-64-146-101-110-42-196-84-123-127-143-183-14-53-82-91-112-126-195 497 200 96 322.58946 154 123 185
208 207-204-200-197-208-187-194-181-171-175-188-189-199-162-64-146-101-110-42-196-84-123-127-143-183-14-53-82-91-112-126-195 497 200 96 343.88448 154 123 185
208 207-204-200-197-208-187-194-181-171-175-188-189-199-162-64-146-101-110-42-196-84-123-127-143-183-14-53-82-91-112-126-195 497 200 96 366.58523 154 123 185
208 207-204-200-197-208-187-194-181-171-175-188-189-199-162-64-146-101-110-42-196-84-123-127-143-183-14-53-82-91-112-126-195 497 200 96 390.78453 154 123 185
208 207-204-200-197-208-187-194-181-171-175-188-189-199-162-64-146-101-110-42-196-84-123-127-143-183-14-53-82-91-112-126-195 497 200 96 416.58129 154 123 185
208 207-204-200-197-208-187-194-181-171-175-188-189-199-162-64-146-101-110-42-196-84-123-127-143-183-14-53-82-91-112-126-195 497 200 96 444.08096 156 124 188
208 207-204-200-197-208-187-194-181-171-175-188-189-199-162-64-146-101-110-42-196-84-123-127-143-183-14-53-82-91-112-126-195 497 200 96 473.39219 156 124 188
208 207-204-200-197-208-187-194-181-171-175-188-189-199-162-64-146-101-110-42-196-84-123-127-143-183-14-53-82-91-112-126-195 497 200 96 504.63808 157 125 189
208 207-204-200-197-208-187-194-181-171-175-188-189-199-162-64-146-101-110-42-196-84-123-127-143-183-14-53-82-91-112-126-195 497 200 96 537.94419 161 128 194
208 207-204-200-197-208-187-194-181-171-175-188-189-199-162-64-146-101-110-42-196-84-123-127-143-183-14-53-82-91-112-126-195 497 200 96 573.43937 168 134 202
208 207-204-200-197-208-187-194-181-171-175-188-189-199-162-64-146-101-110-42-196-84-123-127-143-183-14-53-82-91-112-126-195 497 200 96 611.25959 174 139 209
208 207-204-200-197-208-187-194-181-171-175-188-189-199-162-64-146-101-110-42-196-84-123-127-143-183-14-53-82-91-112-126-195 497 200 96 651.5586 192 153 231
208 207-204-200-197-208-187-194-181-171-175-188-189-199-162-64-146-101-110-42-196-84-123-127-143-183-14-53-82-91-112-126-195 497 200 96 694.46463 192 153 231
208 207-204-200-197-208-187-194-181-171-175-188-189-199-162-64-146-101-110-42-196-84-123-127-143-183-14-53-82-91-112-126-195 497 200 96 740.19608 264 211 317
208 207-204-200-197-208-187-194-181-171-175-188-189-199-162-64-146-101-110-42-196-84-123-127-143-183-14-53-82-91-112-126-195 497 200 96 788.71271 302 241 363
208 207-204-200-197-208-187-194-181-171-175-188-189-199-162-64-146-101-110-42-196-84-123-127-143-183-14-53-82-91-112-126-195 497 200 96 840.28213 422 337 507
208 207-204-200-197-208-187-194-181-171-175-188-189-199-162-64-146-101-110-42-196-84-123-127-143-183-14-53-82-91-112-126-195 497 200 96 894.79521 1137 909 1365
208 207-204-200-197-208-187-194-181-171-175-188-189-199-162-64-146-101-110-42-196-84-123-127-143-183-14-53-82-91-112-126-195 497 200 96 950.12813 1056 844 1268
208 207-204-200-197-208-187-194-181-171-175-188-189-199-162-64-146-101-110-42-196-84-123-127-143-183-14-53-82-91-112-126-195 497 200 96 1009.20956 7392 5913 8871
208 207-204-200-197-208-187-194-181-171-175-188-189-199-162-64-146-101-110-42-196-84-123-127-143-183-14-53-82-91-112-126-195 497 200 96 1044.81259 3696 2956 4436
208 207-204-200-197-208-187-194-181-171-175-188-189-199-162-64-146-101-110-42-196-84-123-127-143-183-14-53-82-91-112-126-195 497 200 96 1098.06919 7392 5913 8871
208 207-204-200-197-208-187-194-181-171-175-188-189-199-162-64-146-101-110-42-196-84-123-127-143-183-14-53-82-91-112-126-195 497 200 96 1136.80702 2957 2365 3549
208 207-204-200-197-208-187-194-181-171-175-188-189-199-162-64-146-101-110-42-196-84-123-127-143-183-14-53-82-91-112-126-195 497 200 96 1198.32011 73920 59133 88707
208 207-204-200-197-208-187-194-181-171-175-188-189-199-162-64-146-101-110-42-196-84-123-127-143-183-14-53-82-91-112-126-195 497 200 96 902.07299 778 622 934
208 207-204-200-197-208-187-194-181-171-175-188-189-199-162-64-146-101-110-42-196-84-123-127-143-183-14-53-82-91-112-126-195 497 200 96 959.23109 1643 1314 1972
208 207-204-200-197-208-187-194-181-171-175-188-189-199-162-64-146-101-110-42-196-84-123-127-143-183-14-53-82-91-112-126-195 497 200 96 1016.48762 1643 1314 1972
208 207-204-200-197-208-187-194-181-171-175-188-189-199-162-64-146-101-110-42-196-84-123-127-143-183-14-53-82-91-112-126-195 497 200 96 1077.16179 4928 3942 5914
208 207-204-200-197-208-187-194-181-171-175-188-189-199-162-64-146-101-110-42-196-84-123-127-143-183-14-53-82-91-112-126-195 497 200 96 1126.43222 73920 59133 88707
208 207-204-200-197-208-187-194-181-171-175-188-189-199-162-64-146-101-110-42-196-84-123-127-143-183-14-53-82-91-112-126-195 497 200 96 847.95713 435 348 522
208 207-204-200-197-208-187-194-181-171-175-188-189-199-162-64-146-101-110-42-196-84-123-127-143-183-14-53-82-91-112-126-195 497 200 96 902.92131 870 696 1044
208 207-204-200-197-208-187-194-181-171-175-188-189-199-162-64-146-101-110-42-196-84-123-127-143-183-14-53-82-91-112-126-195 497 200 96 959.78043 1478 1182 1774
208 207-204-200-197-208-187-194-181-171-175-188-189-199-162-64-146-101-110-42-196-84-123-127-143-183-14-53-82-91-112-126-195 497 200 96 1017.74221 2112 1689 2535
208 207-204-200-197-208-187-194-181-171-175-188-189-199-162-64-146-101-110-42-196-84-123-127-143-183-14-53-82-91-112-126-195 497 200 96 1076.46442 73920 59133 88707
208 207-204-200-197-208-187-194-181-171-175-188-189-199-162-64-146-101-110-42-196-84-123-127-143-183-14-53-82-91-112-126-195 497 200 96 810.3423 389 311 467
208 207-204-200-197-208-187-194-181-171-175-188-189-199-162-64-146-101-110-42-196-84-123-127-143-183-14-53-82-91-112-126-195 497 200 96 863.02659 510 408 612
208 207-204-200-197-208-187-194-181-171-175-188-189-199-162-64-146-101-110-42-196-84-123-127-143-183-14-53-82-91-112-126-195 497 200 96 918.69273 1344 1075 1613
208 207-204-200-197-208-187-194-181-171-175-188-189-199-162-64-146-101-110-42-196-84-123-127-143-183-14-53-82-91-112-126-195 497 200 96 974.69592 1848 1478 2218
208 207-204-200-197-208-187-194-181-171-175-188-189-199-162-64-146-101-110-42-196-84-123-127-143-183-14-53-82-91-112-126-195 497 200 96 1032.02708 3696 2956 4436
208 207-204-200-197-208-187-194-181-171-175-188-189-199-162-64-146-101-110-42-196-84-123-127-143-183-14-53-82-91-112-126-195 497 200 96 1084.63198 7392 5913 8871
208 207-204-200-197-208-187-194-181-171-175-188-189-199-162-64-146-101-110-42-196-84-123-127-143-183-14-53-82-91-112-126-195 497 200 96 1122.89577 73920 59133 88707
208 207-204-200-197-208-187-194-181-171-175-188-189-199-162-64-146-101-110-42-196-84-123-127-143-183-14-53-82-91-112-126-195 497 200 96 845.29495 548 438 658
208 207-204-200-197-208-187-194-181-171-175-188-189-199-162-64-146-101-110-42-196-84-123-127-143-183-14-53-82-91-112-126-195 497 200 96 899.68098 870 696 1044
208 207-204-200-197-208-187-194-181-171-175-188-189-199-162-64-146-101-110-42-196-84-123-127-143-183-14-53-82-91-112-126-195 497 200 96 956.33605 1478 1182 1774
208 207-204-200-197-208-187-194-181-171-175-188-189-199-162-64-146-101-110-42-196-84-123-127-143-183-14-53-82-91-112-126-195 497 200 96 1014.08981 3696 2956 4436
208 207-204-200-197-208-187-194-181-171-175-188-189-199-162-64-146-101-110-42-196-84-123-127-143-183-14-53-82-91-112-126-195 497 200 96 1065.7804 14784 11826 17742
208 207-204-200-197-208-187-194-181-171-175-188-189-199-162-64-146-101-110-42-196-84-123-127-143-183-14-53-82-91-112-126-195 497 200 384 1065.7804 4549 4094 5004
208 207-204-200-197-208-187-194-181-171-175-188-189-199-162-64-146-101-110-42-196-84-123-127-143-183-14-53-82-91-112-126-195 497 200 384 1091.01293 11827 10644 13010
208 207-204-200-197-208-187-194-181-171-175-188-189-199-162-64-146-101-110-42-196-84-123-127-143-183-14-53-82-91-112-126-195 497 200 384 1099.98425 6571 5913 7229
208 207-204-200-197-208-187-194-181-171-175-188-189-199-162-64-146-101-110-42-196-84-123-127-143-183-14-53-82-91-112-126-195 497 200 384 1121.30432 8448 7603 9293
208 207-204-200-197-208-187-194-181-171-175-188-189-199-162-64-146-101-110-42-196-84-123-127-143-183-14-53-82-91-112-126-195 497 200 384 1138.56908 14784 13305 16263
208 207-204-200-197-208-187-194-181-171-175-188-189-199-162-64-146-101-110-42-196-84-123-127-143-183-14-53-82-91-112-126-195 497 200 1537 1138.56908 9468 8994 9942
208 207-204-200-197-208-187-194-181-171-175-188-189-199-162-64-146-101-110-42-196-84-123-127-143-183-14-53-82-91-112-126-195 497 200 1537 1146.10152 13923 13226 14620
208 207-204-200-197-208-187-194-181-171-175-188-189-199-162-64-146-101-110-42-196-84-123-127-143-183-14-53-82-91-112-126-195 497 200 1537 1148.26354 11271 10707 11835
208 207-204-200-197-208-187-194-181-171-175-188-189-199-162-64-146-101-110-42-196-84-123-127-143-183-14-53-82-91-112-126-195 497 200 1537 1153.66233 18208 17297 19119
208 207-204-200-197-208-187-194-181-171-175-188-189-199-162-64-146-101-110-42-196-84-123-127-143-183-14-53-82-91-112-126-195 497 200 1537 1150.5908 11271 10707 11835
208 207-204-200-197-208-187-194-181-171-175-188-189-199-162-64-146-101-110-42-196-84-123-127-143-183-14-53-82-91-112-126-195 497 200 1537 1156.00053 13150 12492 13808
208 207-204-200-197-208-187-194-181-171-175-188-189-199-162-64-146-101-110-42-196-84-123-127-143-183-14-53-82-91-112-126-195 497 200 1537 1159.12983 13150 12492 13808
208 207-204-200-197-208-187-194-181-171-175-188-189-199-162-64-146-101-110-42-196-84-123-127-143-183-14-53-82-91-112-126-195 497 200 1537 1162.2676 33814 32123 35505
208 207-204-200-197-208-187-194-181-171-175-188-189-199-162-64-146-101-110-42-196-84-123-127-143-183-14-53-82-91-112-126-195 497 200 1537 1139.91801 10291 9776 10806
208 207-204-200-197-208-187-194-181-171-175-188-189-199-162-64-146-101-110-42-196-84-123-127-143-183-14-53-82-91-112-126-195 497 200 1537 1146.46346 13923 13226 14620
208 207-204-200-197-208-187-194-181-171-175-188-189-199-162-64-146-101-110-42-196-84-123-127-143-183-14-53-82-91-112-126-195 497 200 1537 1148.62616 14794 14054 15534
208 207-204-200-197-208-187-194-181-171-175-188-189-199-162-64-146-101-110-42-196-84-123-127-143-183-14-53-82-91-112-126-195 497 200 1537 1149.73089 10759 10221 11297
