data_dim axes n_training window_size n_sim threshold arl_est arl_lower arl_upper
312 312-311-300-297-298-294-288-289-287-292-274-261-250-272-273-236-189-239-211-308-179-8-192-178-62-69-73-286-299 495 200 96 43.8 150 120 180
312 312-311-300-297-298-294-288-289-287-292-274-261-250-272-273-236-189-239-211-308-179-8-192-178-62-69-73-286-299 495 200 96 46.69174 150 120 180
312 312-311-300-297-298-294-288-289-287-292-274-261-250-272-273-236-189-239-211-308-179-8-192-178-62-69-73-286-299 495 200 96 49.7744 150 120 180
312 312-311-300-297-298-294-288-289-287-292-274-261-250-272-273-236-189-239-211-308-179-8-192-178-62-69-73-286-299 495 200 96 53.06058 150 120 180
312 312-311-300-297-298-294-288-289-287-292-274-261-250-272-273-236-189-239-211-308-179-8-192-178-62-69-73-286-299 495 200 96 56.56372 150 120 180
312 312-311-300-297-298-294-288-289-287-292-274-261-250-272-273-236-189-239-211-308-179-8-192-178-62-69-73-286-299 495 200 96 60.29814 150 120 180
312 312-311-300-297-298-294-288-289-287-292-274-261-250-272-273-236-189-239-211-308-179-8-192-178-62-69-73-286-299 495 200 96 64.27912 150 120 180
312 312-311-300-297-298-294-288-289-287-292-274-261-250-272-273-236-189-239-211-308-179-8-192-178-62-69-73-286-299 495 200 96 68.52292 150 120 180
312 312-311-300-297-298-294-288-289-287-292-274-261-250-272-273-236-189-239-211-308-179-8-192-178-62-69-73-286-299 495 200 96 73.04691 150 120 180
312 312-311-300-297-298-294-288-289-287-292-274-261-250-272-273-236-189-239-211-308-179-8-192-178-62-69-73-286-299 495 200 96 77.86958 150 120 180
312 312-311-300-297-298-294-288-289-287-292-274-261-250-272-273-236-189-239-211-308-179-8-192-178-62-69-73-286-299 495 200 96 83.01064 150 120 180
312 312-311-300-297-298-294-288-289-287-292-274-261-250-272-273-236-189-239-211-308-179-8-192-178-62-69-73-286-299 495 200 96 88.49113 150 120 180
312 312-311-300-297-298-294-288-289-287-292-274-261-250-272-273-236-189-239-211-308-179-8-192-178-62-69-73-286-299 495 200 96 94.33345 150 120 180
312 312-311-300-297-298-294-288-289-287-292-274-261-250-272-273-236-189-239-211-308-179-8-192-178-62-69-73-286-299 495 200 96 100.56148 150 120 180
312 312-311-300-297-298-294-288-289-287-292-274-261-250-272-273-236-189-239-211-308-179-8-192-178-62-69-73-286-299 495 200 96 107.2007 150 120 180
312 312-311-300-297-298-294-288-289-287-292-274-261-250-272-273-236-189-239-211-308-179-8-192-178-62-69-73-286-299 495 200 96 114.27826 150 120 180
312 312-311-300-297-298-294-288-289-287-292-274-261-250-272-273-236-189-239-211-308-179-8-192-178-62-69-73-286-299 495 200 96 121.82308 150 120 180
312 312-311-300-297-298-294-288-289-287-292-274-261-250-272-273-236-189-239-211-308-179-8-192-178-62-69-73-286-299 495 200 96 129.86602 150 120 180
312 312-311-300-297-298-294-288-289-287-292-274-261-250-272-273-236-189-239-211-308-179-8-192-178-62-69-73-286-299 495 200 96 138.43997 150 120 180
312 312-311-300-297-298-294-288-289-287-292-274-261-250-272-273-236-189-239-211-308-179-8-192-178-62-69-73-286-299 495 200 96 147.57999 150 120 180
312 312-311-300-297-298-294-288-289-287-292-274-261-250-272-273-236-189-239-211-308-179-8-192-178-62-69-73-286-299 495 200 96 157.32344 150 120 180
312 312-311-300-297-298-294-288-289-287-292-274-261-250-272-273-236-189-239-211-308-179-8-192-178-62-69-73-286-299 495 200 96 167.71017 150 120 180
312 312-311-300-297-298-294-288-289-287-292-274-261-250-272-273-236-189-239-211-308-179-8-192-178-62-69-73-286-299 495 200 96 178.78265 150 120 180
312 312-311-300-297-298-294-288-289-287-292-274-261-250-272-273-236-189-239-211-308-179-8-192-178-62-69-73-286-299 495 200 96 190.58615 150 120 180
312 312-311-300-297-298-294-288-289-287-292-274-261-250-272-273-236-189-239-211-308-179-8-192-178-62-69-73-286-299 495 200 96 203.16893 150 120 180
312 312-311-300-297-298-294-288-289-287-292-274-261-250-272-273-236-189-239-211-308-179-8-192-178-62-69-73-286-299 495 200 96 216.58245 150 120 180
312 312-311-300-297-298-294-288-289-287-292-274-261-250-272-273-236-189-239-211-308-179-8-192-178-62-69-73-286-299 495 200 96 230.88155 150 120 180
312 312-311-300-297-298-294-288-289-287-292-274-261-250-272-273-236-189-239-211-308-179-8-192-178-62-69-73-286-299 495 200 96 246.1247 150 120 180
312 312-311-300-297-298-294-288-289-287-292-274-261-250-272-273-236-189-239-211-308-179-8-192-178-62-69-73-286-299 495 200 96 262.37422 150 120 180
312 312-311-300-297-298-294-288-289-287-292-274-261-250-272-273-236-189-239-211-308-179-8-192-178-62-69-73-286-299 495 200 96 279.69656 150 120 180
312 312-311-300-297-298-294-288-289-287-292-274-261-250-272-273-236-189-239-211-308-179-8-192-178-62-69-73-286-299 495 200 96 298.16255 150 120 180
312 312-311-300-297-298-294-288-289-287-292-274-261-250-272-273-236-189-239-211-308-179-8-192-178-62-69-73-286-299 495 200 96 317.84769 150 120 180
312 312-311-300-297-298-294-288-289-287-292-274-261-250-272-273-236-189-239-211-308-179-8-192-178-62-69-73-286-299 495 200 96 338.83247 150 120 180
312 312-311-300-297-298-294-288-289-287-292-274-261-250-272-273-236-189-239-211-308-179-8-192-178-62-69-73-286-299 495 200 96 361.2027 150 120 180
312 312-311-300-297-298-294-288-289-287-292-274-261-250-272-273-236-189-239-211-308-179-8-192-178-62-69-73-286-299 495 200 96 385.04985 150 120 180
312 312-311-300-297-298-294-288-289-287-292-274-261-250-272-273-236-189-239-211-308-179-8-192-178-62-69-73-286-299 495 200 96 410.47142 150 120 180
312 312-311-300-297-298-294-288-289-287-292-274-261-250-272-273-236-189-239-211-308-179-8-192-178-62-69-73-286-299 495 200 96 437.57136 150 120 180
312 312-311-300-297-298-294-288-289-287-292-274-261-250-272-273-236-189-239-211-308-179-8-192-178-62-69-73-286-299 495 200 96 466.46048 150 120 180
312 312-311-300-297-298-294-288-289-287-292-274-261-250-272-273-236-189-239-211-308-179-8-192-178-62-69-73-286-299 495 200 96 497.2569 150 120 180
312 312-311-300-297-298-294-288-289-287-292-274-261-250-272-273-236-189-239-211-308-179-8-192-178-62-69-73-286-299 495 200 96 530.08655 150 120 180
312 312-311-300-297-298-294-288-289-287-292-274-261-250-272-273-236-189-239-211-308-179-8-192-178-62-69-73-286-299 495 200 96 565.08366 150 120 180
312 312-311-300-297-298-294-288-289-287-292-274-261-250-272-273-236-189-239-211-308-179-8-192-178-62-69-73-286-299 495 200 96 602.39134 150 120 180
312 312-311-300-297-298-294-288-289-287-292-274-261-250-272-273-236-189-239-211-308-179-8-192-178-62-69-73-286-299 495 200 96 642.16212 150 120 180
312 312-311-300-297-298-294-288-289-287-292-274-261-250-272-273-236-189-239-211-308-179-8-192-178-62-69-73-286-299 495 200 96 684.55863 150 120 180
312 312-311-300-297-298-294-288-289-287-292-274-261-250-272-273-236-189-239-211-308-179-8-192-178-62-69-73-286-299 495 200 96 729.75422 150 120 180
312 312-311-300-297-298-294-288-289-287-292-274-261-250-272-273-236-189-239-211-308-179-8-192-178-62-69-73-286-299 495 200 96 777.93369 150 120 180
312 312-311-300-297-298-294-288-289-287-292-274-261-250-272-273-236-189-239-211-308-179-8-192-178-62-69-73-286-299 495 200 96 829.29405 150 120 180
312 312-311-300-297-298-294-288-289-287-292-274-261-250-272-273-236-189-239-211-308-179-8-192-178-62-69-73-286-299 495 200 96 884.04529 150 120 180
312 312-311-300-297-298-294-288-289-287-292-274-261-250-272-273-236-189-239-211-308-179-8-192-178-62-69-73-286-299 495 200 96 942.41129 150 120 180
312 312-311-300-297-298-294-288-289-287-292-274-261-250-272-273-236-189-239-211-308-179-8-192-178-62-69-73-286-299 495 200 96 1004.6307 150 120 180
312 312-311-300-297-298-294-288-289-287-292-274-261-250-272-273-236-189-239-211-308-179-8-192-178-62-69-73-286-299 495 200 96 1070.95793 150 120 180
312 312-311-300-297-298-294-288-289-287-292-274-261-250-272-273-236-189-239-211-308-179-8-192-178-62-69-73-286-299 495 200 96 1141.66419 150 120 180
312 312-311-300-297-298-294-288-289-287-292-274-261-250-272-273-236-189-239-211-308-179-8-192-178-62-69-73-286-299 495 200 96 1217.03857 150 120 180
312 312-311-300-297-298-294-288-289-287-292-274-261-250-272-273-236-189-239-211-308-179-8-192-178-62-69-73-286-299 495 200 96 1297.38929 150 120 180
312 312-311-300-297-298-294-288-289-287-292-274-261-250-272-273-236-189-239-211-308-179-8-192-178-62-69-73-286-299 495 200 96 1383.04489 150 120 180
312 312-311-300-297-298-294-288-289-287-292-274-261-250-272-273-236-189-239-211-308-179-8-192-178-62-69-73-286-299 495 200 96 1474.35559 150 120 180
312 312-311-300-297-298-294-288-289-287-292-274-261-250-272-273-236-189-239-211-308-179-8-192-178-62-69-73-286-299 495 200 96 1571.69477 150 120 180
312 312-311-300-297-298-294-288-289-287-292-274-261-250-272-273-236-189-239-211-308-179-8-192-178-62-69-73-286-299 495 200 96 1675.46042 150 120 180
312 312-311-300-297-298-294-288-289-287-292-274-261-250-272-273-236-189-239-211-308-179-8-192-178-62-69-73-286-299 495 200 96 1786.07684 152 121 183
312 312-311-300-297-298-294-288-289-287-292-274-261-250-272-273-236-189-239-211-308-179-8-192-178-62-69-73-286-299 495 200 96 1903.98096 152 121 183
312 312-311-300-297-298-294-288-289-287-292-274-261-250-272-273-236-189-239-211-308-179-8-192-178-62-69-73-286-299 495 200 96 2029.66827 153 122 184
312 312-311-300-297-298-294-288-289-287-292-274-261-250-272-273-236-189-239-211-308-179-8-192-178-62-69-73-286-299 495 200 96 2163.64384 171 136 206
312 312-311-300-297-298-294-288-289-287-292-274-261-250-272-273-236-189-239-211-308-179-8-192-178-62-69-73-286-299 495 200 96 2306.29543 192 153 231
312 312-311-300-297-298-294-288-289-287-292-274-261-250-272-273-236-189-239-211-308-179-8-192-178-62-69-73-286-299 495 200 96 2458.14391 257 205 309
312 312-311-300-297-298-294-288-289-287-292-274-261-250-272-273-236-189-239-211-308-179-8-192-178-62-69-73-286-299 495 200 96 2619.30299 306 244 368
312 312-311-300-297-298-294-288-289-287-292-274-261-250-272-273-236-189-239-211-308-179-8-192-178-62-69-73-286-299 495 200 96 2790.47585 411 328 494
312 312-311-300-297-298-294-288-289-287-292-274-261-250-272-273-236-189-239-211-308-179-8-192-178-62-69-73-286-299 495 200 96 2971.57474 758 606 910
312 312-311-300-297-298-294-288-289-287-292-274-261-250-272-273-236-189-239-211-308-179-8-192-178-62-69-73-286-299 495 200 96 3159.99174 4800 3839 5761
312 312-311-300-297-298-294-288-289-287-292-274-261-250-272-273-236-189-239-211-308-179-8-192-178-62-69-73-286-299 495 200 96 3305.41932 4800 3839 5761
312 312-311-300-297-298-294-288-289-287-292-274-261-250-272-273-236-189-239-211-308-179-8-192-178-62-69-73-286-299 495 200 96 3457.5397 3600 2879 4321
312 312-311-300-297-298-294-288-289-287-292-274-261-250-272-273-236-189-239-211-308-179-8-192-178-62-69-73-286-299 495 200 96 3634.50624 14400 11519 17281
312 312-311-300-297-298-294-288-289-287-292-274-261-250-272-273-236-189-239-211-308-179-8-192-178-62-69-73-286-299 495 200 384 3634.50624 28800 25919 31681
312 312-311-300-297-298-294-288-289-287-292-274-261-250-272-273-236-189-239-211-308-179-8-192-178-62-69-73-286-299 495 200 384 3530.55155 6400 5759 7041
312 312-311-300-297-298-294-288-289-287-292-274-261-250-272-273-236-189-239-211-308-179-8-192-178-62-69-73-286-299 495 200 384 3599.64406 11520 10367 12673
312 312-311-300-297-298-294-288-289-287-292-274-261-250-272-273-236-189-239-211-308-179-8-192-178-62-69-73-286-299 495 200 384 3630.45392 57600 51838 63362
312 312-311-300-297-298-294-288-289-287-292-274-261-250-272-273-236-189-239-211-308-179-8-192-178-62-69-73-286-299 495 200 384 3301.76121 3032 2728 3336
312 312-311-300-297-298-294-288-289-287-292-274-261-250-272-273-236-189-239-211-308-179-8-192-178-62-69-73-286-299 495 200 384 3390.29101 7200 6479 7921
312 312-311-300-297-298-294-288-289-287-292-274-261-250-272-273-236-189-239-211-308-179-8-192-178-62-69-73-286-299 495 200 384 3450.80589 5760 5183 6337
312 312-311-300-297-298-294-288-289-287-292-274-261-250-272-273-236-189-239-211-308-179-8-192-178-62-69-73-286-299 495 200 384 3523.08728 5236 4712 5760
312 312-311-300-297-298-294-288-289-287-292-274-261-250-272-273-236-189-239-211-308-179-8-192-178-62-69-73-286-299 495 200 384 3600.8528 14400 12959 15841
312 312-311-300-297-298-294-288-289-287-292-274-261-250-272-273-236-189-239-211-308-179-8-192-178-62-69-73-286-299 495 200 1537 3600.8528 11528 10951 12105
312 312-311-300-297-298-294-288-289-287-292-274-261-250-272-273-236-189-239-211-308-179-8-192-178-62-69-73-286-299 495 200 1537 3616.23193 20959 19911 22007
312 312-311-300-297-298-294-288-289-287-292-274-261-250-272-273-236-189-239-211-308-179-8-192-178-62-69-73-286-299 495 200 1537 3595.00504 9222 8760 9684
312 312-311-300-297-298-294-288-289-287-292-274-261-250-272-273-236-189-239-211-308-179-8-192-178-62-69-73-286-299 495 200 1537 3619.27325 12808 12167 13449
312 312-311-300-297-298-294-288-289-287-292-274-261-250-272-273-236-189-239-211-308-179-8-192-178-62-69-73-286-299 495 200 1537 3629.74969 17735 16848 18622
312 312-311-300-297-298-294-288-289-287-292-274-261-250-272-273-236-189-239-211-308-179-8-192-178-62-69-73-286-299 495 200 1537 3621.02658 14409 13688 15130
312 312-311-300-297-298-294-288-289-287-292-274-261-250-272-273-236-189-239-211-308-179-8-192-178-62-69-73-286-299 495 200 1537 3625.27447 11528 10951 12105
312 312-311-300-297-298-294-288-289-287-292-274-261-250-272-273-236-189-239-211-308-179-8-192-178-62-69-73-286-299 495 200 1537 3640.7579 12808 12167 13449
312 312-311-300-297-298-294-288-289-287-292-274-261-250-272-273-236-189-239-211-308-179-8-192-178-62-69-73-286-299 495 200 1537 3651.29653 14409 13688 15130
312 312-311-300-297-298-294-288-289-287-292-274-261-250-272-273-236-189-239-211-308-179-8-192-178-62-69-73-286-299 495 200 1537 3655.57993 25617 24336 26898
312 312-311-300-297-298-294-288-289-287-292-274-261-250-272-273-236-189-239-211-308-179-8-192-178-62-69-73-286-299 495 200 1537 3615.81272 9606 9125 10087
312 312-311-300-297-298-294-288-289-287-292-274-261-250-272-273-236-189-239-211-308-179-8-192-178-62-69-73-286-299 495 200 1537 3638.72842 12808 12167 13449
312 312-311-300-297-298-294-288-289-287-292-274-261-250-272-273-236-189-239-211-308-179-8-192-178-62-69-73-286-299 495 200 1537 3649.26117 16468 15644 17292
