data_dim axes n_training window_size n_sim threshold arl_est arl_lower arl_upper
208 207-204-200-208-197-175-171-181-196-172-187 497 200 96 22.2 154 123 185
208 207-204-200-208-197-175-171-181-196-172-187 497 200 96 23.66548 154 123 185
208 207-204-200-208-197-175-171-181-196-172-187 497 200 96 25.22771 154 123 185
208 207-204-200-208-197-175-171-181-196-172-187 497 200 96 26.89306 154 123 185
208 207-204-200-208-197-175-171-181-196-172-187 497 200 96 28.66834 154 123 185
208 207-204-200-208-197-175-171-181-196-172-187 497 200 96 30.56082 154 123 185
208 207-204-200-208-197-175-171-181-196-172-187 497 200 96 32.57822 154 123 185
208 207-204-200-208-197-175-171-181-196-172-187 497 200 96 34.7288 154 123 185
208 207-204-200-208-197-175-171-181-196-172-187 497 200 96 37.02134 154 123 185
208 207-204-200-208-197-175-171-181-196-172-187 497 200 96 39.46522 154 123 185
208 207-204-200-208-197-175-171-181-196-172-187 497 200 96 42.07043 154 123 185
208 207-204-200-208-197-175-171-181-196-172-187 497 200 96 44.84761 154 123 185
208 207-204-200-208-197-175-171-181-196-172-187 497 200 96 47.80812 154 123 185
208 207-204-200-208-197-175-171-181-196-172-187 497 200 96 50.96407 154 123 185
208 207-204-200-208-197-175-171-181-196-172-187 497 200 96 54.32835 154 123 185
208 207-204-200-208-197-175-171-181-196-172-187 497 200 96 57.91471 154 123 185
208 207-204-200-208-197-175-171-181-196-172-187 497 200 96 61.73782 154 123 185
208 207-204-200-208-197-175-171-181-196-172-187 497 200 96 65.8133 154 123 185
208 207-204-200-208-197-175-171-181-196-172-187 497 200 96 70.15782 154 123 185
208 207-204-200-208-197-175-171-181-196-172-187 497 200 96 74.78913 154 123 185
208 207-204-200-208-197-175-171-181-196-172-187 497 200 96 79.72616 154 123 185
208 207-204-200-208-197-175-171-181-196-172-187 497 200 96 84.98911 154 123 185
208 207-204-200-208-197-175-171-181-196-172-187 497 200 96 90.59947 154 123 185
208 207-204-200-208-197-175-171-181-196-172-187 497 200 96 96.58019 154 123 185
208 207-204-200-208-197-175-171-181-196-172-187 497 200 96 102.95571 154 123 185
208 207-204-200-208-197-175-171-181-196-172-187 497 200 96 109.7521 154 123 185
208 207-204-200-208-197-175-171-181-196-172-187 497 200 96 116.99714 154 123 185
208 207-204-200-208-197-175-171-181-196-172-187 497 200 96 124.72044 154 123 185
208 207-204-200-208-197-175-171-181-196-172-187 497 200 96 132.95358 154 123 185
208 207-204-200-208-197-175-171-181-196-172-187 497 200 96 141.73021 154 123 185
208 207-204-200-208-197-175-171-181-196-172-187 497 200 96 151.0862 154 123 185
208 207-204-200-208-197-175-171-181-196-172-187 497 200 96 161.05982 154 123 185
208 207-204-200-208-197-175-171-181-196-172-187 497 200 96 171.69182 154 123 185
208 207-204-200-208-197-175-171-181-196-172-187 497 200 96 183.02567 154 123 185
208 207-204-200-208-197-175-171-181-196-172-187 497 200 96 195.10769 154 123 185
208 207-204-200-208-197-175-171-181-196-172-187 497 200 96 207.98728 154 123 185
208 207-204-200-208-197-175-171-181-196-172-187 497 200 96 221.71709 154 123 185
208 207-204-200-208-197-175-171-181-196-172-187 497 200 96 236.35325 154 123 185
208 207-204-200-208-197-175-171-181-196-172-187 497 200 96 251.95557 157 125 189
208 207-204-200-208-197-175-171-181-196-172-187 497 200 96 268.58464 157 125 189
208 207-204-200-208-197-175-171-181-196-172-187 497 200 96 286.31123 157 125 189
208 207-204-200-208-197-175-171-181-196-172-187 497 200 96 305.20777 162 129 195
208 207-204-200-208-197-175-171-181-196-172-187 497 200 96 325.345 174 139 209
208 207-204-200-208-197-175-171-181-196-172-187 497 200 96 346.79428 176 140 212
208 207-204-200-208-197-175-171-181-196-172-187 497 200 96 369.65473 183 146 220
208 207-204-200-208-197-175-171-181-196-172-187 497 200 96 394.01113 227 181 273
208 207-204-200-208-197-175-171-181-196-172-187 497 200 96 419.89875 290 232 348
208 207-204-200-208-197-175-171-181-196-172-187 497 200 96 447.37492 411 328 494
208 207-204-200-208-197-175-171-181-196-172-187 497 200 96 476.41915 435 348 522
208 207-204-200-208-197-175-171-181-196-172-187 497 200 96 507.30042 739 591 887
208 207-204-200-208-197-175-171-181-196-172-187 497 200 96 539.52853 870 696 1044
208 207-204-200-208-197-175-171-181-196-172-187 497 200 96 573.50394 3696 2956 4436
208 207-204-200-208-197-175-171-181-196-172-187 497 200 96 602.73681 3696 2956 4436
208 207-204-200-208-197-175-171-181-196-172-187 497 200 96 633.45975 73920 59133 88707
208 207-204-200-208-197-175-171-181-196-172-187 497 200 96 476.85667 528 422 634
208 207-204-200-208-197-175-171-181-196-172-187 497 200 96 507.57798 986 788 1184
208 207-204-200-208-197-175-171-181-196-172-187 497 200 96 539.29137 1848 1478 2218
208 207-204-200-208-197-175-171-181-196-172-187 497 200 96 571.01223 2957 2365 3549
208 207-204-200-208-197-175-171-181-196-172-187 497 200 96 601.90993 2957 2365 3549
208 207-204-200-208-197-175-171-181-196-172-187 497 200 96 634.47952 4928 3942 5914
208 207-204-200-208-197-175-171-181-196-172-187 497 200 96 663.50124 73920 59133 88707
208 207-204-200-208-197-175-171-181-196-172-187 497 200 96 499.47133 778 622 934
208 207-204-200-208-197-175-171-181-196-172-187 497 200 96 531.11937 870 696 1044
208 207-204-200-208-197-175-171-181-196-172-187 497 200 96 564.56523 2464 1971 2957
208 207-204-200-208-197-175-171-181-196-172-187 497 200 96 596.29595 2464 1971 2957
208 207-204-200-208-197-175-171-181-196-172-187 497 200 96 629.81006 7392 5913 8871
208 207-204-200-208-197-175-171-181-196-172-187 497 200 96 652.02858 7392 5913 8871
208 207-204-200-208-197-175-171-181-196-172-187 497 200 96 675.03093 4928 3942 5914
208 207-204-200-208-197-175-171-181-196-172-187 497 200 96 705.90751 73920 59133 88707
208 207-204-200-208-197-175-171-181-196-172-187 497 200 96 531.39398 1643 1314 1972
208 207-204-200-208-197-175-171-181-196-172-187 497 200 96 563.1129 1643 1314 1972
208 207-204-200-208-197-175-171-181-196-172-187 497 200 96 596.72512 2957 2365 3549
208 207-204-200-208-197-175-171-181-196-172-187 497 200 96 629.01416 4928 3942 5914
208 207-204-200-208-197-175-171-181-196-172-187 497 200 96 657.78588 73920 59133 88707
208 207-204-200-208-197-175-171-181-196-172-187 497 200 96 495.16892 493 394 592
208 207-204-200-208-197-175-171-181-196-172-187 497 200 96 527.14359 870 696 1044
208 207-204-200-208-197-175-171-181-196-172-187 497 200 96 560.33908 1478 1182 1774
208 207-204-200-208-197-175-171-181-196-172-187 497 200 96 594.17833 2957 2365 3549
208 207-204-200-208-197-175-171-181-196-172-187 497 200 96 626.32956 7392 5913 8871
208 207-204-200-208-197-175-171-181-196-172-187 497 200 96 648.42529 73920 59133 88707
208 207-204-200-208-197-175-171-181-196-172-187 497 200 96 488.12245 435 348 522
208 207-204-200-208-197-175-171-181-196-172-187 497 200 96 519.76232 924 739 1109
208 207-204-200-208-197-175-171-181-196-172-187 497 200 96 552.37381 2464 1971 2957
208 207-204-200-208-197-175-171-181-196-172-187 497 200 96 583.41933 4928 3942 5914
208 207-204-200-208-197-175-171-181-196-172-187 497 200 96 610.1055 1478 1182 1774
208 207-204-200-208-197-175-171-181-196-172-187 497 200 96 646.95018 14784 11826 17742
208 207-204-200-208-197-175-171-181-196-172-187 497 200 384 646.95018 6571 5913 7229
208 207-204-200-208-197-175-171-181-196-172-187 497 200 384 659.48947 5914 5322 6506
208 207-204-200-208-197-175-171-181-196-172-187 497 200 384 673.19173 14784 13305 16263
208 207-204-200-208-197-175-171-181-196-172-187 497 200 1537 673.19173 13150 12492 13808
208 207-204-200-208-197-175-171-181-196-172-187 497 200 1537 675.01407 16907 16061 17753
208 207-204-200-208-197-175-171-181-196-172-187 497 200 1537 674.14916 33814 32123 35505
208 207-204-200-208-197-175-171-181-196-172-187 497 200 1537 661.18574 9468 8994 9942
208 207-204-200-208-197-175-171-181-196-172-187 497 200 1537 665.55996 13150 12492 13808
208 207-204-200-208-197-175-171-181-196-172-187 497 200 1537 667.36163 10291 9776 10806
208 207-204-200-208-197-175-171-181-196-172-187 497 200 1537 671.19365 16907 16061 17753
208 207-204-200-208-197-175-171-181-196-172-187 497 200 1537 670.33364 11271 10707 11835
208 207-204-200-208-197-175-171-181-196-172-187 497 200 1537 673.48534 15780 14991 16569
