data_dim axes n_training window_size n_sim threshold arl_est arl_lower arl_upper
312 312-311-300-297-298-294-288-289-287-292-274-261-250-272-273-236-189-239-211-308-179 495 200 96 34.2 150 120 180
312 312-311-300-297-298-294-288-289-287-292-274-261-250-272-273-236-189-239-211-308-179 495 200 96 36.45794 150 120 180
312 312-311-300-297-298-294-288-289-287-292-274-261-250-272-273-236-189-239-211-308-179 495 200 96 38.86494 150 120 180
312 312-311-300-297-298-294-288-289-287-292-274-261-250-272-273-236-189-239-211-308-179 495 200 96 41.43087 150 120 180
312 312-311-300-297-298-294-288-289-287-292-274-261-250-272-273-236-189-239-211-308-179 495 200 96 44.16619 150 120 180
312 312-311-300-297-298-294-288-289-287-292-274-261-250-272-273-236-189-239-211-308-179 495 200 96 47.08211 150 120 180
312 312-311-300-297-298-294-288-289-287-292-274-261-250-272-273-236-189-239-211-308-179 495 200 96 50.19054 150 120 180
312 312-311-300-297-298-294-288-289-287-292-274-261-250-272-273-236-189-239-211-308-179 495 200 96 53.5042 150 120 180
312 312-311-300-297-298-294-288-289-287-292-274-261-250-272-273-236-189-239-211-308-179 495 200 96 57.03663 150 120 180
312 312-311-300-297-298-294-288-289-287-292-274-261-250-272-273-236-189-239-211-308-179 495 200 96 60.80227 150 120 180
312 312-311-300-297-298-294-288-289-287-292-274-261-250-272-273-236-189-239-211-308-179 495 200 96 64.81653 150 120 180
312 312-311-300-297-298-294-288-289-287-292-274-261-250-272-273-236-189-239-211-308-179 495 200 96 69.09581 150 120 180
312 312-311-300-297-298-294-288-289-287-292-274-261-250-272-273-236-189-239-211-308-179 495 200 96 73.65762 150 120 180
312 312-311-300-297-298-294-288-289-287-292-274-261-250-272-273-236-189-239-211-308-179 495 200 96 78.52061 150 120 180
312 312-311-300-297-298-294-288-289-287-292-274-261-250-272-273-236-189-239-211-308-179 495 200 96 83.70466 150 120 180
312 312-311-300-297-298-294-288-289-287-292-274-261-250-272-273-236-189-239-211-308-179 495 200 96 89.23097 150 120 180
312 312-311-300-297-298-294-288-289-287-292-274-261-250-272-273-236-189-239-211-308-179 495 200 96 95.12213 150 120 180
312 312-311-300-297-298-294-288-289-287-292-274-261-250-272-273-236-189-239-211-308-179 495 200 96 101.40224 150 120 180
312 312-311-300-297-298-294-288-289-287-292-274-261-250-272-273-236-189-239-211-308-179 495 200 96 108.09696 150 120 180
312 312-311-300-297-298-294-288-289-287-292-274-261-250-272-273-236-189-239-211-308-179 495 200 96 115.23369 150 120 180
312 312-311-300-297-298-294-288-289-287-292-274-261-250-272-273-236-189-239-211-308-179 495 200 96 122.84159 150 120 180
312 312-311-300-297-298-294-288-289-287-292-274-261-250-272-273-236-189-239-211-308-179 495 200 96 130.95178 150 120 180
312 312-311-300-297-298-294-288-289-287-292-274-261-250-272-273-236-189-239-211-308-179 495 200 96 139.59741 150 120 180
312 312-311-300-297-298-294-288-289-287-292-274-261-250-272-273-236-189-239-211-308-179 495 200 96 148.81384 150 120 180
312 312-311-300-297-298-294-288-289-287-292-274-261-250-272-273-236-189-239-211-308-179 495 200 96 158.63875 150 120 180
312 312-311-300-297-298-294-288-289-287-292-274-261-250-272-273-236-189-239-211-308-179 495 200 96 169.11232 150 120 180
312 312-311-300-297-298-294-288-289-287-292-274-261-250-272-273-236-189-239-211-308-179 495 200 96 180.27737 150 120 180
312 312-311-300-297-298-294-288-289-287-292-274-261-250-272-273-236-189-239-211-308-179 495 200 96 192.17956 150 120 180
312 312-311-300-297-298-294-288-289-287-292-274-261-250-272-273-236-189-239-211-308-179 495 200 96 204.86754 150 120 180
312 312-311-300-297-298-294-288-289-287-292-274-261-250-272-273-236-189-239-211-308-179 495 200 96 218.3932 150 120 180
312 312-311-300-297-298-294-288-289-287-292-274-261-250-272-273-236-189-239-211-308-179 495 200 96 232.81185 150 120 180
312 312-311-300-297-298-294-288-289-287-292-274-261-250-272-273-236-189-239-211-308-179 495 200 96 248.18244 150 120 180
312 312-311-300-297-298-294-288-289-287-292-274-261-250-272-273-236-189-239-211-308-179 495 200 96 264.56782 150 120 180
312 312-311-300-297-298-294-288-289-287-292-274-261-250-272-273-236-189-239-211-308-179 495 200 96 282.03499 150 120 180
312 312-311-300-297-298-294-288-289-287-292-274-261-250-272-273-236-189-239-211-308-179 495 200 96 300.65536 150 120 180
312 312-311-300-297-298-294-288-289-287-292-274-261-250-272-273-236-189-239-211-308-179 495 200 96 320.50508 150 120 180
312 312-311-300-297-298-294-288-289-287-292-274-261-250-272-273-236-189-239-211-308-179 495 200 96 341.66531 150 120 180
312 312-311-300-297-298-294-288-289-287-292-274-261-250-272-273-236-189-239-211-308-179 495 200 96 364.22257 150 120 180
312 312-311-300-297-298-294-288-289-287-292-274-261-250-272-273-236-189-239-211-308-179 495 200 96 388.26909 150 120 180
312 312-311-300-297-298-294-288-289-287-292-274-261-250-272-273-236-189-239-211-308-179 495 200 96 413.9032 150 120 180
312 312-311-300-297-298-294-288-289-287-292-274-261-250-272-273-236-189-239-211-308-179 495 200 96 441.22971 150 120 180
312 312-311-300-297-298-294-288-289-287-292-274-261-250-272-273-236-189-239-211-308-179 495 200 96 470.36036 150 120 180
312 312-311-300-297-298-294-288-289-287-292-274-261-250-272-273-236-189-239-211-308-179 495 200 96 501.41426 150 120 180
312 312-311-300-297-298-294-288-289-287-292-274-261-250-272-273-236-189-239-211-308-179 495 200 96 534.51838 150 120 180
312 312-311-300-297-298-294-288-289-287-292-274-261-250-272-273-236-189-239-211-308-179 495 200 96 569.80809 150 120 180
312 312-311-300-297-298-294-288-289-287-292-274-261-250-272-273-236-189-239-211-308-179 495 200 96 607.42768 150 120 180
312 312-311-300-297-298-294-288-289-287-292-274-261-250-272-273-236-189-239-211-308-179 495 200 96 647.53097 150 120 180
312 312-311-300-297-298-294-288-289-287-292-274-261-250-272-273-236-189-239-211-308-179 495 200 96 690.28194 150 120 180
312 312-311-300-297-298-294-288-289-287-292-274-261-250-272-273-236-189-239-211-308-179 495 200 96 735.85539 150 120 180
312 312-311-300-297-298-294-288-289-287-292-274-261-250-272-273-236-189-239-211-308-179 495 200 96 784.43767 150 120 180
312 312-311-300-297-298-294-288-289-287-292-274-261-250-272-273-236-189-239-211-308-179 495 200 96 836.22743 150 120 180
312 312-311-300-297-298-294-288-289-287-292-274-261-250-272-273-236-189-239-211-308-179 495 200 96 891.43642 150 120 180
312 312-311-300-297-298-294-288-289-287-292-274-261-250-272-273-236-189-239-211-308-179 495 200 96 950.29039 150 120 180
312 312-311-300-297-298-294-288-289-287-292-274-261-250-272-273-236-189-239-211-308-179 495 200 96 1013.03 150 120 180
312 312-311-300-297-298-294-288-289-287-292-274-261-250-272-273-236-189-239-211-308-179 495 200 96 1079.91176 150 120 180
312 312-311-300-297-298-294-288-289-287-292-274-261-250-272-273-236-189-239-211-308-179 495 200 96 1151.20916 150 120 180
312 312-311-300-297-298-294-288-289-287-292-274-261-250-272-273-236-189-239-211-308-179 495 200 96 1227.21372 150 120 180
312 312-311-300-297-298-294-288-289-287-292-274-261-250-272-273-236-189-239-211-308-179 495 200 96 1308.23622 150 120 180
312 312-311-300-297-298-294-288-289-287-292-274-261-250-272-273-236-189-239-211-308-179 495 200 96 1394.60794 150 120 180
312 312-311-300-297-298-294-288-289-287-292-274-261-250-272-273-236-189-239-211-308-179 495 200 96 1486.68206 150 120 180
312 312-311-300-297-298-294-288-289-287-292-274-261-250-272-273-236-189-239-211-308-179 495 200 96 1584.83505 150 120 180
312 312-311-300-297-298-294-288-289-287-292-274-261-250-272-273-236-189-239-211-308-179 495 200 96 1689.46824 150 120 180
312 312-311-300-297-298-294-288-289-287-292-274-261-250-272-273-236-189-239-211-308-179 495 200 96 1801.00948 158 126 190
312 312-311-300-297-298-294-288-289-287-292-274-261-250-272-273-236-189-239-211-308-179 495 200 96 1919.85287 185 148 222
312 312-311-300-297-298-294-288-289-287-292-274-261-250-272-273-236-189-239-211-308-179 495 200 96 2046.31543 185 148 222
312 312-311-300-297-298-294-288-289-287-292-274-261-250-272-273-236-189-239-211-308-179 495 200 96 2181.10821 232 185 279
312 312-311-300-297-298-294-288-289-287-292-274-261-250-272-273-236-189-239-211-308-179 495 200 96 2324.33901 288 230 346
312 312-311-300-297-298-294-288-289-287-292-274-261-250-272-273-236-189-239-211-308-179 495 200 96 2476.41576 533 426 640
312 312-311-300-297-298-294-288-289-287-292-274-261-250-272-273-236-189-239-211-308-179 495 200 96 2635.83303 847 677 1017
312 312-311-300-297-298-294-288-289-287-292-274-261-250-272-273-236-189-239-211-308-179 495 200 96 2801.95286 1440 1152 1728
312 312-311-300-297-298-294-288-289-287-292-274-261-250-272-273-236-189-239-211-308-179 495 200 96 2971.39569 2400 1920 2880
312 312-311-300-297-298-294-288-289-287-292-274-261-250-272-273-236-189-239-211-308-179 495 200 96 3138.81626 14400 11519 17281
312 312-311-300-297-298-294-288-289-287-292-274-261-250-272-273-236-189-239-211-308-179 495 200 384 3138.81626 9600 8639 10561
312 312-311-300-297-298-294-288-289-287-292-274-261-250-272-273-236-189-239-211-308-179 495 200 384 3178.6421 11520 10367 12673
312 312-311-300-297-298-294-288-289-287-292-274-261-250-272-273-236-189-239-211-308-179 495 200 384 3205.84855 19200 17279 21121
312 312-311-300-297-298-294-288-289-287-292-274-261-250-272-273-236-189-239-211-308-179 495 200 384 3180.33964 28800 25919 31681
312 312-311-300-297-298-294-288-289-287-292-274-261-250-272-273-236-189-239-211-308-179 495 200 384 3089.37509 6400 5759 7041
312 312-311-300-297-298-294-288-289-287-292-274-261-250-272-273-236-189-239-211-308-179 495 200 384 3149.83383 9600 8639 10561
312 312-311-300-297-298-294-288-289-287-292-274-261-250-272-273-236-189-239-211-308-179 495 200 384 3189.79946 11520 10367 12673
312 312-311-300-297-298-294-288-289-287-292-274-261-250-272-273-236-189-239-211-308-179 495 200 384 3217.1014 19200 17279 21121
312 312-311-300-297-298-294-288-289-287-292-274-261-250-272-273-236-189-239-211-308-179 495 200 384 3191.50296 19200 17279 21121
312 312-311-300-297-298-294-288-289-287-292-274-261-250-272-273-236-189-239-211-308-179 495 200 384 3166.10821 5236 4712 5760
312 312-311-300-297-298-294-288-289-287-292-274-261-250-272-273-236-189-239-211-308-179 495 200 384 3235.99409 28800 25919 31681
312 312-311-300-297-298-294-288-289-287-292-274-261-250-272-273-236-189-239-211-308-179 495 200 384 3143.4377 7200 6479 7921
312 312-311-300-297-298-294-288-289-287-292-274-261-250-272-273-236-189-239-211-308-179 495 200 384 3199.54637 8229 7405 9053
312 312-311-300-297-298-294-288-289-287-292-274-261-250-272-273-236-189-239-211-308-179 495 200 384 3249.57627 14400 12959 15841
312 312-311-300-297-298-294-288-289-287-292-274-261-250-272-273-236-189-239-211-308-179 495 200 1537 3249.57627 17735 16848 18622
312 312-311-300-297-298-294-288-289-287-292-274-261-250-272-273-236-189-239-211-308-179 495 200 1537 3241.7668 17735 16848 18622
312 312-311-300-297-298-294-288-289-287-292-274-261-250-272-273-236-189-239-211-308-179 495 200 1537 3233.9761 20959 19911 22007
312 312-311-300-297-298-294-288-289-287-292-274-261-250-272-273-236-189-239-211-308-179 495 200 1537 3214.99301 19212 18251 20173
312 312-311-300-297-298-294-288-289-287-292-274-261-250-272-273-236-189-239-211-308-179 495 200 1537 3202.16069 14409 13688 15130
312 312-311-300-297-298-294-288-289-287-292-274-261-250-272-273-236-189-239-211-308-179 495 200 1537 3205.91721 9606 9125 10087
312 312-311-300-297-298-294-288-289-287-292-274-261-250-272-273-236-189-239-211-308-179 495 200 1537 3226.23514 19212 18251 20173
312 312-311-300-297-298-294-288-289-287-292-274-261-250-272-273-236-189-239-211-308-179 495 200 1537 3213.35795 15370 14601 16139
