data_dim axes n_training window_size n_sim threshold arl_est arl_lower arl_upper
312 250-254-236-239-249-285-258-292-273-270-242-287-272-262-286 495 200 96 27 150 120 180
312 250-254-236-239-249-285-258-292-273-270-242-287-272-262-286 495 200 96 28.78258 150 120 180
312 250-254-236-239-249-285-258-292-273-270-242-287-272-262-286 495 200 96 30.68285 150 120 180
312 250-254-236-239-249-285-258-292-273-270-242-287-272-262-286 495 200 96 32.70858 150 120 180
312 250-254-236-239-249-285-258-292-273-270-242-287-272-262-286 495 200 96 34.86805 150 120 180
312 250-254-236-239-249-285-258-292-273-270-242-287-272-262-286 495 200 96 37.17009 150 120 180
312 250-254-236-239-249-285-258-292-273-270-242-287-272-262-286 495 200 96 39.62411 150 120 180
312 250-254-236-239-249-285-258-292-273-270-242-287-272-262-286 495 200 96 42.24016 150 120 180
312 250-254-236-239-249-285-258-292-273-270-242-287-272-262-286 495 200 96 45.02892 150 120 180
312 250-254-236-239-249-285-258-292-273-270-242-287-272-262-286 495 200 96 48.00179 150 120 180
312 250-254-236-239-249-285-258-292-273-270-242-287-272-262-286 495 200 96 51.17094 150 120 180
312 250-254-236-239-249-285-258-292-273-270-242-287-272-262-286 495 200 96 54.54933 150 120 180
312 250-254-236-239-249-285-258-292-273-270-242-287-272-262-286 495 200 96 58.15075 150 120 180
312 250-254-236-239-249-285-258-292-273-270-242-287-272-262-286 495 200 96 61.98996 150 120 180
312 250-254-236-239-249-285-258-292-273-270-242-287-272-262-286 495 200 96 66.08263 150 120 180
312 250-254-236-239-249-285-258-292-273-270-242-287-272-262-286 495 200 96 70.4455 150 120 180
312 250-254-236-239-249-285-258-292-273-270-242-287-272-262-286 495 200 96 75.09642 150 120 180
312 250-254-236-239-249-285-258-292-273-270-242-287-272-262-286 495 200 96 80.0544 150 120 180
312 250-254-236-239-249-285-258-292-273-270-242-287-272-262-286 495 200 96 85.33971 150 120 180
312 250-254-236-239-249-285-258-292-273-270-242-287-272-262-286 495 200 96 90.97396 150 120 180
312 250-254-236-239-249-285-258-292-273-270-242-287-272-262-286 495 200 96 96.9802 150 120 180
312 250-254-236-239-249-285-258-292-273-270-242-287-272-262-286 495 200 96 103.38298 150 120 180
312 250-254-236-239-249-285-258-292-273-270-242-287-272-262-286 495 200 96 110.20848 150 120 180
312 250-254-236-239-249-285-258-292-273-270-242-287-272-262-286 495 200 96 117.48461 150 120 180
312 250-254-236-239-249-285-258-292-273-270-242-287-272-262-286 495 200 96 125.24112 150 120 180
312 250-254-236-239-249-285-258-292-273-270-242-287-272-262-286 495 200 96 133.50973 150 120 180
312 250-254-236-239-249-285-258-292-273-270-242-287-272-262-286 495 200 96 142.32424 150 120 180
312 250-254-236-239-249-285-258-292-273-270-242-287-272-262-286 495 200 96 151.7207 150 120 180
312 250-254-236-239-249-285-258-292-273-270-242-287-272-262-286 495 200 96 161.73753 150 120 180
312 250-254-236-239-249-285-258-292-273-270-242-287-272-262-286 495 200 96 172.41569 150 120 180
312 250-254-236-239-249-285-258-292-273-270-242-287-272-262-286 495 200 96 183.79883 150 120 180
312 250-254-236-239-249-285-258-292-273-270-242-287-272-262-286 495 200 96 195.93351 150 120 180
312 250-254-236-239-249-285-258-292-273-270-242-287-272-262-286 495 200 96 208.86933 150 120 180
312 250-254-236-239-249-285-258-292-273-270-242-287-272-262-286 495 200 96 222.6592 150 120 180
312 250-254-236-239-249-285-258-292-273-270-242-287-272-262-286 495 200 96 237.35949 150 120 180
312 250-254-236-239-249-285-258-292-273-270-242-287-272-262-286 495 200 96 253.03033 150 120 180
312 250-254-236-239-249-285-258-292-273-270-242-287-272-262-286 495 200 96 269.73577 150 120 180
312 250-254-236-239-249-285-258-292-273-270-242-287-272-262-286 495 200 96 287.54413 150 120 180
312 250-254-236-239-249-285-258-292-273-270-242-287-272-262-286 495 200 96 306.52823 150 120 180
312 250-254-236-239-249-285-258-292-273-270-242-287-272-262-286 495 200 96 326.76568 150 120 180
312 250-254-236-239-249-285-258-292-273-270-242-287-272-262-286 495 200 96 348.33924 150 120 180
312 250-254-236-239-249-285-258-292-273-270-242-287-272-262-286 495 200 96 371.33713 150 120 180
312 250-254-236-239-249-285-258-292-273-270-242-287-272-262-286 495 200 96 395.85336 150 120 180
312 250-254-236-239-249-285-258-292-273-270-242-287-272-262-286 495 200 96 421.9882 150 120 180
312 250-254-236-239-249-285-258-292-273-270-242-287-272-262-286 495 200 96 449.84849 150 120 180
312 250-254-236-239-249-285-258-292-273-270-242-287-272-262-286 495 200 96 479.54817 150 120 180
312 250-254-236-239-249-285-258-292-273-270-242-287-272-262-286 495 200 96 511.20866 150 120 180
312 250-254-236-239-249-285-258-292-273-270-242-287-272-262-286 495 200 96 544.95942 150 120 180
312 250-254-236-239-249-285-258-292-273-270-242-287-272-262-286 495 200 96 580.93847 150 120 180
312 250-254-236-239-249-285-258-292-273-270-242-287-272-262-286 495 200 96 619.2929 150 120 180
312 250-254-236-239-249-285-258-292-273-270-242-287-272-262-286 495 200 96 660.17955 150 120 180
312 250-254-236-239-249-285-258-292-273-270-242-287-272-262-286 495 200 96 703.76559 150 120 180
312 250-254-236-239-249-285-258-292-273-270-242-287-272-262-286 495 200 96 750.22926 150 120 180
312 250-254-236-239-249-285-258-292-273-270-242-287-272-262-286 495 200 96 799.76052 150 120 180
312 250-254-236-239-249-285-258-292-273-270-242-287-272-262-286 495 200 96 852.56192 150 120 180
312 250-254-236-239-249-285-258-292-273-270-242-287-272-262-286 495 200 96 908.84934 150 120 180
312 250-254-236-239-249-285-258-292-273-270-242-287-272-262-286 495 200 96 968.85294 152 121 183
312 250-254-236-239-249-285-258-292-273-270-242-287-272-262-286 495 200 96 1032.80973 152 121 183
312 250-254-236-239-249-285-258-292-273-270-242-287-272-262-286 495 200 96 1100.9885 157 125 189
312 250-254-236-239-249-285-258-292-273-270-242-287-272-262-286 495 200 96 1173.64427 167 133 201
312 250-254-236-239-249-285-258-292-273-270-242-287-272-262-286 495 200 96 1251.04422 185 148 222
312 250-254-236-239-249-285-258-292-273-270-242-287-272-262-286 495 200 96 1333.45171 209 167 251
312 250-254-236-239-249-285-258-292-273-270-242-287-272-262-286 495 200 96 1421.14982 244 195 293
312 250-254-236-239-249-285-258-292-273-270-242-287-272-262-286 495 200 96 1514.4017 300 240 360
312 250-254-236-239-249-285-258-292-273-270-242-287-272-262-286 495 200 96 1613.40775 758 606 910
312 250-254-236-239-249-285-258-292-273-270-242-287-272-262-286 495 200 96 1715.70821 600 480 720
312 250-254-236-239-249-285-258-292-273-270-242-287-272-262-286 495 200 96 1825.66112 3600 2879 4321
312 250-254-236-239-249-285-258-292-273-270-242-287-272-262-286 495 200 96 1919.10356 2057 1645 2469
312 250-254-236-239-249-285-258-292-273-270-242-287-272-262-286 495 200 96 2030.06489 7200 5759 8641
312 250-254-236-239-249-285-258-292-273-270-242-287-272-262-286 495 200 96 2102.53602 72000 57597 86403
312 250-254-236-239-249-285-258-292-273-270-242-287-272-262-286 495 200 96 1591.59716 533 426 640
312 250-254-236-239-249-285-258-292-273-270-242-287-272-262-286 495 200 96 1694.05495 1108 886 1330
312 250-254-236-239-249-285-258-292-273-270-242-287-272-262-286 495 200 96 1798.91877 2057 1645 2469
312 250-254-236-239-249-285-258-292-273-270-242-287-272-262-286 495 200 96 1902.93109 3600 2879 4321
312 250-254-236-239-249-285-258-292-273-270-242-287-272-262-286 495 200 96 2000.32842 3600 2879 4321
312 250-254-236-239-249-285-258-292-273-270-242-287-272-262-286 495 200 96 2102.71083 2880 2303 3457
312 250-254-236-239-249-285-258-292-273-270-242-287-272-262-286 495 200 96 2216.84507 72000 57597 86403
312 250-254-236-239-249-285-258-292-273-270-242-287-272-262-286 495 200 96 1678.12788 686 548 824
312 250-254-236-239-249-285-258-292-273-270-242-287-272-262-286 495 200 96 1785.05169 758 606 910
312 250-254-236-239-249-285-258-292-273-270-242-287-272-262-286 495 200 96 1898.23548 7200 5759 8641
312 250-254-236-239-249-285-258-292-273-270-242-287-272-262-286 495 200 96 1966.00045 3600 2879 4321
312 250-254-236-239-249-285-258-292-273-270-242-287-272-262-286 495 200 96 2066.62585 72000 57597 86403
312 250-254-236-239-249-285-258-292-273-270-242-287-272-262-286 495 200 96 1564.41355 436 348 524
312 250-254-236-239-249-285-258-292-273-270-242-287-272-262-286 495 200 96 1665.77409 626 500 752
312 250-254-236-239-249-285-258-292-273-270-242-287-272-262-286 495 200 96 1772.34064 900 720 1080
312 250-254-236-239-249-285-258-292-273-270-242-287-272-262-286 495 200 96 1883.63601 2057 1645 2469
312 250-254-236-239-249-285-258-292-273-270-242-287-272-262-286 495 200 96 1992.54663 7200 5759 8641
312 250-254-236-239-249-285-258-292-273-270-242-287-272-262-286 495 200 96 2063.6784 3600 2879 4321
312 250-254-236-239-249-285-258-292-273-270-242-287-272-262-286 495 200 96 2169.30323 72000 57597 86403
312 250-254-236-239-249-285-258-292-273-270-242-287-272-262-286 495 200 96 1642.13922 533 426 640
312 250-254-236-239-249-285-258-292-273-270-242-287-272-262-286 495 200 96 1747.85061 600 480 720
312 250-254-236-239-249-285-258-292-273-270-242-287-272-262-286 495 200 96 1859.8634 2880 2303 3457
312 250-254-236-239-249-285-258-292-273-270-242-287-272-262-286 495 200 96 1960.81598 3600 2879 4321
312 250-254-236-239-249-285-258-292-273-270-242-287-272-262-286 495 200 96 2061.17603 7200 5759 8641
312 250-254-236-239-249-285-258-292-273-270-242-287-272-262-286 495 200 96 2134.7578 14400 11519 17281
312 250-254-236-239-249-285-258-292-273-270-242-287-272-262-286 495 200 384 2134.7578 9600 8639 10561
312 250-254-236-239-249-285-258-292-273-270-242-287-272-262-286 495 200 384 2161.84397 19200 17279 21121
312 250-254-236-239-249-285-258-292-273-270-242-287-272-262-286 495 200 384 2144.6422 288000 259194 316806
312 250-254-236-239-249-285-258-292-273-270-242-287-272-262-286 495 200 384 887.83575 150 135 165
312 250-254-236-239-249-285-258-292-273-270-242-287-272-262-286 495 200 384 917.14388 151 135 167
312 250-254-236-239-249-285-258-292-273-270-242-287-272-262-286 495 200 384 947.41751 151 135 167
312 250-254-236-239-249-285-258-292-273-270-242-287-272-262-286 495 200 384 978.69044 151 135 167
312 250-254-236-239-249-285-258-292-273-270-242-287-272-262-286 495 200 384 1010.99564 152 136 168
312 250-254-236-239-249-285-258-292-273-270-242-287-272-262-286 495 200 384 1044.36502 153 137 169
312 250-254-236-239-249-285-258-292-273-270-242-287-272-262-286 495 200 384 1078.83356 154 138 170
312 250-254-236-239-249-285-258-292-273-270-242-287-272-262-286 495 200 384 1114.43739 157 141 173
312 250-254-236-239-249-285-258-292-273-270-242-287-272-262-286 495 200 384 1151.20903 158 142 174
312 250-254-236-239-249-285-258-292-273-270-242-287-272-262-286 495 200 384 1189.1915 163 146 180
312 250-254-236-239-249-285-258-292-273-270-242-287-272-262-286 495 200 384 1228.41436 170 153 187
312 250-254-236-239-249-285-258-292-273-270-242-287-272-262-286 495 200 384 1268.91241 175 157 193
312 250-254-236-239-249-285-258-292-273-270-242-287-272-262-286 495 200 384 1310.73194 177 159 195
312 250-254-236-239-249-285-258-292-273-270-242-287-272-262-286 495 200 384 1353.92408 201 180 222
312 250-254-236-239-249-285-258-292-273-270-242-287-272-262-286 495 200 384 1398.46964 232 208 256
312 250-254-236-239-249-285-258-292-273-270-242-287-272-262-286 495 200 384 1444.38756 257 231 283
312 250-254-236-239-249-285-258-292-273-270-242-287-272-262-286 495 200 384 1491.73552 305 274 336
312 250-254-236-239-249-285-258-292-273-270-242-287-272-262-286 495 200 384 1540.48159 367 330 404
312 250-254-236-239-249-285-258-292-273-270-242-287-272-262-286 495 200 384 1590.61515 420 378 462
312 250-254-236-239-249-285-258-292-273-270-242-287-272-262-286 495 200 384 1642.19897 514 462 566
312 250-254-236-239-249-285-258-292-273-270-242-287-272-262-286 495 200 384 1695.12369 768 691 845
312 250-254-236-239-249-285-258-292-273-270-242-287-272-262-286 495 200 384 1748.82812 1011 909 1113
312 250-254-236-239-249-285-258-292-273-270-242-287-272-262-286 495 200 384 1803.3201 1200 1080 1320
312 250-254-236-239-249-285-258-292-273-270-242-287-272-262-286 495 200 384 1858.77705 1920 1728 2112
312 250-254-236-239-249-285-258-292-273-270-242-287-272-262-286 495 200 384 1913.06133 3388 3049 3727
312 250-254-236-239-249-285-258-292-273-270-242-287-272-262-286 495 200 384 1962.89143 4800 4319 5281
312 250-254-236-239-249-285-258-292-273-270-242-287-272-262-286 495 200 384 2008.05904 4114 3702 4526
312 250-254-236-239-249-285-258-292-273-270-242-287-272-262-286 495 200 384 2057.22842 6400 5759 7041
312 250-254-236-239-249-285-258-292-273-270-242-287-272-262-286 495 200 384 2097.48816 11520 10367 12673
312 250-254-236-239-249-285-258-292-273-270-242-287-272-262-286 495 200 384 2115.44085 11520 10367 12673
312 250-254-236-239-249-285-258-292-273-270-242-287-272-262-286 495 200 384 2133.54721 57600 51838 63362
312 250-254-236-239-249-285-258-292-273-270-242-287-272-262-286 495 200 384 1940.38089 6400 5759 7041
312 250-254-236-239-249-285-258-292-273-270-242-287-272-262-286 495 200 384 1978.35394 3388 3049 3727
312 250-254-236-239-249-285-258-292-273-270-242-287-272-262-286 495 200 384 2029.88474 7200 6479 7921
312 250-254-236-239-249-285-258-292-273-270-242-287-272-262-286 495 200 384 2066.11709 9600 8639 10561
312 250-254-236-239-249-285-258-292-273-270-242-287-272-262-286 495 200 384 2092.33234 14400 12959 15841
312 250-254-236-239-249-285-258-292-273-270-242-287-272-262-286 495 200 1537 2092.33234 10979 10430 11528
312 250-254-236-239-249-285-258-292-273-270-242-287-272-262-286 495 200 1537 2102.50377 13562 12884 14240
312 250-254-236-239-249-285-258-292-273-270-242-287-272-262-286 495 200 1537 2106.88512 12808 12167 13449
312 250-254-236-239-249-285-258-292-273-270-242-287-272-262-286 495 200 1537 2112.98376 19212 18251 20173
312 250-254-236-239-249-285-258-292-273-270-242-287-272-262-286 495 200 1537 2104.55 12808 12167 13449
312 250-254-236-239-249-285-258-292-273-270-242-287-272-262-286 495 200 1537 2110.64188 13562 12884 14240
312 250-254-236-239-249-285-258-292-273-270-242-287-272-262-286 495 200 1537 2115.04019 28819 27378 30260
312 250-254-236-239-249-285-258-292-273-270-242-287-272-262-286 495 200 1537 2084.74963 10024 9522 10526
312 250-254-236-239-249-285-258-292-273-270-242-287-272-262-286 495 200 1537 2097.02499 19212 18251 20173
312 250-254-236-239-249-285-258-292-273-270-242-287-272-262-286 495 200 1537 2088.65493 10979 10430 11528
312 250-254-236-239-249-285-258-292-273-270-242-287-272-262-286 495 200 1537 2098.80849 11528 10951 12105
312 250-254-236-239-249-285-258-292-273-270-242-287-272-262-286 495 200 1537 2107.77243 12134 11527 12741
312 250-254-236-239-249-285-258-292-273-270-242-287-272-262-286 495 200 1537 2115.40121 13562 12884 14240
312 250-254-236-239-249-285-258-292-273-270-242-287-272-262-286 495 200 1537 2119.80943 17735 16848 18622
312 250-254-236-239-249-285-258-292-273-270-242-287-272-262-286 495 200 1537 2114.71505 16468 15644 17292
312 250-254-236-239-249-285-258-292-273-270-242-287-272-262-286 495 200 1537 2112.51393 17735 16848 18622
