"max_pca1" "max_pca2" "max_pca3" "max_pca5" "max_pca10" "max_pca20" "max_pca40" "min_pca1" "min_pca2" "min_pca3" "min_pca5" "min_pca10" "min_pca20" "min_pca40" "tpca0.8" "tpca0.9" "tpca0.95" "tpca0.99" "tpca0.995" "tpca0.999"
"1" 310 91 205 207 205 204 196 160 166 179 185 174 179 168 160 161 160 161 161 161
"2" 58 46 55 60 58 79 88 196 275 283 256 182 192 181 189 178 176 171 171 171
"3" 397 532 342 339 334 290 222 168 957 957 351 193 191 175 165 165 164 163 163 163
"4" 43 36 47 195 203 204 196 957 957 957 359 198 183 181 172 175 174 171 171 171
"5" 47 40 52 56 62 72 92 957 957 957 957 231 196 187 170 175 172 170 170 170
"6" 221 56 168 261 260 260 233 200 335 957 289 197 191 187 179 181 181 171 171 171
"7" 130 126 139 161 177 173 213 188 198 218 195 191 183 167 125 161 160 160 160 160
"8" 62 49 255 264 339 317 240 327 957 957 326 243 206 192 200 193 188 170 170 170
"9" 38 29 39 40 44 84 105 178 224 223 209 193 202 192 174 182 179 174 174 174
"10" 78 53 77 78 73 79 198 194 203 957 284 193 191 180 169 172 172 171 171 171
"11" 91 195 201 223 225 230 217 254 336 358 328 224 204 195 186 182 185 170 170 170
"12" 367 321 269 269 265 270 230 315 339 340 242 199 185 178 169 167 167 164 164 164
"13" 148 277 271 270 275 269 236 180 223 300 203 190 196 180 164 168 170 163 163 163
"14" 147 64 89 99 165 177 212 352 398 957 324 253 194 184 179 179 177 171 171 171
"15" 49 38 50 134 139 147 203 957 957 957 300 207 196 187 171 175 178 168 168 168
"16" 58 54 259 252 382 335 247 161 957 957 957 184 190 176 164 166 165 166 166 166
"17" 31 31 76 106 316 122 196 140 178 193 957 198 187 174 159 165 158 163 163 163
"18" 200 204 214 278 228 228 205 450 484 957 418 199 188 173 154 161 163 154 154 154
"19" 123 64 247 266 268 251 207 237 270 288 254 207 203 190 195 190 183 173 173 173
"20" 45 36 45 49 72 110 125 186 286 320 263 188 204 187 176 176 178 171 171 171
"21" 248 189 197 204 206 220 216 205 343 957 322 191 193 179 158 160 160 163 163 163
"22" 100 63 86 88 87 92 142 204 957 957 202 178 184 170 161 163 163 162 162 162
"23" 51 40 50 58 59 65 74 215 298 321 270 203 193 186 163 171 170 167 167 167
"24" 448 603 281 342 281 266 207 124 172 190 196 188 189 170 129 160 163 120 120 120
"25" 140 49 149 318 320 301 206 201 266 957 325 201 197 181 163 166 166 166 166 166
"26" 35 36 48 83 88 106 117 172 187 190 184 177 183 170 161 161 160 160 160 160
"27" 72 63 136 146 143 258 210 253 287 304 245 201 196 184 168 173 174 171 171 171
"28" 131 103 133 150 283 275 233 190 247 278 247 192 192 180 171 175 179 173 173 173
"29" 90 69 83 94 86 93 119 189 957 957 345 205 191 181 168 171 169 168 168 168
"30" 86 62 82 88 88 89 92 224 265 322 255 194 192 179 160 166 170 161 161 161
"31" 44 27 35 48 52 80 92 211 957 957 322 201 203 188 185 184 184 173 173 173
"32" 171 45 178 203 202 197 194 168 957 957 487 193 187 180 151 163 163 167 167 167
"33" 167 148 195 198 200 229 204 255 314 330 266 201 193 185 170 177 179 172 172 172
"34" 145 121 188 202 209 218 222 194 204 207 203 191 190 174 166 168 165 166 166 166
"35" 73 52 69 78 81 89 98 156 344 957 307 192 188 177 157 162 164 155 155 155
"36" 55 35 55 64 60 110 243 279 292 312 291 224 195 185 163 172 173 166 166 166
"37" 105 199 193 198 196 199 185 167 188 195 185 179 191 179 167 170 170 169 169 169
"38" 103 87 104 138 145 171 185 367 957 957 323 208 192 175 160 163 162 162 162 162
"39" 572 519 347 310 318 300 203 212 231 289 247 207 196 179 163 171 167 166 166 166
"40" 101 57 303 318 329 316 248 204 296 331 254 201 189 182 169 172 173 164 164 164
"41" 45 46 246 308 301 296 230 200 288 330 255 195 200 184 174 179 181 173 173 173
"42" 70 48 65 67 72 86 102 213 393 957 219 192 192 182 168 172 167 167 167 167
"43" 283 32 215 299 299 276 214 224 283 345 277 205 191 182 179 178 176 165 165 165
"44" 310 88 126 136 131 129 133 266 313 332 264 200 185 181 167 171 171 165 165 165
"45" 49 40 61 66 88 100 122 138 178 199 199 183 183 166 123 135 159 126 126 126
"46" 49 38 49 61 77 84 114 275 276 324 279 221 198 186 170 175 172 171 171 171
"47" 42 39 232 219 240 284 200 197 270 278 258 188 188 176 166 168 168 165 165 165
"48" 128 880 312 345 304 252 210 202 263 280 259 211 205 184 164 171 166 164 164 164
"49" 471 467 282 291 294 284 219 231 246 266 241 217 201 180 168 167 171 161 161 161
"50" 79 77 159 159 157 201 205 182 192 192 192 179 186 174 164 167 167 166 166 166
"51" 509 88 282 328 286 281 228 210 233 278 243 206 198 182 171 173 176 169 169 169
"52" 150 206 210 247 245 206 201 166 201 216 209 182 190 178 170 169 167 168 168 168
"53" 75 54 70 73 74 89 95 957 957 957 957 225 200 193 175 178 181 176 176 176
"54" 141 122 138 138 145 140 143 264 271 957 260 186 186 175 169 167 167 163 163 163
"55" 136 38 241 299 279 270 224 196 255 257 212 192 189 176 121 163 163 162 162 162
"56" 83 67 107 106 100 107 213 324 324 332 308 181 184 175 161 164 163 165 165 165
"57" 71 49 64 71 73 76 80 165 233 256 202 190 194 185 172 178 175 164 164 164
"58" 70 51 78 82 92 101 144 198 311 337 286 189 190 185 172 173 175 173 173 173
"59" 124 52 262 287 289 247 217 221 252 253 216 187 187 174 160 163 165 163 163 163
"60" 225 60 174 178 323 314 192 169 187 188 187 183 189 183 165 171 171 168 168 168
"61" 155 81 240 104 249 242 215 320 320 358 304 217 194 171 131 135 160 161 161 161
"62" 86 52 253 313 313 264 202 203 212 241 227 198 189 182 169 173 173 169 169 169
"63" 85 36 65 75 95 100 108 304 304 957 337 188 187 172 151 161 160 163 163 163
"64" 199 466 293 268 263 262 224 957 957 957 351 234 188 178 164 168 169 168 168 168
"65" 223 67 215 221 219 215 211 280 351 957 318 252 220 194 183 182 176 169 169 169
"66" 66 50 65 77 83 103 244 957 327 957 296 190 194 179 178 172 174 166 166 166
"67" 260 49 97 264 242 224 194 199 242 292 220 191 191 184 174 176 175 169 169 169
"68" 133 147 220 225 228 230 213 167 185 194 184 173 184 165 160 161 160 162 162 162
"69" 84 49 85 89 87 104 121 194 328 333 290 200 193 173 144 158 165 144 144 144
"70" 455 138 284 251 243 121 117 234 249 251 243 207 197 186 162 172 172 163 163 163
"71" 165 35 216 281 277 275 225 322 957 957 397 248 201 184 172 174 176 168 168 168
"72" 373 181 184 191 201 249 203 327 325 328 267 192 179 171 151 160 160 151 151 151
"73" 100 99 127 120 105 118 222 302 324 329 274 193 191 178 166 168 168 169 169 169
"74" 46 41 52 98 100 108 116 202 298 316 202 191 189 176 139 165 166 163 163 163
"75" 204 229 243 241 230 233 195 169 186 190 185 179 189 173 163 164 164 162 162 162
"76" 74 63 86 83 111 256 221 221 294 326 261 184 185 177 169 171 167 167 167 167
"77" 71 259 253 265 265 240 204 165 194 197 184 179 180 167 109 146 161 114 114 114
"78" 131 46 77 119 132 139 173 178 183 191 197 189 190 177 167 171 172 171 171 171
"79" 63 51 88 93 92 96 183 957 957 957 327 195 196 183 169 171 170 169 169 169
"80" 67 52 65 72 257 269 198 298 302 326 288 239 187 182 171 175 173 169 169 169
"81" 53 42 52 55 62 79 101 160 957 957 315 187 188 180 176 175 175 170 170 170
"82" 54 51 67 69 78 100 126 189 303 314 290 199 200 189 172 176 180 171 171 171
"83" 68 71 91 181 196 202 200 131 184 198 204 190 192 180 160 164 163 165 165 165
"84" 80 44 64 67 64 80 125 857 957 957 349 226 204 183 165 171 172 168 168 168
"85" 56 40 61 70 78 86 91 957 957 957 957 257 200 186 179 178 180 167 167 167
"86" 105 65 162 154 157 122 122 162 246 262 262 181 181 170 125 160 161 153 153 153
"87" 71 67 110 114 116 130 148 469 957 957 329 218 197 187 176 178 182 172 172 172
"88" 168 190 201 269 275 263 202 210 319 355 339 203 198 177 160 169 167 156 156 156
"89" 82 52 73 80 84 103 204 256 257 278 228 187 184 170 164 167 166 163 163 163
"90" 52 43 52 54 58 62 256 137 376 383 288 197 205 189 175 181 182 171 171 171
"91" 153 47 98 97 98 166 200 258 287 324 285 215 204 190 183 183 181 172 172 172
"92" 363 136 263 140 268 198 196 263 278 282 273 208 199 195 179 183 184 175 175 175
"93" 305 53 303 189 164 156 189 613 957 957 325 241 194 186 178 179 178 173 173 173
"94" 78 31 52 79 82 101 116 187 229 348 198 191 195 186 182 182 181 174 174 174
"95" 62 139 292 297 290 256 224 256 278 299 264 194 189 174 167 168 168 167 167 167
"96" 65 51 72 76 80 275 206 211 312 323 267 183 190 183 172 175 174 170 170 170
"97" 48 42 55 74 140 131 223 160 195 225 189 170 179 169 160 161 159 158 158 158
"98" 120 128 178 248 247 232 198 957 351 957 243 183 192 184 184 181 181 169 169 169
"99" 132 74 232 239 242 231 227 199 239 250 232 196 193 177 162 165 169 161 161 161
"100" 54 46 59 148 152 174 188 219 346 957 274 201 196 182 175 177 178 172 172 172
"101" 173 284 236 252 244 241 217 216 229 253 231 210 195 181 175 175 179 168 168 168
"102" 105 40 92 114 126 183 229 209 264 316 248 202 198 182 170 173 174 170 170 170
"103" 128 73 161 171 164 191 199 186 193 293 199 187 187 181 162 165 164 167 167 167
"104" 52 40 54 59 92 114 210 723 957 957 298 229 198 188 175 177 176 169 169 169
"105" 203 52 79 198 200 181 136 129 194 352 317 198 183 169 138 151 152 159 159 159
"106" 137 259 260 265 270 268 244 957 957 957 957 214 189 175 155 165 169 166 166 166
"107" 65 38 46 74 70 76 106 330 957 957 347 241 201 185 161 168 172 164 164 164
"108" 44 36 47 49 50 58 62 231 267 291 231 196 200 184 178 179 176 168 168 168
"109" 147 582 305 286 287 285 225 308 957 957 338 239 200 192 188 188 188 177 177 177
"110" 457 42 79 181 83 83 73 212 234 246 225 188 190 177 162 166 168 166 166 166
"111" 114 262 239 251 258 242 211 345 355 957 341 208 189 176 166 166 169 166 166 166
"112" 106 103 292 277 283 275 203 206 227 300 225 198 179 175 144 156 153 163 163 163
"113" 215 53 198 200 190 261 205 175 188 957 198 186 192 182 170 173 174 172 172 172
"114" 50 51 284 307 299 284 211 206 213 957 206 190 188 181 161 169 169 169 169 169
"115" 35 36 45 124 109 100 109 144 284 285 251 200 206 185 161 168 175 166 166 166
"116" 146 80 112 121 124 138 154 176 189 192 186 186 191 182 170 173 174 172 172 172
"117" 86 48 78 85 88 104 138 195 256 260 209 199 198 180 171 174 175 171 171 171
"118" 60 57 89 113 116 126 130 284 292 300 290 194 185 171 148 162 161 145 145 145
"119" 76 34 238 228 209 209 199 216 223 226 220 202 203 195 187 185 188 178 178 178
"120" 109 103 154 259 261 249 215 281 293 294 269 233 220 184 175 176 176 163 163 163
"121" 141 48 65 102 105 111 119 264 287 290 268 227 225 195 178 183 188 175 175 175
"122" 133 72 193 158 121 118 67 189 209 957 212 186 184 168 117 137 151 124 124 124
"123" 61 47 60 87 91 97 110 957 325 957 274 209 199 188 182 180 184 169 169 169
"124" 65 53 65 60 67 265 236 230 331 957 289 198 187 168 146 147 160 161 161 161
"125" 364 667 270 269 269 247 208 207 311 957 277 209 198 187 179 179 181 173 173 173
"126" 42 32 43 59 85 94 120 164 224 230 197 180 187 177 163 165 168 166 166 166
"127" 111 75 104 112 188 266 239 185 957 957 957 199 194 181 133 159 154 165 165 165
"128" 44 40 53 57 56 140 226 333 330 350 304 195 204 187 171 172 173 165 165 165
"129" 97 135 221 245 250 247 201 211 270 283 203 181 187 181 171 171 168 168 168 168
"130" 445 58 106 282 287 296 256 326 339 957 312 206 199 186 188 186 188 173 173 173
"131" 83 60 83 245 236 243 229 193 235 244 203 187 188 178 165 167 165 166 166 166
"132" 80 74 82 84 87 85 86 161 177 182 190 185 182 176 159 162 160 161 161 161
"133" 60 38 66 70 76 78 103 209 218 235 216 201 203 194 184 184 180 172 172 172
"134" 368 51 325 337 332 314 202 153 957 957 292 187 180 173 163 165 161 155 155 155
"135" 142 63 114 119 117 128 194 957 957 957 359 214 182 177 149 163 167 167 167 167
"136" 525 247 236 229 230 238 203 162 202 205 201 182 182 179 173 175 170 170 170 170
"137" 181 61 83 243 220 208 195 201 288 289 238 200 194 186 180 182 182 176 176 176
"138" 113 74 100 112 119 134 253 251 338 417 322 234 207 179 170 174 174 168 168 168
"139" 118 34 337 321 300 284 205 287 323 335 267 200 195 181 168 172 170 169 169 169
"140" 96 52 105 110 112 115 124 177 340 957 203 188 186 177 163 166 172 165 165 165
"141" 67 48 64 67 65 67 67 192 227 300 216 192 192 179 165 168 171 161 161 161
"142" 284 520 519 322 287 276 131 95 112 163 172 180 187 168 101 111 119 108 108 108
"143" 102 68 341 371 325 288 215 309 319 345 296 198 193 182 182 174 174 167 167 167
"144" 98 95 125 131 130 148 173 162 184 188 201 190 200 188 171 180 176 172 172 172
"145" 957 266 262 276 277 257 195 178 192 191 189 181 189 176 165 166 166 167 167 167
"146" 56 43 58 66 65 180 241 161 180 183 180 170 176 170 160 162 163 165 165 165
"147" 166 28 220 251 251 248 221 201 245 314 246 197 188 177 167 168 165 162 162 162
"148" 65 39 57 65 103 110 98 186 231 209 197 186 186 174 142 161 142 121 121 121
"149" 178 34 44 72 68 88 192 179 198 203 196 195 195 180 164 168 170 170 170 170
"150" 102 104 327 348 326 297 212 161 341 957 322 232 196 192 183 185 185 173 173 173
"151" 57 43 70 78 79 133 123 105 163 202 196 185 179 172 130 148 159 128 128 128
"152" 82 45 218 235 241 298 208 307 320 325 262 199 180 172 164 166 164 164 164 164
"153" 67 38 58 86 93 109 125 215 234 235 229 194 196 182 169 170 169 170 170 170
"154" 83 228 225 362 241 225 217 190 238 265 216 190 189 177 170 172 171 168 168 168
"155" 82 33 120 143 139 126 127 296 320 335 297 256 187 181 173 175 172 162 162 162
"156" 81 63 81 83 81 84 103 503 554 567 513 203 193 180 175 172 170 167 167 167
"157" 224 224 221 222 226 228 223 93 333 957 289 184 175 158 99 111 138 118 118 118
"158" 133 415 291 280 277 271 217 428 957 957 258 188 177 172 161 162 162 164 164 164
"159" 51 55 88 92 96 290 245 235 347 957 307 192 195 189 172 181 181 173 173 173
"160" 108 81 95 102 109 263 207 374 957 957 334 186 186 164 141 147 151 129 129 129
"161" 136 89 115 313 261 260 218 180 243 249 241 192 182 168 161 162 162 163 163 163
"162" 23 19 332 317 325 272 231 177 201 957 208 193 187 176 163 165 163 166 166 166
"163" 322 52 254 283 91 241 221 255 262 263 251 202 194 181 166 168 171 167 167 167
"164" 58 37 55 54 146 143 189 193 299 328 201 190 192 172 121 142 158 161 161 161
"165" 44 26 46 52 57 71 81 241 398 957 297 214 198 184 172 173 174 169 169 169
"166" 181 162 176 180 318 273 192 194 293 317 268 203 184 174 165 169 171 166 166 166
"167" 176 292 294 292 294 249 221 245 284 291 255 199 202 185 181 181 176 169 169 169
"168" 186 175 185 227 216 216 190 308 957 957 279 201 196 184 179 180 181 170 170 170
"169" 192 43 58 210 210 226 209 424 509 532 348 218 190 183 178 177 175 172 172 172
"170" 117 47 101 112 116 131 228 322 424 957 398 263 195 187 169 175 178 172 172 172
"171" 54 175 175 403 393 330 229 176 316 334 240 180 178 170 161 161 163 163 163 163
"172" 142 60 77 80 94 110 125 317 334 338 296 215 214 197 168 180 179 166 166 166
"173" 168 50 102 123 129 124 132 204 246 341 245 182 189 171 101 150 161 130 130 130
"174" 294 41 296 300 300 302 216 161 211 331 304 188 192 176 161 164 165 165 165 165
"175" 237 43 60 56 62 62 208 252 311 320 281 217 194 177 170 169 169 168 168 168
"176" 79 404 322 326 317 262 204 182 271 285 242 187 180 166 114 124 132 159 159 159
"177" 79 55 80 112 113 195 205 957 957 957 957 248 204 181 171 173 177 170 170 170
"178" 443 59 305 318 313 274 232 169 271 316 253 198 194 186 174 174 178 171 171 171
"179" 342 72 402 330 329 302 221 198 357 957 201 193 190 173 158 162 164 165 165 165
"180" 490 57 74 349 292 236 226 174 224 229 240 201 192 184 171 174 171 168 168 168
"181" 122 68 86 85 90 100 87 194 275 317 229 189 187 175 165 167 165 166 166 166
"182" 94 219 207 219 213 222 204 283 331 957 273 186 189 183 176 174 174 165 165 165
"183" 67 76 150 172 155 148 138 957 957 957 342 190 198 174 138 161 159 149 149 149
"184" 85 40 64 165 159 291 213 182 227 286 245 201 200 185 180 181 180 170 170 170
"185" 45 40 50 53 259 238 204 163 312 317 290 230 190 176 135 145 160 161 161 161
"186" 67 62 75 123 125 120 141 169 180 187 182 175 178 174 163 165 163 165 165 165
"187" 184 69 107 138 133 125 144 203 304 338 300 197 197 178 133 146 159 163 163 163
"188" 180 308 304 297 300 266 228 161 195 957 342 180 174 170 155 161 161 164 164 164
"189" 137 135 170 169 170 158 203 208 336 349 284 200 185 173 140 159 157 162 162 162
"190" 207 76 117 352 291 289 194 253 957 957 263 221 188 182 170 172 170 171 171 171
"191" 212 214 198 200 203 203 182 214 218 228 211 188 187 175 162 165 161 161 161 161
"192" 208 47 214 212 213 251 209 239 255 261 249 192 193 182 169 173 172 165 165 165
"193" 166 183 196 201 208 234 209 146 200 214 218 189 184 166 126 134 140 136 136 136
"194" 42 35 43 45 46 52 72 282 313 330 293 200 198 188 176 178 179 171 171 171
"195" 50 44 90 98 106 272 242 161 329 957 300 184 179 165 142 158 155 159 159 159
"196" 141 60 121 130 141 168 203 247 262 288 234 181 181 172 165 166 166 166 166 166
"197" 132 43 210 212 214 217 211 217 290 306 244 195 196 193 174 178 183 173 173 173
"198" 270 52 232 240 240 248 216 957 957 957 957 188 185 175 162 163 161 164 164 164
"199" 294 576 330 309 303 282 228 189 957 957 354 196 187 186 179 182 172 166 166 166
"200" 82 158 203 214 217 211 202 294 296 302 278 198 187 183 172 174 172 168 168 168
"201" 113 43 110 113 135 325 248 202 304 346 284 214 193 181 165 169 170 168 168 168
"202" 312 134 251 249 151 154 220 198 957 957 352 195 182 178 139 161 162 165 165 165
"203" 87 57 84 122 300 261 113 222 268 326 247 216 193 183 166 173 170 164 164 164
"204" 65 50 78 85 85 91 136 170 957 957 342 211 196 182 169 172 171 171 171 171
"205" 64 64 184 138 135 115 135 239 290 332 250 197 196 187 173 175 171 170 170 170
"206" 69 40 77 93 99 129 148 190 231 259 220 195 194 187 181 182 183 176 176 176
"207" 62 46 56 79 87 99 204 163 223 310 225 192 188 180 164 168 166 167 167 167
"208" 116 93 137 140 251 242 219 268 269 270 264 200 190 177 164 167 169 167 167 167
"209" 93 47 265 273 277 273 240 406 351 957 315 203 187 173 170 164 167 162 162 162
"210" 99 384 348 293 289 264 237 196 201 957 201 188 181 178 169 172 169 168 168 168
"211" 127 135 321 325 274 244 211 172 199 957 314 198 189 177 161 163 167 168 168 168
"212" 50 42 58 60 61 70 113 322 458 957 321 228 206 178 128 145 144 151 151 151
"213" 283 54 115 71 58 93 109 181 198 231 195 186 192 187 184 184 181 173 173 173
"214" 58 37 49 79 90 105 121 312 356 399 286 240 200 180 174 174 174 169 169 169
"215" 69 391 254 265 263 256 206 129 354 433 279 174 178 173 161 166 168 160 160 160
"216" 63 53 166 165 61 202 184 746 315 957 293 238 199 186 182 180 182 169 169 169
"217" 261 69 229 246 249 245 213 162 324 345 284 197 190 175 162 163 166 167 167 167
"218" 48 39 54 59 62 73 83 280 321 324 278 228 208 190 167 174 178 170 170 170
"219" 48 38 50 50 56 67 81 125 288 299 278 199 187 174 134 157 163 144 144 144
"220" 136 64 92 134 138 138 134 154 355 392 305 210 183 170 144 157 160 152 152 152
"221" 86 51 336 352 350 293 229 162 178 193 198 180 186 162 116 123 130 151 151 151
"222" 43 42 54 60 65 77 86 188 214 214 203 191 196 179 171 172 173 169 169 169
"223" 194 74 91 90 90 126 128 331 329 385 303 197 190 180 164 169 167 171 171 171
"224" 93 43 53 67 70 65 72 209 284 328 228 192 188 178 174 174 173 169 169 169
"225" 69 56 67 96 102 264 203 247 282 301 273 231 197 190 182 183 183 177 177 177
"226" 44 37 326 355 365 326 199 188 238 248 202 179 186 171 162 165 164 166 166 166
"227" 67 44 68 74 77 109 220 176 274 297 264 189 194 177 165 171 173 167 167 167
"228" 59 39 53 60 64 72 196 326 957 957 290 237 189 183 167 171 172 167 167 167
"229" 327 45 211 209 212 211 193 315 349 957 301 219 196 191 176 179 180 173 173 173
"230" 214 52 211 223 221 248 203 180 217 233 224 194 189 181 172 174 173 168 168 168
"231" 43 38 53 55 233 232 211 205 327 335 294 198 199 183 170 174 176 169 169 169
"232" 64 58 88 92 98 98 115 341 342 346 289 221 195 177 162 169 169 163 163 163
"233" 138 44 78 84 98 97 123 134 189 386 197 188 176 170 137 143 141 153 153 153
"234" 47 38 54 61 98 106 132 267 324 337 222 195 196 189 179 182 183 175 175 175
"235" 150 279 276 279 277 267 191 190 204 216 219 195 191 182 169 173 175 169 169 169
"236" 117 40 93 109 115 118 154 193 263 302 266 198 182 169 141 127 154 129 129 129
"237" 77 41 65 78 86 92 128 178 250 265 250 197 187 175 165 165 164 164 164 164
"238" 57 57 70 77 96 146 148 141 206 957 205 192 178 158 134 145 152 140 140 140
"239" 96 64 98 104 109 186 239 230 254 327 253 191 193 186 177 179 174 169 169 169
"240" 96 288 286 286 289 249 191 213 231 319 268 199 180 172 167 168 169 162 162 162
"241" 96 30 66 83 83 106 204 323 331 342 320 177 189 180 168 169 169 168 168 168
"242" 376 366 271 296 272 251 205 161 194 286 197 186 182 177 164 168 168 145 145 145
"243" 114 53 71 75 75 255 218 190 290 310 280 198 198 183 168 170 169 166 166 166
"244" 309 321 323 313 299 289 212 200 224 229 212 195 192 180 171 172 172 172 172 172
"245" 57 44 59 66 69 112 201 190 311 325 260 209 207 196 188 188 187 174 174 174
"246" 132 38 336 322 287 151 219 206 289 298 204 190 193 181 171 175 175 169 169 169
"247" 96 90 144 136 129 133 142 197 957 957 322 200 187 175 133 154 148 148 148 148
"248" 280 283 217 283 285 248 231 194 302 340 271 193 191 181 171 175 175 169 169 169
"249" 62 49 63 66 69 79 232 182 203 224 205 189 184 178 175 172 174 166 166 166
"250" 53 46 64 70 74 90 102 195 207 207 199 189 194 188 182 183 182 175 175 175
"251" 263 56 297 303 301 308 200 183 957 957 290 195 185 171 161 162 160 164 164 164
"252" 435 129 285 354 277 266 186 218 239 257 226 195 186 180 169 173 172 162 162 162
"253" 378 528 314 310 286 265 234 957 957 957 294 206 186 183 166 172 176 171 171 171
"254" 164 234 230 234 285 257 201 161 183 211 190 182 189 180 163 167 169 167 167 167
"255" 58 47 64 85 89 95 219 88 185 213 208 183 188 180 160 169 169 164 164 164
"256" 94 33 87 100 96 93 101 277 320 322 275 193 190 181 164 172 168 174 174 174
"257" 118 93 115 113 116 127 153 205 334 957 218 195 187 179 170 173 176 167 167 167
"258" 320 76 245 250 249 254 224 165 259 324 248 214 202 183 165 166 161 165 165 165
"259" 160 168 292 344 355 338 201 285 320 957 273 222 193 186 177 180 181 169 169 169
"260" 167 315 319 314 311 237 220 271 275 329 274 208 196 184 170 174 169 168 168 168
"261" 102 109 166 264 260 259 209 189 204 203 191 179 191 182 170 174 173 168 168 168
"262" 111 108 132 143 142 146 258 582 957 957 352 190 193 180 161 169 168 166 166 166
"263" 223 166 247 247 189 238 181 376 957 957 367 201 190 181 172 172 173 167 167 167
"264" 146 329 289 292 278 282 199 226 250 294 251 206 192 176 164 165 170 164 164 164
"265" 162 75 195 194 195 254 190 315 302 338 308 236 190 174 161 165 168 164 164 164
"266" 90 41 78 94 237 231 205 283 294 321 230 203 190 181 174 175 173 168 168 168
"267" 40 39 293 275 252 244 225 201 258 282 247 201 200 196 189 187 190 181 181 181
"268" 133 146 254 246 244 228 205 161 265 266 205 191 196 177 163 170 171 166 166 166
"269" 56 42 56 72 75 77 192 306 320 332 248 203 200 186 177 179 182 176 176 176
"270" 61 40 49 77 85 284 208 218 344 957 306 196 205 184 176 179 178 170 170 170
"271" 380 43 282 284 280 283 214 295 311 323 287 227 217 193 188 185 179 173 173 173
"272" 162 236 228 249 258 246 213 219 264 280 229 216 202 189 175 176 178 172 172 172
"273" 124 66 340 339 355 216 190 206 211 255 217 191 190 179 167 171 171 169 169 169
"274" 154 138 170 177 173 169 176 213 957 957 307 203 189 178 167 171 172 167 167 167
"275" 139 186 267 292 292 292 197 189 193 194 195 185 181 167 165 166 165 163 163 163
"276" 105 113 124 132 218 222 197 256 267 291 257 218 201 185 171 173 175 174 174 174
"277" 153 134 161 189 175 177 199 31 194 957 338 195 202 188 122 165 170 166 166 166
"278" 45 46 81 90 256 257 219 193 295 311 272 211 200 187 165 169 175 171 171 171
"279" 103 96 145 151 248 250 223 957 957 957 331 200 187 179 171 174 173 163 163 163
"280" 57 53 77 89 105 212 205 259 268 292 216 183 183 176 170 172 171 164 164 164
"281" 47 58 97 389 106 340 256 291 312 349 301 221 199 182 165 170 173 168 168 168
"282" 108 46 85 81 88 109 115 359 354 957 320 193 195 178 164 167 165 166 166 166
"283" 62 52 67 76 80 107 218 192 260 301 204 186 185 184 174 176 177 171 171 171
"284" 83 49 335 299 286 274 212 166 228 957 227 185 187 179 170 170 168 166 166 166
"285" 64 41 62 74 77 86 219 218 294 306 295 198 191 183 177 176 177 170 170 170
"286" 42 34 60 69 87 92 109 160 195 198 211 189 188 186 174 176 174 172 172 172
"287" 97 52 103 103 114 151 185 162 184 190 189 182 179 174 161 164 166 164 164 164
"288" 232 272 258 240 240 236 210 556 957 957 342 228 196 180 175 174 173 168 168 168
"289" 85 54 111 109 108 132 208 176 526 563 294 190 188 179 167 169 165 166 166 166
"290" 60 53 68 100 100 266 239 185 957 957 347 193 193 185 164 171 175 170 170 170
"291" 43 35 43 264 213 214 202 163 182 191 193 182 188 177 165 166 168 165 165 165
"292" 234 96 209 225 230 226 202 167 200 273 191 185 185 176 167 169 170 168 168 168
"293" 60 44 59 65 66 75 110 168 200 245 236 196 201 191 173 181 183 175 175 175
"294" 107 32 76 84 87 104 199 167 184 190 189 176 188 181 168 170 170 168 168 168
"295" 103 82 209 224 227 218 209 161 216 313 195 181 183 176 162 166 166 162 162 162
"296" 45 45 185 237 227 241 182 244 282 292 259 211 182 173 164 166 170 168 168 168
"297" 130 632 343 269 262 246 199 320 293 325 196 187 186 178 165 168 168 166 166 166
"298" 66 49 72 79 72 111 125 763 875 957 817 229 194 181 166 167 171 165 165 165
"299" 66 46 64 225 226 234 216 317 344 358 310 226 204 189 190 174 179 172 172 172
"300" 91 103 114 115 136 149 186 196 957 957 293 185 191 182 160 168 165 167 167 167
"301" 215 46 83 297 262 109 198 166 213 259 191 174 182 162 146 158 159 159 159 159
"302" 65 59 77 187 156 153 201 199 283 288 255 196 190 186 183 181 181 169 169 169
"303" 258 195 197 204 205 206 202 270 285 304 273 207 187 179 170 171 173 166 166 166
"304" 42 41 64 102 100 123 155 449 957 957 393 273 196 182 161 166 168 165 165 165
"305" 53 41 55 57 55 68 130 265 293 302 235 193 192 177 165 169 171 169 169 169
"306" 76 53 87 91 94 89 193 291 302 320 279 190 196 187 174 176 176 164 164 164
"307" 179 38 74 196 217 215 200 268 292 327 274 179 185 178 173 171 169 163 163 163
"308" 224 38 228 235 238 236 221 191 957 957 347 229 194 184 167 170 170 166 166 166
"309" 66 664 276 260 259 258 219 169 196 194 195 181 180 166 90 140 159 159 159 159
"310" 225 52 71 305 313 299 239 184 299 210 194 183 182 172 137 159 159 152 152 152
"311" 229 234 231 262 265 265 222 219 292 311 224 193 192 188 182 184 179 172 172 172
"312" 514 84 266 281 102 293 253 352 350 957 270 204 200 184 173 176 175 170 170 170
"313" 68 41 63 75 85 93 188 174 229 957 301 198 193 185 176 176 177 173 173 173
"314" 300 39 108 319 308 292 238 193 957 957 312 200 190 178 172 172 173 169 169 169
"315" 268 74 212 252 254 255 213 176 957 957 322 192 190 179 165 169 168 168 168 168
"316" 150 47 65 320 316 302 223 169 309 356 240 186 185 177 160 166 166 168 168 168
"317" 93 196 324 315 314 272 201 346 351 957 323 216 190 180 163 165 170 162 162 162
"318" 189 42 61 334 334 291 204 190 236 242 237 201 200 189 172 175 170 169 169 169
"319" 91 77 96 101 88 108 231 957 957 957 957 193 198 184 177 175 179 173 173 173
"320" 461 64 285 130 93 73 81 103 161 173 173 161 168 158 107 121 124 103 103 103
"321" 107 55 142 150 152 169 194 193 197 199 200 191 196 190 189 188 188 174 174 174
"322" 53 43 208 789 793 334 229 113 208 216 245 186 182 175 131 158 159 163 163 163
"323" 79 25 60 73 75 80 99 957 957 957 957 208 189 184 178 179 177 171 171 171
"324" 73 49 62 76 78 87 104 447 957 957 315 202 183 177 163 165 168 165 165 165
"325" 94 42 69 77 71 96 240 229 268 310 275 235 216 190 178 181 184 167 167 167
"326" 170 180 186 350 341 212 196 213 253 290 239 200 189 178 172 171 171 168 168 168
"327" 312 575 230 230 225 216 195 259 283 315 249 187 183 173 168 168 167 165 165 165
"328" 73 43 57 65 65 78 90 165 192 198 350 188 197 193 173 176 177 175 175 175
"329" 60 40 73 60 68 79 95 603 957 957 327 194 193 180 166 171 169 168 168 168
"330" 85 84 101 113 121 178 226 208 318 351 255 204 200 194 180 185 182 171 171 171
"331" 90 72 94 90 90 93 188 193 213 220 196 182 193 183 170 172 173 172 172 172
"332" 93 38 208 267 269 275 196 334 334 372 323 222 203 192 185 185 183 175 175 175
"333" 75 43 73 81 83 100 146 256 319 325 310 205 189 183 169 172 176 167 167 167
"334" 45 39 50 56 60 94 214 307 312 319 293 251 196 186 179 178 183 166 166 166
"335" 66 41 67 68 211 205 193 191 261 302 214 185 194 184 173 175 172 168 168 168
"336" 221 119 212 255 257 241 204 757 957 957 294 211 189 180 169 171 173 169 169 169
"337" 493 304 232 243 245 247 216 341 957 957 305 197 194 182 177 174 173 169 169 169
"338" 129 441 255 268 259 252 220 162 196 201 197 187 187 179 165 169 173 169 169 169
"339" 291 55 229 231 240 227 212 161 319 957 302 215 186 173 122 152 162 159 159 159
"340" 67 113 121 119 121 124 198 243 257 279 241 190 181 169 172 167 163 158 158 158
"341" 54 46 57 84 61 97 103 334 334 957 196 182 182 167 128 139 136 136 136 136
"342" 129 126 232 234 232 208 183 163 215 229 185 175 180 169 163 165 165 161 161 161
"343" 35 30 39 45 49 123 165 209 269 268 211 190 189 174 162 167 165 165 165 165
"344" 114 119 216 217 219 215 211 304 350 957 318 235 194 185 178 178 179 171 171 171
"345" 46 38 48 52 52 64 82 215 254 263 209 191 185 177 170 170 171 172 172 172
"346" 29 28 35 38 40 46 60 184 214 252 211 198 198 182 167 175 175 168 168 168
"347" 65 66 84 91 87 94 115 162 957 957 323 194 192 184 174 175 174 170 170 170
"348" 59 68 75 70 71 74 234 163 172 201 189 173 179 175 166 167 167 165 165 165
"349" 108 35 65 103 106 131 221 182 297 298 264 188 189 176 144 155 162 162 162 162
"350" 83 42 77 83 281 262 204 194 306 326 257 188 191 185 172 176 177 172 172 172
"351" 76 47 70 87 99 273 238 337 347 957 347 212 195 182 172 174 175 169 169 169
"352" 108 43 267 275 272 270 234 307 957 957 306 248 185 174 161 164 164 163 163 163
"353" 114 235 201 204 228 231 137 166 957 957 189 174 163 148 93 104 115 116 116 116
"354" 71 78 100 121 121 138 234 287 295 327 330 193 193 182 171 172 173 166 166 166
"355" 100 61 209 208 215 218 206 346 360 957 247 196 186 178 171 172 169 169 169 169
"356" 87 48 83 95 102 253 198 165 195 197 196 195 197 185 166 171 171 171 171 171
"357" 84 53 335 336 336 309 255 162 193 194 196 188 190 173 161 165 162 161 161 161
"358" 39 31 44 48 55 62 201 171 196 284 213 194 190 186 171 176 176 171 171 171
"359" 84 232 238 292 293 295 225 177 208 226 218 190 184 178 166 167 168 166 166 166
"360" 95 44 70 71 106 113 144 192 957 957 337 191 187 183 170 174 176 172 172 172
"361" 95 37 372 381 379 327 264 162 957 957 343 211 198 185 174 175 168 166 166 166
"362" 72 39 48 76 92 104 210 957 957 957 292 192 196 187 170 172 175 166 166 166
"363" 80 176 201 228 229 232 222 342 351 372 295 199 172 158 128 132 136 140 140 140
"364" 81 55 82 95 110 205 199 194 250 290 224 199 191 177 164 166 161 164 164 164
"365" 34 28 49 51 49 339 243 181 957 957 358 199 193 179 162 169 171 164 164 164
"366" 54 66 92 109 88 137 223 177 200 957 208 196 194 181 165 168 174 165 165 165
"367" 75 52 70 76 138 131 102 330 330 338 298 216 189 172 122 155 163 136 136 136
"368" 179 293 283 290 282 278 250 957 957 957 335 197 193 183 173 174 175 170 170 170
"369" 265 50 345 392 392 348 267 185 201 957 200 193 200 181 169 168 166 167 167 167
"370" 88 73 94 102 117 118 148 245 285 288 262 216 196 178 166 172 171 167 167 167
"371" 429 230 224 236 240 236 222 166 957 957 309 172 175 175 166 166 165 165 165 165
"372" 49 47 57 66 78 95 115 204 352 957 269 197 193 181 170 173 171 167 167 167
"373" 424 373 278 358 261 262 218 615 957 957 337 229 178 168 145 153 155 152 152 152
"374" 62 44 64 73 71 80 87 194 320 329 276 198 192 168 137 146 156 137 137 137
"375" 196 38 205 261 273 253 213 350 379 400 351 226 193 183 181 181 180 170 170 170
"376" 102 209 213 213 222 226 199 294 301 330 285 185 184 177 172 174 171 167 167 167
"377" 338 52 285 280 239 210 200 171 222 223 218 192 188 181 174 173 173 168 168 168
"378" 125 66 92 100 118 118 138 131 957 957 258 190 182 169 130 138 160 129 129 129
"379" 38 32 39 47 126 131 132 396 398 406 356 234 202 188 168 173 173 169 169 169
"380" 69 36 59 80 81 86 104 188 957 957 326 190 184 178 162 169 171 162 162 162
"381" 89 40 90 206 205 208 201 171 187 197 196 177 184 172 165 166 165 164 164 164
"382" 61 48 67 274 273 273 225 167 201 207 211 195 195 179 167 167 169 166 166 166
"383" 202 47 277 261 252 237 207 177 190 190 186 176 189 165 157 161 161 145 145 145
"384" 50 37 110 126 128 136 224 152 219 957 288 200 195 178 173 173 174 167 167 167
"385" 105 53 88 92 95 103 198 161 957 957 315 183 185 181 164 168 168 169 169 169
"386" 527 272 258 265 270 270 222 179 185 192 186 180 185 176 157 160 163 166 166 166
"387" 54 50 219 216 220 220 205 412 957 957 387 227 198 186 177 176 175 170 170 170
"388" 192 52 77 75 76 80 141 354 359 957 356 243 199 181 170 174 177 168 168 168
"389" 402 123 325 325 305 269 216 167 294 306 236 191 192 177 162 166 167 167 167 167
"390" 309 381 299 274 255 253 203 197 217 220 198 190 186 176 164 166 168 165 165 165
"391" 71 56 69 74 79 88 124 263 284 332 269 201 191 183 165 170 166 167 167 167
"392" 69 67 272 274 274 264 214 301 312 328 304 190 183 175 157 162 158 164 164 164
"393" 226 48 285 279 264 254 224 206 233 264 216 193 198 187 186 185 184 171 171 171
"394" 80 52 65 68 70 77 152 351 411 957 386 243 185 175 167 169 165 163 163 163
"395" 38 39 50 58 62 67 77 184 208 261 205 190 189 180 167 171 166 166 166 166
"396" 257 206 204 202 204 208 201 185 304 321 293 216 183 176 163 167 168 164 164 164
"397" 50 548 267 329 264 244 209 241 276 292 266 199 190 183 175 175 175 168 168 168
"398" 88 76 102 102 107 114 117 295 305 324 318 241 220 197 195 189 188 174 174 174
"399" 90 676 329 286 287 271 206 234 292 957 284 193 188 170 157 160 165 164 164 164
"400" 191 192 194 199 234 227 204 409 430 480 346 220 186 175 173 170 171 169 169 169
"401" 106 327 297 313 296 293 224 176 352 460 315 193 213 184 152 171 170 165 165 165
"402" 66 56 71 325 314 282 227 161 247 273 265 196 186 175 163 163 163 161 161 161
"403" 91 103 140 136 142 277 212 166 184 202 211 189 203 189 170 174 178 173 173 173
"404" 157 161 179 216 228 236 179 161 198 231 197 188 184 172 161 163 163 163 163 163
"405" 81 79 90 107 107 131 189 207 261 262 222 194 188 180 165 169 172 163 163 163
"406" 108 44 316 419 318 130 119 161 193 206 194 174 171 163 113 139 148 143 143 143
"407" 71 52 67 189 174 201 208 196 279 279 196 190 191 182 172 172 175 169 169 169
"408" 76 46 64 184 188 191 191 202 285 299 197 185 189 180 168 167 164 162 162 162
"409" 59 53 65 86 69 72 122 523 957 957 520 243 185 178 172 172 166 166 166 166
"410" 114 111 239 246 248 252 209 171 225 225 194 185 188 180 164 169 169 169 169 169
"411" 67 56 65 74 74 91 123 196 222 234 205 193 194 183 179 181 179 169 169 169
"412" 46 36 50 68 75 118 209 220 263 287 264 200 192 181 161 165 171 169 169 169
"413" 66 56 77 76 73 78 84 160 957 957 957 182 190 176 134 152 160 144 144 144
"414" 170 124 170 190 184 184 223 335 360 957 338 199 195 184 169 173 175 171 171 171
"415" 204 276 205 299 210 258 205 156 957 957 304 185 183 171 159 164 162 164 164 164
"416" 206 36 203 215 212 206 200 183 241 275 254 198 192 178 138 156 161 166 166 166
"417" 81 65 78 86 83 90 120 309 334 358 253 195 197 187 178 180 179 172 172 172
"418" 182 177 187 196 205 205 204 410 446 957 338 201 196 184 166 170 168 164 164 164
"419" 169 37 305 311 307 289 238 957 957 957 333 248 185 176 167 167 167 159 159 159
"420" 537 37 250 334 333 260 228 255 271 286 277 195 184 171 161 162 161 161 161 161
"421" 45 46 59 71 290 282 233 171 278 307 273 177 180 180 171 171 170 168 168 168
"422" 365 87 356 218 215 203 185 202 220 227 201 185 186 181 168 171 172 171 171 171
"423" 450 64 385 484 388 307 236 166 343 346 336 223 195 186 179 177 178 172 172 172
"424" 89 48 308 224 290 227 216 400 957 957 957 195 186 171 156 158 160 164 164 164
"425" 67 48 89 91 84 89 97 202 216 257 198 182 182 169 164 164 164 161 161 161
"426" 88 67 84 87 88 85 103 159 197 208 208 183 190 170 145 153 153 148 148 148
"427" 141 98 331 187 172 300 213 162 209 957 192 180 195 187 171 178 174 172 172 172
"428" 44 40 50 155 161 201 196 174 188 189 191 187 191 178 162 173 174 164 164 164
"429" 73 68 98 226 149 151 157 284 306 327 283 223 197 185 178 179 180 173 173 173
"430" 153 75 175 172 169 225 220 263 286 274 257 207 201 186 173 178 176 171 171 171
"431" 652 64 221 271 250 238 204 276 290 340 289 207 191 177 169 170 169 167 167 167
"432" 176 182 315 300 219 196 187 177 194 195 192 183 186 179 175 176 176 170 170 170
"433" 102 89 108 224 314 268 220 264 357 957 303 241 216 189 179 182 181 163 163 163
"434" 49 39 48 59 61 68 82 442 957 957 286 187 190 170 160 162 162 161 161 161
"435" 147 133 181 252 254 136 134 160 185 209 199 186 183 175 134 161 160 160 160 160
"436" 32 34 109 116 117 120 168 317 323 334 271 192 188 173 161 163 163 166 166 166
"437" 510 320 270 302 298 269 239 249 266 390 311 236 195 178 165 169 170 168 168 168
"438" 88 37 80 84 85 93 114 193 249 253 230 200 188 178 169 171 172 166 166 166
"439" 51 42 55 51 53 67 97 160 186 200 197 190 195 180 164 168 170 167 167 167
"440" 58 38 48 54 60 75 88 176 209 216 186 179 187 181 167 170 168 170 170 170
"441" 32 30 51 53 42 51 87 288 300 317 271 189 189 180 166 171 170 166 166 166
"442" 61 44 58 66 68 79 188 191 213 238 243 201 201 181 161 167 172 166 166 166
"443" 43 40 48 257 248 242 207 199 208 270 206 192 188 183 172 176 174 171 171 171
"444" 55 43 54 54 55 88 198 168 185 195 180 171 183 172 164 165 165 163 163 163
"445" 208 42 218 212 205 210 200 197 208 283 253 196 192 186 174 175 178 171 171 171
"446" 68 43 58 61 57 59 72 145 279 301 237 200 189 180 159 165 160 166 166 166
"447" 395 277 255 262 254 251 209 279 291 302 258 201 198 184 171 175 177 167 167 167
"448" 73 80 187 205 212 223 213 229 245 957 245 206 182 173 142 153 161 165 165 165
"449" 43 43 53 58 55 63 141 162 196 222 222 196 192 179 165 166 170 164 164 164
"450" 132 89 292 296 291 288 144 303 332 350 297 210 194 189 177 179 175 167 167 167
"451" 73 37 180 191 184 186 180 171 223 227 188 177 172 167 115 128 149 161 161 161
"452" 58 93 125 197 198 201 199 193 274 288 250 193 190 176 160 163 165 157 157 157
"453" 78 51 110 114 117 138 232 341 957 957 309 206 191 179 164 168 168 169 169 169
"454" 287 39 178 181 179 221 208 216 223 245 216 199 195 184 169 175 176 173 173 173
"455" 107 57 92 105 108 194 195 259 288 301 259 209 196 188 178 179 179 174 174 174
"456" 105 111 135 231 242 241 219 241 270 331 240 192 193 184 169 176 172 168 168 168
"457" 185 38 197 212 220 178 189 157 203 351 203 168 175 166 157 160 160 153 153 153
"458" 53 60 73 73 88 91 95 303 331 358 313 202 186 176 135 167 160 162 162 162
"459" 55 43 96 156 163 209 211 214 957 957 957 188 193 184 171 175 177 171 171 171
"460" 184 38 181 155 159 156 185 297 314 327 265 196 189 181 169 168 171 166 166 166
"461" 77 71 91 76 95 185 210 228 275 281 260 195 196 184 175 177 178 168 168 168
"462" 53 34 46 55 57 66 198 287 331 957 329 195 203 192 179 181 181 174 174 174
"463" 55 35 55 70 117 121 137 161 188 957 328 193 181 175 161 167 168 167 167 167
"464" 61 46 57 71 78 92 203 186 205 249 233 195 196 186 177 176 178 171 171 171
"465" 71 55 242 251 248 231 197 182 266 270 199 180 190 178 144 160 164 165 165 165
"466" 40 36 54 49 45 51 57 169 276 276 239 200 200 179 169 170 169 169 169 169
"467" 125 108 132 137 135 136 149 113 189 349 188 180 187 168 109 134 140 129 129 129
"468" 53 46 91 98 100 265 202 160 350 355 268 194 193 183 163 171 175 169 169 169
"469" 338 338 312 297 285 283 156 526 354 957 333 208 183 168 145 162 164 159 159 159
"470" 117 88 114 125 126 134 144 224 598 613 572 229 201 190 182 179 182 168 168 168
"471" 156 248 195 216 205 205 201 243 262 334 261 202 180 171 104 161 160 165 165 165
"472" 107 55 184 221 224 221 210 203 242 350 234 199 188 176 170 172 170 164 164 164
"473" 87 192 204 212 238 229 194 314 358 957 294 195 191 177 161 163 164 164 164 164
"474" 61 73 92 92 101 115 125 160 170 174 175 176 192 179 165 170 168 166 166 166
"475" 64 53 69 76 72 78 107 324 355 957 334 221 194 171 136 151 160 151 151 151
"476" 175 259 269 282 280 256 207 209 293 320 244 208 190 179 165 166 168 170 170 170
"477" 109 66 89 92 89 86 87 201 284 297 273 197 192 176 115 148 165 126 126 126
"478" 244 57 88 247 252 252 231 172 266 284 187 179 186 176 166 169 164 167 167 167
"479" 124 35 249 256 256 252 239 327 340 347 315 208 187 174 161 168 171 165 165 165
"480" 385 163 316 564 332 277 251 325 345 957 297 193 186 179 163 164 161 163 163 163
"481" 55 42 58 71 73 75 95 311 334 350 302 194 190 184 175 176 172 169 169 169
"482" 287 182 258 265 261 248 203 171 223 229 211 188 188 179 164 171 169 165 165 165
"483" 275 279 225 241 269 248 214 201 280 294 278 213 192 177 169 168 168 166 166 166
"484" 305 298 278 265 263 242 187 185 228 298 228 198 193 184 170 175 176 173 173 173
"485" 182 47 83 147 145 178 190 199 219 326 201 189 180 170 145 160 158 162 162 162
"486" 68 70 90 100 99 108 119 169 957 957 190 175 186 179 139 165 165 167 167 167
"487" 89 53 82 85 83 82 103 319 328 957 327 233 191 173 151 163 163 152 152 152
"488" 141 124 147 153 149 288 236 317 327 343 325 238 200 192 185 185 186 175 175 175
"489" 105 44 124 135 136 139 154 193 213 306 200 193 194 180 161 166 169 170 170 170
"490" 139 43 54 58 112 130 238 290 314 345 302 189 190 178 178 176 170 166 166 166
"491" 88 70 87 92 94 227 209 308 325 328 291 218 203 186 167 171 173 172 172 172
"492" 470 50 281 316 274 268 245 227 357 957 300 215 201 188 177 178 179 172 172 172
"493" 87 139 283 290 292 259 218 322 280 299 269 203 191 177 155 165 168 169 169 169
"494" 209 105 306 274 270 255 207 166 207 215 218 192 195 188 176 180 182 173 173 173
"495" 88 48 82 90 92 95 94 90 196 200 195 189 183 170 112 130 143 115 115 115
"496" 56 46 58 71 69 128 134 260 288 349 307 193 204 188 180 181 181 168 168 168
"497" 94 52 106 113 121 243 201 201 296 307 231 195 187 177 164 166 165 166 166 166
"498" 64 71 125 164 170 145 125 141 957 957 211 172 178 159 118 131 135 116 116 116
"499" 81 41 94 154 188 204 120 166 247 247 197 190 184 164 114 131 141 124 124 124
"500" 175 33 185 192 129 194 203 171 193 198 195 188 194 182 165 171 172 171 171 171
