"max_pca1" "max_pca2" "max_pca3" "max_pca5" "max_pca10" "max_pca20" "max_pca40" "min_pca1" "min_pca2" "min_pca3" "min_pca5" "min_pca10" "min_pca20" "min_pca40" "tpca0.8" "tpca0.9" "tpca0.95" "tpca0.99" "tpca0.995" "tpca0.999"
"1" 470 955 955 955 955 955 955 194 955 197 187 955 955 187 955 955 955 173 173 173
"2" 119 57 95 98 94 339 955 196 955 196 182 192 196 179 197 955 206 169 169 169
"3" 955 730 955 955 955 955 955 181 955 252 184 198 261 182 955 955 255 169 169 169
"4" 201 48 291 955 955 230 228 224 955 223 196 955 955 178 955 955 955 173 173 173
"5" 59 49 64 73 86 91 955 178 221 183 180 195 210 191 192 210 196 170 169 169
"6" 955 171 955 955 955 955 955 178 955 201 192 200 955 176 196 955 228 163 163 163
"7" 180 136 955 955 955 955 955 214 955 279 192 204 342 191 955 955 330 170 170 169
"8" 438 955 955 955 955 955 955 191 195 191 188 189 193 184 192 193 193 175 175 175
"9" 43 33 43 82 100 107 127 180 955 191 193 198 200 184 190 196 197 173 172 172
"10" 131 74 132 955 134 955 366 200 955 205 193 186 193 183 197 199 195 174 173 172
"11" 238 246 686 955 955 955 451 187 269 187 185 192 259 184 201 268 251 169 168 167
"12" 717 735 955 955 414 955 955 955 955 955 344 337 343 182 955 955 344 173 172 172
"13" 955 955 955 955 369 368 368 198 955 199 198 224 255 201 234 323 256 177 175 174
"14" 180 90 955 955 955 955 955 200 955 219 227 333 955 217 955 955 955 192 192 192
"15" 186 50 605 955 674 955 955 213 955 955 217 221 955 194 955 955 955 178 177 176
"16" 829 850 955 955 955 955 955 176 955 184 172 177 186 174 185 191 192 169 169 169
"17" 45 75 955 955 955 955 955 180 186 180 174 183 187 178 179 186 186 164 164 164
"18" 955 955 955 955 955 955 955 179 955 194 192 193 955 179 195 955 955 164 164 163
"19" 465 468 955 955 955 955 955 190 955 179 179 187 192 182 189 193 193 169 169 169
"20" 118 45 121 130 285 298 310 187 955 197 192 309 309 192 955 955 310 170 170 170
"21" 303 302 323 955 315 331 955 198 955 222 199 212 955 196 955 955 955 176 176 176
"22" 838 84 955 955 955 955 955 202 955 282 275 315 319 201 331 955 316 165 165 164
"23" 65 49 62 70 77 95 133 955 955 955 955 955 955 221 955 955 955 173 172 172
"24" 791 809 955 955 955 955 955 169 197 178 179 189 204 189 196 955 204 166 166 166
"25" 955 150 955 955 955 955 955 194 204 192 190 193 196 189 194 196 195 166 166 166
"26" 40 41 109 112 125 130 955 182 191 183 181 187 196 184 182 189 198 175 175 175
"27" 149 138 955 955 955 955 955 955 955 955 955 955 955 214 955 955 955 169 169 169
"28" 955 131 955 955 955 955 955 203 955 955 354 955 955 184 955 955 955 169 169 169
"29" 131 91 141 827 827 955 955 187 955 203 194 203 955 180 204 955 206 163 163 162
"30" 955 82 108 955 348 171 168 184 208 200 199 201 346 190 207 210 205 176 177 177
"31" 72 34 77 84 89 100 760 258 955 284 199 326 955 198 955 955 955 176 175 175
"32" 192 205 955 955 955 955 955 175 188 180 180 180 183 177 182 187 183 169 167 167
"33" 955 158 955 955 955 955 955 252 955 224 222 225 377 219 955 955 380 203 203 203
"34" 166 199 237 253 246 955 955 184 955 226 190 186 195 172 192 955 192 162 162 162
"35" 89 64 85 95 96 109 130 170 188 179 174 183 192 178 181 191 195 167 166 166
"36" 529 50 955 955 955 955 955 228 955 228 204 226 955 201 955 955 955 180 178 178
"37" 634 675 895 910 908 923 955 192 955 325 195 349 955 192 955 955 955 168 167 167
"38" 129 105 156 183 191 194 955 175 187 177 176 185 955 183 187 955 189 161 161 161
"39" 911 955 955 955 955 955 955 193 198 192 191 193 197 186 193 196 193 175 174 174
"40" 485 82 583 955 955 955 955 221 955 357 203 288 955 197 955 955 955 176 175 173
"41" 399 484 955 955 334 313 313 210 366 240 200 202 290 191 300 334 298 171 169 169
"42" 87 65 87 126 124 130 134 219 955 332 191 195 326 186 955 955 200 171 171 171
"43" 437 955 955 955 955 955 955 200 955 195 178 192 208 177 196 208 208 166 165 165
"44" 473 130 554 586 594 598 955 191 955 191 188 190 193 179 191 193 193 169 168 168
"45" 84 59 92 112 126 132 955 172 195 184 186 194 955 188 195 955 955 174 171 170
"46" 77 47 64 100 109 955 955 182 195 187 181 187 190 177 186 189 187 167 167 168
"47" 209 668 698 787 820 955 955 324 955 955 955 955 955 260 955 955 955 179 178 177
"48" 938 955 955 955 955 955 955 178 955 187 184 190 345 180 192 955 198 162 162 162
"49" 496 490 527 955 955 955 955 198 955 200 198 200 955 195 955 955 955 174 174 174
"50" 434 617 955 955 955 955 951 190 955 189 186 182 189 176 190 191 192 165 164 164
"51" 955 955 955 955 955 955 955 218 955 184 184 197 955 182 194 955 327 171 170 169
"52" 252 297 325 955 955 530 494 955 955 955 955 955 955 216 955 955 955 178 178 178
"53" 108 70 89 95 484 484 955 188 955 189 184 190 198 183 189 195 193 168 168 168
"54" 157 138 166 153 955 955 955 194 955 195 188 194 197 185 194 201 200 178 177 177
"55" 955 955 955 955 955 955 436 187 955 193 181 179 191 176 190 193 190 170 170 170
"56" 407 410 955 955 955 955 955 334 955 955 955 955 955 201 955 955 955 179 178 177
"57" 86 61 78 87 955 955 955 223 955 252 342 351 356 217 955 955 351 175 176 177
"58" 87 77 102 108 143 955 955 201 955 267 192 196 224 185 227 955 226 170 169 169
"59" 132 331 955 955 955 955 955 250 955 955 210 955 955 196 955 955 955 166 166 166
"60" 955 175 955 955 955 955 955 194 198 179 176 184 190 179 192 195 191 170 169 169
"61" 269 102 955 955 955 955 322 200 955 205 195 201 216 188 955 955 263 166 168 167
"62" 435 450 472 494 466 466 453 187 193 186 186 191 200 186 192 198 193 178 177 177
"63" 107 62 97 107 124 134 139 200 955 955 202 955 955 199 955 955 955 175 174 174
"64" 560 559 955 955 955 871 762 291 955 185 182 195 240 180 193 955 334 169 168 168
"65" 385 383 390 955 955 955 955 234 295 251 199 201 348 199 272 356 346 170 170 171
"66" 945 62 85 955 955 955 955 204 955 205 195 205 345 183 955 955 332 166 166 166
"67" 684 292 290 955 955 955 296 175 199 178 173 176 955 173 180 955 955 167 167 166
"68" 143 241 955 955 955 955 955 192 955 187 187 192 197 182 193 200 198 168 168 168
"69" 111 85 108 118 116 137 143 169 180 173 175 183 194 175 178 191 191 163 163 163
"70" 482 540 955 955 955 422 955 275 955 306 305 316 955 222 955 955 955 175 173 173
"71" 195 955 955 955 955 955 955 188 955 199 196 955 955 189 955 955 955 176 176 176
"72" 383 376 416 522 556 955 955 245 955 262 189 195 264 184 955 955 200 170 169 169
"73" 119 125 955 955 955 482 452 185 955 194 188 197 200 184 195 201 200 166 166 165
"74" 118 50 107 118 122 126 143 194 955 192 182 192 199 180 197 955 360 171 171 171
"75" 256 246 291 955 291 303 955 187 208 195 190 190 194 181 189 190 190 171 169 169
"76" 77 100 496 955 955 583 536 212 955 307 320 350 955 181 955 955 955 169 167 166
"77" 298 310 955 955 955 955 396 196 955 197 187 191 198 188 198 955 198 171 168 168
"78" 160 69 143 154 160 182 244 199 955 198 193 202 252 194 200 203 201 172 172 172
"79" 77 86 285 955 955 955 794 206 955 204 200 279 345 202 955 955 955 187 187 185
"80" 955 65 955 955 955 955 955 210 955 211 196 198 205 182 208 215 202 176 176 176
"81" 87 52 69 79 85 94 147 204 955 218 203 218 249 198 955 351 240 176 176 176
"82" 99 67 110 129 145 130 758 190 955 181 178 191 955 179 194 955 955 167 166 166
"83" 95 95 955 955 955 955 955 192 955 200 170 175 189 172 192 192 185 166 166 166
"84" 109 62 78 86 112 955 400 203 235 224 222 231 299 200 234 270 234 173 172 172
"85" 68 59 78 88 101 955 955 192 955 263 195 196 302 183 955 955 280 165 165 164
"86" 189 162 955 955 955 955 809 186 189 186 180 181 187 176 186 188 186 163 163 162
"87" 134 110 135 141 142 157 955 172 189 181 179 187 196 181 186 192 193 168 168 168
"88" 186 186 557 955 187 184 183 291 955 955 235 194 955 179 955 955 955 170 170 170
"89" 889 72 91 98 112 259 262 194 212 209 198 200 210 197 211 212 211 172 172 172
"90" 460 49 484 548 594 606 955 177 955 192 192 194 955 191 192 200 201 177 175 175
"91" 170 144 206 226 230 955 955 189 278 189 188 197 283 197 200 955 276 172 171 171
"92" 955 955 955 955 955 955 955 182 955 181 177 183 197 179 183 955 955 173 173 173
"93" 955 955 955 955 955 955 955 198 955 199 193 193 198 183 193 199 195 164 163 163
"94" 99 51 90 123 128 128 130 175 203 180 177 186 264 179 206 304 258 165 164 164
"95" 955 955 955 955 955 955 955 202 203 200 198 194 199 182 201 201 201 170 169 169
"96" 580 66 955 955 955 955 955 191 202 192 190 195 215 190 202 215 215 183 182 182
"97" 124 53 402 708 727 955 955 181 955 180 181 195 196 178 181 196 196 165 165 165
"98" 176 269 281 955 282 290 321 177 189 185 176 183 189 182 189 190 190 174 174 174
"99" 228 955 955 955 955 955 679 332 955 955 198 955 955 196 955 955 955 171 171 170
"100" 184 60 191 955 955 955 955 200 282 200 198 199 203 189 201 220 202 167 166 166
"101" 860 955 955 955 955 955 955 179 237 179 179 185 192 181 184 194 194 166 166 166
"102" 955 90 955 955 955 955 955 304 955 352 304 316 955 252 955 955 955 179 177 175
"103" 171 163 955 955 955 955 955 227 955 233 189 189 955 183 955 955 230 167 165 165
"104" 700 53 955 955 955 955 955 175 196 174 170 172 173 167 174 174 173 162 162 162
"105" 235 69 252 955 955 955 955 172 198 178 175 185 191 173 185 196 191 163 162 162
"106" 280 288 380 955 955 955 247 955 955 955 210 208 955 193 955 955 216 172 171 171
"107" 89 45 93 955 98 955 955 202 955 212 202 338 955 191 955 955 955 171 170 170
"108" 58 48 955 955 955 955 955 179 193 179 179 186 190 178 184 192 192 172 171 171
"109" 955 955 955 955 955 955 955 176 206 177 179 194 306 179 195 955 190 169 168 168
"110" 465 77 955 955 955 955 155 182 955 185 180 184 194 180 191 955 196 164 163 163
"111" 607 630 955 955 955 955 955 223 232 231 209 228 955 208 231 955 232 170 169 167
"112" 385 382 432 534 512 535 539 189 197 187 182 189 197 174 196 198 198 167 167 167
"113" 581 592 955 955 955 955 955 177 192 188 177 181 195 172 181 195 192 163 163 162
"114" 955 955 955 955 955 955 955 181 205 192 179 198 216 180 200 208 207 171 171 170
"115" 43 44 155 155 122 109 117 166 194 183 180 184 191 177 185 192 191 165 165 165
"116" 178 122 145 156 154 160 171 191 194 191 190 192 197 188 191 196 191 180 181 180
"117" 124 75 94 110 113 132 158 194 955 273 197 279 286 194 356 364 317 175 175 175
"118" 102 87 124 135 136 955 955 179 189 178 176 177 179 174 180 182 179 169 169 168
"119" 955 955 955 955 362 375 955 202 955 200 195 201 271 193 200 316 208 178 175 173
"120" 641 153 955 955 955 955 955 250 955 290 294 327 955 196 955 955 362 182 181 180
"121" 167 67 116 131 124 127 164 183 955 187 182 195 202 186 189 201 197 170 170 170
"122" 950 955 955 955 162 146 121 194 955 196 194 355 955 191 195 955 955 171 171 171
"123" 96 59 93 109 113 121 955 204 955 204 193 195 199 188 955 955 955 176 174 173
"124" 383 68 431 454 451 955 955 955 955 201 197 198 955 193 201 955 955 170 170 170
"125" 955 955 955 955 955 955 831 174 200 179 175 198 955 192 197 955 955 171 170 169
"126" 66 42 91 103 113 122 135 186 955 195 191 198 955 185 195 955 955 172 172 172
"127" 955 105 955 955 955 955 955 191 213 198 186 188 193 182 192 194 192 166 166 166
"128" 50 49 955 955 955 955 955 232 955 243 243 955 955 201 955 955 955 169 169 169
"129" 468 549 955 955 955 955 955 190 214 174 173 189 195 174 175 189 195 166 166 166
"130" 748 107 955 955 955 955 955 194 955 204 201 208 955 195 206 955 955 178 178 178
"131" 311 82 545 558 546 544 546 200 228 204 195 195 206 190 227 220 209 180 179 179
"132" 104 85 238 955 199 955 955 239 955 321 318 313 356 200 955 955 358 166 166 166
"133" 78 66 83 86 115 113 135 191 205 197 188 195 202 186 199 204 198 168 168 168
"134" 382 955 955 955 955 955 955 166 180 173 173 176 190 174 181 193 190 166 166 166
"135" 175 114 142 150 152 216 226 186 196 194 183 188 193 179 185 189 188 168 167 166
"136" 955 955 955 955 955 955 955 335 955 955 955 955 955 188 955 955 955 165 164 165
"137" 234 955 955 955 955 353 351 291 955 288 278 272 282 201 955 955 286 186 184 183
"138" 151 110 138 955 955 955 955 210 955 209 196 201 207 175 208 360 207 166 166 166
"139" 955 955 955 955 955 955 955 181 955 184 180 180 189 177 193 199 201 171 170 170
"140" 117 112 128 137 135 135 158 176 180 176 176 184 195 179 184 195 197 169 168 168
"141" 273 62 75 76 72 77 77 176 229 196 178 182 201 176 197 216 198 166 166 166
"142" 955 955 955 955 955 955 311 108 172 169 166 170 177 168 171 176 176 161 160 159
"143" 458 955 955 955 955 955 955 187 955 197 189 200 344 190 355 955 336 178 177 177
"144" 147 126 152 166 157 167 303 202 955 200 197 200 315 198 955 955 334 173 173 173
"145" 955 955 955 955 955 955 955 223 955 225 223 955 955 220 955 955 955 175 176 175
"146" 101 55 85 955 955 955 955 199 240 198 175 173 184 169 196 197 183 163 163 163
"147" 177 851 955 955 955 955 955 267 955 955 207 195 356 187 955 955 363 176 176 175
"148" 150 57 135 955 955 146 133 298 955 196 187 193 203 184 955 955 209 168 169 169
"149" 196 41 955 955 955 508 437 196 955 350 347 348 358 186 955 955 194 169 169 169
"150" 437 180 658 955 955 955 955 193 955 246 194 201 292 195 350 340 251 178 179 178
"151" 955 73 146 955 955 955 955 169 181 179 176 183 207 177 178 201 195 167 166 166
"152" 489 494 955 955 955 955 426 174 192 187 183 188 191 178 189 190 187 167 167 167
"153" 104 62 94 113 118 133 379 269 955 258 256 310 330 197 351 955 330 173 172 172
"154" 539 955 955 955 955 955 329 202 257 203 185 194 206 178 198 238 236 167 167 167
"155" 110 120 354 955 955 155 154 208 955 955 207 955 955 206 955 955 955 184 183 183
"156" 119 87 103 113 104 104 132 204 309 204 200 201 288 191 300 306 289 168 167 167
"157" 230 243 252 250 255 955 283 167 955 955 955 187 955 170 955 955 955 162 162 162
"158" 517 955 955 955 955 955 955 292 955 299 294 291 298 192 955 955 324 171 168 168
"159" 98 87 955 955 955 955 955 210 955 210 213 955 955 192 216 955 955 177 175 174
"160" 748 105 126 955 811 810 801 264 955 262 230 955 955 201 211 955 955 164 164 164
"161" 955 111 955 955 955 955 680 184 955 955 198 955 955 187 955 955 955 177 176 177
"162" 698 724 955 955 955 955 955 188 955 245 198 333 348 197 955 955 955 170 169 169
"163" 955 955 955 955 955 955 955 285 955 315 327 955 955 211 955 955 955 176 173 172
"164" 955 52 955 955 955 955 955 182 955 198 196 199 955 195 955 955 955 170 170 171
"165" 58 43 57 68 80 403 955 180 194 180 178 184 197 179 185 192 192 172 171 171
"166" 626 641 955 955 955 955 955 180 210 181 182 199 211 185 183 193 196 179 177 177
"167" 720 955 955 955 955 955 955 179 187 180 178 183 189 175 180 185 189 164 165 164
"168" 193 703 955 955 955 955 955 211 955 359 199 353 358 195 955 955 211 180 180 179
"169" 202 55 955 955 955 955 955 175 289 178 177 190 206 175 189 290 194 168 168 168
"170" 243 99 130 143 955 955 955 196 955 199 196 197 283 195 201 955 289 172 171 170
"171" 955 955 955 955 955 955 955 192 955 195 187 184 191 173 199 955 192 162 161 161
"172" 191 75 142 158 156 146 147 285 955 955 296 292 955 242 955 955 955 180 179 180
"173" 748 113 955 955 955 955 955 191 955 219 191 235 251 190 218 955 366 175 175 175
"174" 307 312 699 732 759 955 955 192 213 191 191 955 955 190 188 197 955 169 169 169
"175" 891 242 250 955 955 955 955 203 955 192 191 191 193 180 192 955 198 169 169 169
"176" 517 955 955 955 955 955 955 198 955 195 178 180 187 171 194 192 187 159 160 160
"177" 189 75 955 955 342 955 347 198 955 198 191 201 955 189 198 205 204 178 178 178
"178" 471 955 955 955 955 955 955 197 955 197 195 194 197 180 198 228 199 169 168 167
"179" 586 955 955 955 955 955 955 187 955 185 185 188 195 185 194 197 196 173 172 172
"180" 767 74 955 955 955 955 955 186 213 184 183 190 200 182 191 204 199 170 170 170
"181" 148 89 116 111 112 122 133 178 199 184 177 187 198 178 198 200 199 166 166 165
"182" 451 850 955 955 955 955 955 201 955 215 201 204 323 200 212 955 955 177 177 178
"183" 330 147 955 955 955 955 167 190 955 190 185 188 195 185 192 198 199 167 167 167
"184" 456 62 478 497 497 955 955 206 955 325 307 303 325 202 955 955 326 179 179 179
"185" 399 49 578 584 360 363 341 203 955 315 203 201 333 193 955 955 316 170 168 168
"186" 158 106 128 160 158 155 300 190 245 186 183 188 229 194 237 955 231 180 179 179
"187" 635 111 152 955 831 154 955 177 189 186 175 181 187 175 186 188 188 163 163 163
"188" 330 361 379 955 955 358 229 181 187 184 182 183 189 178 186 188 187 170 168 168
"189" 167 165 219 955 955 955 955 207 955 955 955 955 955 205 955 955 955 170 168 170
"190" 450 445 955 955 955 955 955 196 214 189 182 189 194 179 195 197 195 168 166 166
"191" 955 955 955 955 955 955 955 955 955 955 955 189 955 175 196 201 194 165 165 165
"192" 879 583 603 955 640 955 955 955 955 955 190 192 955 185 196 955 955 179 179 178
"193" 192 192 208 737 744 714 955 168 955 178 179 190 955 179 186 955 224 160 160 160
"194" 49 42 51 58 59 65 111 173 186 176 173 180 183 175 177 184 186 169 168 167
"195" 303 50 955 955 315 317 318 175 196 187 185 193 198 175 184 197 195 165 165 165
"196" 170 120 160 192 955 955 955 200 955 192 187 198 955 176 199 201 200 168 168 168
"197" 139 955 955 955 244 955 955 188 226 186 183 189 192 185 192 194 193 168 168 168
"198" 515 265 305 385 351 355 349 192 955 349 169 170 182 168 189 188 180 164 164 164
"199" 955 955 955 955 955 955 955 177 193 187 176 178 187 177 189 189 190 168 167 167
"200" 209 234 955 955 955 955 407 175 955 198 176 183 190 171 179 189 186 165 164 164
"201" 451 71 173 955 389 375 374 185 194 187 185 188 195 183 188 195 194 167 166 166
"202" 629 656 955 955 955 955 387 188 195 188 179 179 186 171 184 187 187 165 164 164
"203" 334 84 955 955 328 332 340 232 955 190 186 200 955 188 955 955 955 166 165 165
"204" 136 77 104 143 139 144 341 178 955 188 183 204 210 192 201 292 288 171 171 171
"205" 955 955 955 955 372 374 344 204 955 370 955 359 955 204 955 955 955 174 173 173
"206" 106 74 100 148 148 162 161 218 955 242 232 955 955 197 955 955 955 177 176 176
"207" 93 78 99 955 955 955 955 170 195 173 172 178 183 174 184 187 184 166 165 165
"208" 270 145 930 955 955 955 493 173 955 188 174 190 348 171 191 955 200 164 164 163
"209" 97 955 955 955 955 955 955 207 955 224 197 271 955 190 212 955 222 172 170 169
"210" 446 408 456 955 955 955 955 201 202 188 179 188 195 180 198 200 197 164 164 164
"211" 356 373 375 393 381 955 955 187 193 190 186 189 193 187 191 193 194 177 176 176
"212" 121 59 118 124 73 116 128 195 955 955 196 955 955 200 955 955 955 181 184 184
"213" 291 173 751 955 149 164 955 190 223 200 190 191 200 183 200 208 200 169 168 168
"214" 668 46 101 105 122 955 955 181 188 180 179 183 188 176 186 194 188 168 168 168
"215" 397 402 955 955 955 955 955 186 955 201 181 181 202 177 202 955 354 168 166 166
"216" 815 164 955 955 955 955 300 172 955 195 180 183 193 177 189 196 191 171 171 171
"217" 471 91 955 955 955 955 555 361 955 329 325 359 955 288 955 955 955 174 174 174
"218" 60 47 66 75 75 89 112 174 191 174 172 183 357 176 182 205 205 165 165 165
"219" 60 47 61 65 79 87 830 182 955 203 197 195 205 182 205 955 955 169 166 166
"220" 938 159 955 165 160 158 162 177 199 191 187 193 242 190 200 955 246 174 173 173
"221" 462 468 488 955 955 955 955 174 955 170 169 192 955 170 172 204 203 159 160 160
"222" 59 53 65 75 79 131 955 189 201 189 186 190 196 183 193 197 192 168 168 168
"223" 279 98 132 133 126 159 261 195 955 196 193 193 196 186 195 196 195 169 169 169
"224" 142 50 955 955 955 955 955 196 219 196 192 191 196 184 196 197 197 178 178 177
"225" 285 68 955 955 955 463 452 290 955 339 349 292 361 211 955 955 339 167 166 166
"226" 461 524 955 955 955 955 348 196 955 193 192 201 333 191 955 955 320 179 178 178
"227" 433 65 81 955 955 955 955 179 199 180 173 176 179 169 180 180 178 164 163 163
"228" 840 52 71 77 81 868 856 217 955 284 284 955 955 199 955 955 955 178 177 176
"229" 423 460 497 516 309 312 307 174 194 185 183 191 197 185 187 193 192 168 168 168
"230" 955 955 955 955 439 441 382 197 955 273 196 191 196 185 199 200 196 179 178 177
"231" 200 51 328 955 955 955 955 239 955 200 195 195 199 187 196 201 201 172 171 172
"232" 80 87 117 136 138 135 140 171 196 190 189 192 196 182 192 195 194 164 164 164
"233" 408 75 121 134 137 133 143 172 955 190 190 955 955 195 199 955 955 172 171 171
"234" 55 49 105 123 131 142 955 955 955 955 203 224 233 191 955 955 317 174 172 172
"235" 537 541 955 955 955 955 955 181 955 205 177 182 334 173 955 955 326 165 165 165
"236" 266 104 955 955 356 347 350 178 955 249 247 245 358 198 955 955 955 171 169 169
"237" 98 60 79 94 100 410 267 230 290 233 215 224 236 195 288 287 264 178 178 178
"238" 69 68 110 155 156 172 173 155 178 170 169 176 193 173 180 196 196 160 161 162
"239" 186 96 117 124 286 311 332 182 193 182 179 179 182 175 182 184 182 167 167 167
"240" 104 744 955 955 955 955 955 189 288 196 196 198 278 175 190 200 202 163 163 163
"241" 793 64 954 955 955 955 955 197 955 196 194 193 246 190 197 955 332 182 178 176
"242" 955 955 955 955 955 955 955 239 955 265 260 271 366 193 955 955 356 181 180 180
"243" 682 66 955 955 955 955 955 214 955 319 320 955 955 269 955 955 955 180 180 179
"244" 322 560 591 629 648 955 955 193 227 192 190 193 195 190 194 201 199 173 173 173
"245" 155 57 955 955 955 955 955 184 216 185 184 206 955 182 188 955 217 169 169 168
"246" 550 69 955 955 955 955 955 266 955 955 955 955 955 204 955 955 955 172 172 171
"247" 152 146 955 190 169 186 172 199 955 955 201 955 955 194 955 955 955 170 171 171
"248" 284 955 955 955 955 955 955 328 955 348 281 296 337 238 955 955 329 187 182 183
"249" 76 62 75 955 955 955 955 352 955 381 381 955 955 247 955 955 955 181 180 179
"250" 70 62 86 128 168 955 955 191 215 191 186 196 256 185 200 955 260 174 174 174
"251" 330 311 955 955 337 337 226 179 955 182 179 183 187 176 183 188 189 162 162 162
"252" 955 823 861 878 955 955 955 282 955 199 184 187 192 183 195 955 191 173 173 173
"253" 643 824 955 955 955 955 315 211 955 216 198 193 200 183 193 203 197 169 167 167
"254" 955 955 955 955 955 366 348 177 187 175 174 182 194 178 185 198 194 170 169 169
"255" 88 62 447 955 302 362 273 172 181 176 176 179 199 177 180 190 200 169 169 169
"256" 119 86 955 955 955 118 122 172 190 172 170 177 183 173 180 189 183 168 167 167
"257" 151 115 144 144 150 955 955 178 955 203 179 193 337 178 955 955 203 165 165 165
"258" 354 497 510 955 955 955 955 195 955 193 193 955 955 197 955 955 955 170 170 170
"259" 518 773 955 955 955 955 955 208 289 191 175 189 227 186 195 955 288 170 169 169
"260" 318 333 955 955 955 955 955 264 955 262 213 260 264 193 955 955 293 181 178 178
"261" 286 165 955 955 955 955 955 178 194 186 175 176 188 171 189 191 190 162 162 162
"262" 134 135 715 955 955 955 349 176 200 190 176 180 184 172 186 191 191 167 167 167
"263" 582 955 955 955 955 955 955 196 955 193 180 186 198 185 194 201 198 175 175 175
"264" 800 790 955 955 955 955 955 218 955 227 197 202 955 193 955 955 955 176 176 176
"265" 638 884 933 955 955 955 955 183 212 204 198 200 211 191 205 213 214 166 165 165
"266" 339 77 339 370 286 287 258 190 197 194 191 196 199 183 191 197 196 168 167 166
"267" 422 955 955 955 955 433 444 197 206 195 187 196 275 179 204 206 199 169 168 168
"268" 145 249 279 955 248 955 227 188 218 188 187 195 202 186 189 197 196 169 168 168
"269" 955 55 955 955 955 955 955 194 955 240 215 955 955 195 955 955 955 175 175 175
"270" 75 48 85 504 524 955 955 200 955 955 198 199 955 196 955 955 204 179 179 178
"271" 955 955 955 955 955 955 955 367 955 955 955 955 955 268 955 955 955 190 189 189
"272" 567 578 617 955 955 955 955 257 955 270 260 262 270 198 273 274 264 172 172 172
"273" 614 673 955 955 689 955 955 238 955 237 239 308 955 184 955 955 328 166 165 165
"274" 179 172 210 955 955 955 405 189 955 193 191 195 955 187 197 955 199 166 165 165
"275" 182 955 955 955 955 955 955 175 955 350 184 189 955 173 955 955 355 164 164 164
"276" 119 123 955 955 955 955 350 199 955 182 181 194 278 185 199 955 211 172 172 171
"277" 193 160 955 955 401 955 955 174 955 198 196 955 955 202 185 955 955 172 171 172
"278" 77 81 955 955 955 955 955 225 955 225 218 225 352 208 955 955 233 179 178 178
"279" 727 151 729 955 955 955 955 231 955 955 955 955 955 180 955 955 955 170 170 169
"280" 223 73 955 955 296 301 955 181 955 182 181 186 272 178 189 296 200 174 173 173
"281" 577 106 638 676 955 955 819 955 955 955 194 196 955 193 955 955 955 174 173 173
"282" 348 91 955 955 119 123 349 192 206 183 177 188 194 188 191 198 198 170 171 171
"283" 75 65 81 107 114 955 955 188 196 184 179 180 184 179 184 187 186 169 168 167
"284" 111 722 769 955 955 955 955 218 955 251 239 320 955 237 955 955 955 166 167 167
"285" 79 60 86 955 955 955 738 188 217 189 186 184 187 177 188 192 188 170 169 169
"286" 119 58 113 120 122 123 120 179 202 181 181 192 198 181 183 196 199 172 172 171
"287" 117 95 127 188 285 318 955 180 196 180 178 193 194 177 179 194 194 164 164 164
"288" 321 398 412 955 356 317 337 202 955 276 196 199 335 184 955 955 334 166 166 166
"289" 118 111 955 955 955 955 955 194 955 194 193 955 955 191 955 955 955 169 169 168
"290" 638 63 955 955 955 955 955 210 955 212 208 208 955 174 955 955 352 165 165 165
"291" 291 326 955 955 392 405 401 173 955 321 316 321 955 258 955 955 339 168 168 168
"292" 260 407 527 955 955 955 409 197 955 187 184 198 955 182 955 955 955 170 170 170
"293" 119 57 69 109 113 115 136 178 199 196 182 191 198 178 194 197 191 166 166 165
"294" 889 77 118 955 362 362 293 195 955 214 193 195 245 187 955 955 271 169 169 169
"295" 230 107 413 955 409 411 409 194 201 195 193 199 955 196 201 955 955 172 172 171
"296" 347 955 955 955 955 955 955 256 955 278 280 297 341 195 955 955 334 178 177 177
"297" 823 819 955 955 955 955 955 183 955 189 183 185 196 181 196 955 224 171 170 170
"298" 345 71 130 139 123 126 147 200 277 209 198 202 293 192 199 319 276 169 168 168
"299" 607 63 955 955 955 955 955 170 955 179 176 200 955 177 198 955 955 164 164 163
"300" 101 116 330 349 352 351 337 187 955 336 336 334 955 252 955 955 333 184 183 183
"301" 335 84 955 955 360 955 955 182 206 182 181 183 200 181 202 205 202 168 168 168
"302" 284 174 955 955 955 955 955 187 955 194 188 201 955 187 955 955 955 170 167 167
"303" 289 290 955 955 955 955 955 195 955 195 195 202 309 187 205 955 315 167 166 167
"304" 136 82 126 146 145 159 222 198 955 955 200 201 955 184 199 955 955 174 174 173
"305" 66 53 69 701 723 733 955 185 205 186 182 182 189 179 184 190 185 168 167 167
"306" 93 86 173 955 955 955 955 190 955 955 195 955 955 186 955 955 955 168 168 168
"307" 190 71 955 955 955 955 955 269 955 205 194 955 955 195 955 955 955 174 174 171
"308" 226 240 265 955 955 955 955 181 201 191 180 182 191 175 184 197 187 168 167 167
"309" 637 955 955 955 955 955 955 174 179 172 172 174 179 171 173 176 175 167 167 167
"310" 243 579 611 955 955 955 955 198 955 206 199 223 229 204 955 955 955 181 175 172
"311" 818 915 955 955 955 290 250 192 228 193 190 199 200 183 191 198 199 168 168 167
"312" 904 521 955 955 955 955 694 181 190 184 182 189 196 185 188 191 192 174 174 174
"313" 89 66 86 98 955 955 955 169 197 177 182 187 198 183 187 198 196 167 167 167
"314" 359 106 955 955 955 955 955 217 955 211 211 254 259 205 258 260 260 173 172 170
"315" 292 478 569 955 474 476 482 185 197 180 180 194 199 180 196 206 200 171 170 171
"316" 894 60 955 955 955 955 955 355 955 955 355 357 362 194 955 955 373 179 177 177
"317" 795 955 955 955 955 955 955 206 955 215 201 195 208 189 201 217 198 168 167 167
"318" 406 58 386 429 358 360 363 312 955 341 339 342 955 244 955 955 955 172 172 173
"319" 529 97 955 955 955 955 940 192 197 190 190 193 220 197 216 955 955 187 185 185
"320" 955 600 955 955 114 105 108 248 955 365 362 370 955 218 955 955 369 172 164 163
"321" 168 140 167 184 184 391 385 254 955 251 246 336 350 200 955 955 336 181 184 184
"322" 581 829 955 955 955 955 955 198 955 218 200 205 955 198 955 955 955 177 175 175
"323" 104 54 81 89 93 100 120 322 955 955 323 195 955 177 955 955 323 167 166 166
"324" 96 58 81 101 103 124 372 180 955 185 181 181 194 177 192 202 198 170 169 168
"325" 133 82 131 135 955 955 955 190 955 190 188 193 200 184 190 195 196 171 171 170
"326" 183 815 851 862 860 883 314 184 190 184 183 186 192 183 188 192 191 174 173 173
"327" 845 955 955 955 955 955 955 226 287 230 201 196 262 188 255 288 287 173 171 171
"328" 94 56 94 97 99 99 114 183 196 193 182 186 190 181 184 189 188 165 164 164
"329" 90 74 99 102 114 114 955 296 955 955 955 352 955 194 955 955 955 172 172 171
"330" 107 103 125 189 955 955 955 183 955 358 182 955 955 182 955 955 955 167 167 167
"331" 106 94 955 955 955 955 955 197 205 200 197 204 352 201 205 955 331 175 175 175
"332" 267 50 955 955 955 955 955 197 955 279 196 201 955 195 955 955 955 180 180 180
"333" 169 74 134 146 142 153 955 201 955 179 175 187 208 180 208 955 292 171 167 167
"334" 58 50 91 955 329 327 323 173 198 190 189 191 195 188 191 193 193 174 174 173
"335" 342 66 955 955 351 368 371 210 955 208 195 197 209 180 213 318 209 168 168 168
"336" 305 297 955 955 407 397 366 205 955 955 201 364 955 233 955 955 955 176 175 175
"337" 726 955 955 955 955 955 745 199 955 305 183 178 196 174 196 201 194 166 166 166
"338" 455 467 477 831 837 431 955 335 955 324 324 328 358 185 195 955 364 167 167 167
"339" 955 955 955 955 955 955 318 174 190 177 175 192 357 176 177 955 955 168 168 168
"340" 109 123 708 730 955 955 955 310 955 955 955 955 955 200 955 955 955 171 172 172
"341" 69 56 328 365 356 367 374 186 187 184 181 183 186 181 186 187 186 175 175 174
"342" 264 493 523 955 955 955 955 179 192 186 185 186 190 184 186 190 189 172 171 171
"343" 150 34 130 955 161 481 481 197 955 190 190 192 198 186 191 200 200 168 166 167
"344" 121 791 955 955 955 381 255 204 955 205 204 258 368 202 955 955 370 188 187 187
"345" 60 49 66 82 72 80 88 202 955 203 193 197 357 194 368 365 347 183 182 181
"346" 33 31 44 53 56 64 92 191 955 955 955 955 955 194 955 955 955 165 165 165
"347" 95 88 109 116 110 110 156 191 955 275 192 194 955 189 955 955 955 174 172 172
"348" 67 77 955 955 955 955 955 186 955 305 186 190 245 186 189 196 199 168 168 168
"349" 752 63 127 196 955 955 955 955 955 955 207 343 347 196 955 955 230 168 168 169
"350" 955 75 955 955 955 955 955 192 955 188 186 191 955 185 198 955 198 178 178 177
"351" 283 66 414 455 367 297 293 200 301 203 200 202 279 198 282 300 284 182 176 174
"352" 327 380 955 955 955 955 955 335 955 955 182 192 955 180 955 955 955 170 168 168
"353" 358 355 364 370 369 366 155 180 191 182 177 176 180 170 181 184 183 162 157 159
"354" 122 101 955 955 955 955 955 292 955 204 190 295 324 195 955 955 325 184 184 183
"355" 803 955 955 955 955 955 955 179 183 180 179 181 193 178 180 182 193 167 167 167
"356" 408 85 955 955 955 955 955 190 207 187 183 194 201 185 193 200 200 173 173 173
"357" 352 955 955 955 494 495 495 182 192 187 186 189 193 182 189 194 193 174 174 174
"358" 47 36 58 955 955 955 358 194 955 195 192 197 200 182 194 201 356 171 170 170
"359" 310 317 955 319 316 316 315 198 955 228 202 196 955 177 955 955 955 169 168 168
"360" 137 75 142 955 955 955 263 288 955 955 955 955 955 196 955 955 955 178 176 174
"361" 867 51 955 955 955 955 955 185 287 186 185 191 196 186 191 201 255 179 179 179
"362" 290 46 306 955 955 955 955 185 188 185 185 188 955 187 198 955 192 177 177 177
"363" 200 276 306 335 321 341 364 175 955 198 193 192 955 178 955 955 955 166 166 166
"364" 100 79 139 955 955 955 955 195 198 194 189 191 195 186 195 195 195 168 167 167
"365" 247 45 955 955 955 955 359 189 194 193 188 189 197 184 192 194 191 173 173 173
"366" 98 90 155 955 955 955 955 955 955 955 214 955 955 206 955 955 955 180 174 174
"367" 148 67 174 185 172 153 143 168 955 198 192 181 201 174 197 200 249 166 165 165
"368" 356 637 955 955 333 356 357 177 189 182 181 181 192 178 182 189 184 170 170 170
"369" 538 566 636 689 703 955 955 187 955 188 184 187 199 177 192 955 195 167 168 167
"370" 170 92 129 145 159 835 851 203 955 177 176 184 188 178 191 191 188 168 168 167
"371" 955 955 955 955 955 955 955 186 198 188 184 184 190 175 187 189 190 169 169 168
"372" 60 58 84 94 98 118 142 187 955 197 187 200 955 179 955 955 955 173 173 172
"373" 428 462 955 955 955 955 955 174 955 211 200 199 203 183 202 229 225 170 169 169
"374" 85 64 86 93 90 101 103 163 177 175 175 178 185 175 175 179 185 162 162 162
"375" 203 955 955 955 955 955 955 340 955 339 201 372 955 188 955 955 955 180 180 180
"376" 206 314 339 955 265 329 270 194 293 201 195 201 206 187 195 206 203 172 170 169
"377" 343 523 955 955 955 955 955 198 955 198 196 197 199 180 197 201 200 174 173 173
"378" 138 90 145 955 955 169 170 164 955 201 191 200 955 187 955 955 260 164 164 164
"379" 47 37 145 151 148 158 165 955 955 955 401 955 955 242 955 955 955 180 177 176
"380" 85 61 86 122 137 123 119 199 955 235 240 955 955 236 955 955 955 176 174 174
"381" 235 92 955 955 955 955 955 305 955 336 340 310 955 190 955 955 955 171 171 171
"382" 923 535 955 955 955 955 955 190 955 199 197 200 244 183 195 955 320 165 165 165
"383" 206 955 955 955 955 955 335 180 955 195 191 193 200 182 195 955 955 170 171 170
"384" 116 108 955 955 955 955 955 182 239 185 182 188 228 184 190 236 228 171 166 167
"385" 887 91 955 955 955 955 955 179 189 179 177 179 186 177 179 183 183 169 169 169
"386" 908 955 955 955 955 376 376 197 201 197 192 196 201 191 200 955 206 174 173 172
"387" 796 955 955 955 955 955 955 179 196 193 181 190 198 182 195 197 196 169 168 168
"388" 337 108 955 955 955 955 502 222 955 223 226 264 293 191 263 955 266 167 167 167
"389" 552 955 955 955 955 955 955 188 955 197 193 194 288 177 955 955 195 165 165 165
"390" 599 603 955 955 955 955 955 197 955 195 192 196 199 186 198 955 201 175 176 175
"391" 84 66 82 90 98 126 955 193 955 955 197 205 955 185 955 955 955 172 172 171
"392" 321 955 955 955 955 955 955 176 187 174 175 179 191 176 180 189 188 165 164 164
"393" 691 717 735 955 955 955 955 202 955 201 194 201 955 193 955 955 955 168 167 167
"394" 144 65 82 91 955 955 228 191 199 192 190 191 196 184 190 192 191 172 171 171
"395" 47 47 61 72 84 87 143 175 185 178 178 184 186 179 179 186 186 164 164 164
"396" 267 263 289 955 306 352 955 220 955 342 201 201 219 187 955 955 219 176 174 173
"397" 605 607 603 955 955 955 955 398 955 955 955 955 955 199 955 955 955 175 172 172
"398" 107 103 125 132 131 137 157 274 955 323 242 265 955 205 955 955 955 182 182 181
"399" 96 955 955 955 955 955 955 180 955 187 187 193 342 180 188 192 330 171 171 171
"400" 193 262 310 955 282 269 284 201 955 275 273 273 292 192 292 340 292 174 172 172
"401" 115 416 955 955 955 955 324 197 955 197 197 201 955 195 201 955 955 179 180 179
"402" 793 70 955 955 955 955 955 291 955 955 955 955 955 244 955 955 955 178 179 178
"403" 955 141 955 955 955 955 509 186 955 310 191 294 312 176 354 955 298 167 167 167
"404" 192 238 250 955 334 315 292 175 955 190 185 188 210 174 189 200 201 163 163 163
"405" 90 94 955 955 955 955 955 191 955 196 190 191 318 188 343 955 322 168 167 167
"406" 449 919 955 955 955 955 955 187 203 186 185 187 205 185 190 204 204 169 167 167
"407" 228 76 247 252 235 236 244 181 208 179 178 183 190 177 180 188 188 169 169 169
"408" 180 61 362 955 365 364 955 287 955 955 955 955 955 184 955 955 955 167 167 167
"409" 156 70 107 125 125 147 161 179 212 192 183 184 192 178 184 187 188 166 167 167
"410" 244 656 955 955 955 955 955 178 955 180 177 183 189 177 189 200 196 168 167 167
"411" 99 75 95 105 115 123 132 185 200 185 185 197 202 186 185 195 193 176 176 175
"412" 73 46 76 127 955 955 671 189 280 185 183 185 190 183 189 955 955 175 174 174
"413" 81 75 93 103 98 110 108 171 191 189 187 190 198 186 189 196 192 168 168 167
"414" 422 172 955 955 955 471 461 343 955 955 196 955 955 187 955 955 955 169 169 168
"415" 704 207 955 955 955 955 955 191 955 192 183 189 194 180 182 193 191 165 165 165
"416" 955 955 955 955 955 955 955 172 955 179 178 201 955 179 200 955 218 164 163 163
"417" 280 81 97 335 120 324 338 198 361 265 194 196 272 191 360 359 262 178 176 175
"418" 192 203 660 955 699 698 955 192 955 192 185 185 194 182 955 955 195 174 174 173
"419" 741 955 955 955 955 392 389 226 955 250 238 239 246 178 272 294 243 169 169 168
"420" 788 47 955 955 955 955 955 182 199 188 183 187 196 179 195 221 197 171 171 170
"421" 58 58 502 955 513 955 955 180 955 196 182 185 955 182 955 955 955 169 168 168
"422" 955 955 955 955 955 955 955 202 955 201 200 201 260 191 203 280 264 179 177 177
"423" 697 674 791 955 823 955 955 188 228 189 185 189 197 182 188 200 196 174 174 174
"424" 410 367 406 473 477 955 955 200 955 197 187 197 955 184 200 955 955 169 169 169
"425" 82 91 955 130 114 127 955 185 192 189 186 185 187 181 187 189 191 166 166 166
"426" 182 85 955 955 955 955 360 193 955 193 178 178 193 175 955 955 194 168 168 168
"427" 955 955 955 955 955 955 955 199 955 311 312 208 955 195 955 955 313 175 174 173
"428" 275 147 196 955 292 955 955 194 955 955 195 955 955 189 955 955 955 163 163 163
"429" 155 868 920 942 212 216 212 172 180 177 174 177 179 172 177 179 179 168 167 167
"430" 182 955 955 955 955 955 955 258 955 285 200 301 303 200 298 314 294 184 181 183
"431" 681 906 928 955 955 955 955 193 955 192 191 193 955 190 195 955 955 171 171 171
"432" 240 955 955 955 955 955 955 192 212 202 193 196 202 190 195 200 199 176 175 175
"433" 118 110 955 955 955 955 955 183 955 188 185 955 955 195 202 955 955 178 177 177
"434" 66 48 78 80 80 80 306 176 189 175 174 175 184 174 178 188 185 169 169 169
"435" 261 275 955 955 955 955 955 175 955 202 186 200 955 183 955 955 201 173 172 173
"436" 104 106 155 179 184 174 402 287 955 322 320 322 345 194 955 955 357 184 183 183
"437" 955 955 955 955 422 955 421 189 955 190 189 343 955 186 189 955 199 175 172 173
"438" 173 80 97 126 122 129 149 199 955 190 191 290 298 193 373 374 268 181 181 180
"439" 143 51 76 74 75 103 116 191 955 955 955 356 955 190 201 955 955 168 168 167
"440" 72 48 59 70 77 101 107 296 955 955 199 200 955 190 955 955 955 169 168 168
"441" 48 50 88 84 88 108 120 212 955 213 190 189 195 179 955 955 198 168 168 167
"442" 85 58 81 121 360 363 352 184 955 191 183 186 189 181 185 195 185 166 167 166
"443" 709 46 786 871 955 290 294 236 955 239 223 334 338 199 955 955 359 176 174 173
"444" 290 52 955 955 955 955 955 349 955 357 358 955 955 192 955 955 955 172 172 173
"445" 473 955 955 955 955 955 380 343 955 955 382 382 384 241 955 955 374 174 173 173
"446" 83 56 78 82 77 79 109 188 200 186 183 193 199 179 198 313 262 171 169 169
"447" 868 955 955 955 955 955 955 187 214 188 184 186 190 181 187 190 198 171 171 170
"448" 83 191 224 242 251 256 264 184 229 183 181 192 197 178 188 199 197 170 168 168
"449" 54 52 68 71 141 166 955 230 955 317 230 316 320 200 955 955 955 180 179 179
"450" 955 955 955 955 330 396 396 200 955 196 192 249 285 198 231 358 302 179 179 178
"451" 955 188 955 955 276 955 955 177 220 179 184 195 207 176 189 197 195 165 164 164
"452" 180 126 955 955 955 955 496 955 955 955 955 955 955 216 955 955 955 182 177 177
"453" 126 112 955 955 955 261 242 184 195 186 183 188 200 178 185 193 192 171 168 166
"454" 588 594 955 955 955 955 955 172 955 195 177 184 190 176 185 192 184 164 164 164
"455" 217 91 121 955 302 955 306 185 269 178 177 199 227 177 186 247 222 164 164 164
"456" 293 199 295 432 320 311 337 211 955 277 214 266 278 190 955 955 262 168 168 167
"457" 212 229 955 955 955 955 955 250 955 955 955 203 955 194 955 955 955 165 164 164
"458" 69 71 955 955 955 955 955 181 191 181 178 182 190 177 187 191 190 169 168 168
"459" 143 94 955 955 955 955 955 192 198 188 185 192 197 188 193 198 196 167 165 165
"460" 259 183 591 955 955 955 495 182 207 189 186 193 202 183 188 198 195 174 173 173
"461" 186 89 955 955 955 955 405 182 955 187 179 186 195 181 195 197 197 169 169 169
"462" 210 56 289 293 281 290 285 192 955 955 955 955 955 213 955 955 955 180 176 176
"463" 317 54 143 147 141 143 164 281 955 205 185 191 955 183 188 955 202 173 172 171
"464" 75 55 73 84 95 110 955 192 194 190 190 191 193 187 186 192 192 169 169 169
"465" 263 885 912 955 955 955 955 277 955 955 955 955 955 284 955 955 955 176 177 176
"466" 367 55 384 955 63 68 399 206 955 205 203 204 212 191 212 331 282 178 178 178
"467" 164 136 184 187 160 160 955 196 955 955 197 197 203 191 200 955 204 166 166 165
"468" 955 98 955 955 955 955 955 191 955 191 186 197 955 190 955 955 955 174 173 173
"469" 550 366 955 955 955 955 955 186 197 191 188 192 194 185 189 195 194 166 162 162
"470" 178 119 142 159 152 955 955 200 955 199 199 201 221 193 204 955 207 167 166 167
"471" 256 306 334 955 339 955 955 205 955 205 200 200 204 188 955 955 205 175 174 174
"472" 955 955 955 955 955 955 955 189 955 205 203 205 955 186 205 207 207 169 170 170
"473" 233 266 301 955 955 955 955 208 955 214 201 197 348 191 218 955 358 168 168 168
"474" 83 90 112 116 118 134 955 233 955 233 198 207 234 188 200 236 231 174 174 174
"475" 81 71 93 112 111 118 125 183 237 237 193 192 218 189 208 229 211 170 172 169
"476" 307 317 345 955 347 955 955 274 955 346 955 955 955 199 955 955 955 179 169 168
"477" 911 93 110 110 103 103 96 227 955 955 271 197 955 183 955 955 271 168 169 169
"478" 256 87 328 955 955 955 955 170 185 174 170 181 191 174 177 184 190 164 164 164
"479" 627 629 653 674 385 955 955 221 955 224 221 224 955 200 955 955 955 187 177 176
"480" 758 656 955 955 955 955 664 183 214 193 182 183 195 180 194 200 200 169 169 169
"481" 554 56 123 955 955 955 955 198 955 196 193 198 206 191 199 219 206 176 174 174
"482" 438 441 463 955 470 955 955 211 955 233 211 213 233 195 233 233 233 184 184 185
"483" 312 313 335 346 338 342 955 175 955 955 226 243 955 224 955 955 955 175 174 174
"484" 437 428 467 457 370 376 367 212 955 221 220 223 955 209 955 955 955 183 183 183
"485" 443 81 340 955 339 337 338 180 190 180 179 181 188 177 188 190 190 172 171 171
"486" 88 91 110 126 126 139 955 362 955 202 199 201 955 198 955 955 955 171 170 170
"487" 354 82 955 955 955 955 955 178 194 187 179 187 207 181 193 955 324 169 168 168
"488" 955 148 955 955 955 955 955 257 955 265 269 283 343 212 955 955 345 184 184 184
"489" 169 125 159 955 955 955 955 192 214 189 189 196 200 190 195 202 212 179 179 179
"490" 470 52 955 955 955 955 394 209 955 237 201 195 200 187 207 207 199 182 182 181
"491" 741 87 878 955 317 317 319 216 312 215 212 212 276 190 241 312 239 172 170 170
"492" 476 485 955 955 955 955 641 228 955 201 192 198 955 190 955 955 230 166 165 165
"493" 146 955 955 955 955 955 955 181 955 197 196 200 955 187 199 955 200 175 174 174
"494" 312 739 759 955 955 955 955 198 955 198 198 201 955 196 955 955 349 177 176 176
"495" 536 84 105 955 955 955 955 172 215 176 178 212 955 178 182 955 955 166 166 166
"496" 301 57 140 159 164 159 187 214 955 218 207 200 212 188 221 353 219 175 175 174
"497" 704 109 955 955 895 878 851 303 955 354 353 357 370 246 955 955 362 182 181 181
"498" 76 152 646 955 955 955 173 189 955 189 188 189 196 183 189 195 191 165 165 165
"499" 194 148 380 955 320 333 329 167 189 176 168 173 178 169 177 179 181 163 162 163
"500" 204 191 345 955 335 955 955 283 955 357 203 360 955 202 955 955 955 180 180 180
