"max_pca1" "max_pca2" "max_pca3" "max_pca5" "max_pca10" "max_pca20" "max_pca40" "min_pca1" "min_pca2" "min_pca3" "min_pca5" "min_pca10" "min_pca20" "min_pca40" "tpca0.8" "tpca0.9" "tpca0.95" "tpca0.99" "tpca0.995" "tpca0.999"
"1" 955 704 955 955 955 955 955 955 955 955 955 955 955 189 174 167 169 169 169 169
"2" 119 57 95 98 94 955 955 955 955 955 955 955 955 185 175 169 169 169 169 169
"3" 727 625 955 955 955 955 955 955 955 955 199 955 955 198 171 168 168 168 168 168
"4" 199 48 620 630 955 245 237 955 955 955 955 202 198 185 172 170 170 171 171 171
"5" 59 49 64 73 86 91 195 955 955 955 955 955 955 188 175 169 169 170 170 170
"6" 955 167 955 955 955 955 955 955 955 955 955 955 200 187 169 167 166 167 167 167
"7" 182 136 955 955 955 955 955 955 955 955 955 955 955 190 168 167 164 165 165 165
"8" 436 955 955 955 955 955 955 955 955 955 955 955 955 193 183 174 175 174 174 174
"9" 43 33 43 82 100 107 127 955 955 955 955 955 955 284 171 171 171 175 175 175
"10" 131 74 132 955 134 955 955 955 955 955 955 955 955 224 173 172 172 173 173 173
"11" 224 231 249 955 955 955 955 955 955 955 955 955 955 197 173 171 169 171 171 171
"12" 618 722 955 955 955 955 955 955 955 955 955 955 955 190 178 175 175 175 175 175
"13" 955 692 955 955 955 955 955 955 955 955 955 955 955 193 174 170 166 167 167 167
"14" 179 90 519 534 536 529 550 955 955 955 955 955 955 201 183 178 176 176 176 176
"15" 192 50 593 606 686 955 955 955 955 955 955 955 955 193 173 170 168 169 169 169
"16" 674 669 955 955 955 955 955 955 955 955 955 955 199 189 171 170 170 170 170 170
"17" 45 75 955 955 955 955 955 955 955 955 955 955 955 189 170 168 168 169 169 169
"18" 379 955 955 955 955 955 955 955 955 955 955 955 955 185 168 165 163 165 165 165
"19" 458 456 955 955 955 955 955 955 955 955 955 955 955 199 174 172 173 173 173 173
"20" 118 45 121 130 189 196 955 955 955 955 955 955 955 201 181 174 174 173 173 173
"21" 297 273 310 321 955 955 955 955 955 955 955 955 955 192 177 173 171 172 172 172
"22" 836 84 955 955 955 955 955 955 955 955 955 955 199 187 176 168 167 166 166 166
"23" 65 49 62 70 77 95 133 955 955 955 955 955 955 199 179 173 174 176 176 176
"24" 955 797 833 955 955 955 955 955 955 955 188 955 955 189 163 161 161 162 162 162
"25" 955 150 955 955 955 955 955 955 955 955 955 955 955 193 170 167 166 167 167 167
"26" 40 41 109 112 125 130 955 173 195 192 183 191 197 179 166 164 163 164 164 164
"27" 149 138 955 955 955 955 955 955 955 955 955 955 955 353 172 170 170 171 171 171
"28" 904 131 955 955 955 955 955 955 955 955 955 955 955 189 180 174 173 173 173 173
"29" 131 91 141 955 850 955 955 955 955 955 955 955 955 186 175 171 169 169 169 169
"30" 955 82 108 955 178 172 169 955 955 955 955 955 955 197 173 168 168 170 170 170
"31" 72 34 77 84 89 100 955 955 955 955 955 955 955 196 174 172 172 173 173 173
"32" 194 208 955 955 955 955 955 955 955 955 955 955 955 195 174 169 169 171 171 171
"33" 955 157 955 955 955 955 955 955 955 955 955 955 955 214 172 168 169 173 173 173
"34" 164 201 240 251 256 955 955 955 955 955 955 955 955 190 167 165 166 167 167 167
"35" 89 64 85 95 96 109 130 189 955 955 200 955 198 186 169 167 166 167 167 167
"36" 823 50 955 955 955 955 955 955 955 955 955 955 955 194 182 173 171 171 171 171
"37" 404 646 661 955 955 955 955 955 955 955 199 955 955 193 174 171 171 171 171 171
"38" 129 105 156 177 183 186 955 955 955 955 955 955 955 193 164 161 162 163 163 163
"39" 853 859 941 955 955 955 955 955 955 955 955 955 955 198 177 173 172 173 173 173
"40" 477 82 558 583 955 955 955 955 955 955 955 955 955 207 174 173 172 174 174 174
"41" 469 406 491 516 518 955 947 955 955 955 955 955 955 324 185 181 180 180 180 180
"42" 87 65 87 126 124 130 134 955 955 955 955 955 955 192 172 168 169 169 169 169
"43" 955 955 955 955 955 955 955 955 955 955 955 955 955 183 170 168 167 167 167 167
"44" 443 130 482 489 502 523 545 955 955 955 955 955 955 192 183 176 174 173 173 173
"45" 84 59 92 112 126 132 955 165 955 193 187 188 201 186 163 162 162 163 163 163
"46" 77 47 64 100 109 955 955 955 955 955 955 955 955 194 177 173 172 173 173 173
"47" 632 634 670 670 690 955 955 955 955 955 955 955 955 194 172 169 168 171 171 171
"48" 955 908 955 955 955 955 955 955 955 955 955 955 955 188 173 168 167 167 167 167
"49" 491 479 955 955 955 955 955 955 955 955 955 955 955 196 166 165 165 166 166 166
"50" 437 183 955 955 955 955 955 955 955 955 955 955 955 193 173 170 169 170 170 170
"51" 955 675 955 955 955 955 955 955 955 955 955 955 955 199 185 174 172 173 173 173
"52" 274 300 955 955 955 497 496 955 955 955 955 955 955 194 174 173 173 173 173 173
"53" 108 70 89 95 955 955 955 955 955 955 955 955 955 255 174 171 171 172 172 172
"54" 157 138 165 153 955 955 955 955 955 955 955 955 955 186 174 168 168 168 168 168
"55" 955 955 955 955 955 955 955 955 955 955 955 955 955 189 171 170 170 171 171 171
"56" 955 955 955 955 955 955 955 955 955 955 955 955 955 191 184 174 172 175 175 175
"57" 86 61 78 87 955 955 955 955 955 955 955 955 955 195 176 173 172 174 174 174
"58" 87 77 102 108 143 955 955 955 955 955 955 955 955 187 184 173 172 173 173 173
"59" 132 333 955 955 955 955 955 955 955 955 955 955 955 185 171 167 167 168 168 168
"60" 611 174 955 955 955 955 955 955 955 955 955 955 955 197 178 173 172 173 173 173
"61" 275 102 309 319 342 955 955 955 955 955 199 955 955 184 167 161 163 166 166 166
"62" 400 453 492 503 507 955 955 955 955 955 955 955 955 199 173 171 170 170 170 170
"63" 107 62 97 107 124 134 139 955 955 955 955 955 955 195 164 163 163 165 165 165
"64" 609 583 606 612 618 638 955 955 955 955 955 955 955 194 172 170 169 170 170 170
"65" 383 221 955 955 955 955 955 955 955 955 955 955 955 198 175 172 172 173 173 173
"66" 354 62 85 955 955 955 955 955 955 955 955 955 955 200 167 166 169 170 170 170
"67" 688 688 709 718 735 955 955 955 955 955 198 955 955 192 173 171 170 170 170 170
"68" 143 299 955 955 955 955 955 955 955 955 955 955 201 185 170 168 167 167 167 167
"69" 111 85 108 118 116 137 143 955 955 955 955 955 955 198 173 170 170 171 171 171
"70" 469 392 576 588 597 955 955 955 955 955 955 955 955 190 169 165 164 166 166 166
"71" 196 955 955 955 955 955 955 955 955 955 955 955 955 196 179 173 172 173 173 173
"72" 389 379 403 412 420 447 955 955 955 955 955 955 955 190 171 170 169 170 170 170
"73" 119 125 955 955 955 955 955 955 955 955 955 955 955 193 167 165 166 167 167 167
"74" 118 50 107 118 122 126 143 955 955 955 955 955 955 200 172 170 170 171 171 171
"75" 656 257 955 955 955 955 955 955 955 955 955 955 257 188 174 171 170 170 170 170
"76" 77 100 955 955 955 955 955 955 955 955 955 955 955 189 178 172 170 170 170 170
"77" 300 296 955 955 955 955 955 955 955 955 955 955 955 190 168 166 164 167 167 167
"78" 160 69 143 154 160 170 189 955 955 955 202 955 955 192 172 168 168 170 170 170
"79" 77 86 955 955 955 955 955 955 955 955 202 955 955 189 169 166 166 165 165 165
"80" 955 65 955 955 955 955 955 955 955 955 955 955 955 198 181 173 174 176 176 176
"81" 87 52 69 79 85 94 147 955 955 955 955 955 955 192 177 173 172 172 172 172
"82" 99 67 110 129 145 130 175 955 955 955 955 955 955 195 171 170 169 170 170 170
"83" 95 95 226 955 955 955 955 955 955 955 955 955 955 198 174 172 171 172 172 172
"84" 109 62 78 86 112 914 955 955 955 955 955 955 955 199 181 179 177 178 178 178
"85" 68 59 78 88 101 955 955 955 955 955 955 955 955 191 180 172 172 173 173 173
"86" 187 161 955 955 184 168 184 955 955 955 955 201 197 182 176 167 166 166 166 166
"87" 134 110 135 141 142 157 170 955 955 955 955 955 955 196 181 177 176 177 177 177
"88" 190 528 550 564 955 955 955 955 955 955 955 955 955 196 171 169 168 171 171 171
"89" 888 72 91 98 112 955 955 955 955 955 955 955 955 195 179 175 174 175 175 175
"90" 453 49 522 530 537 561 955 955 955 955 955 955 955 192 177 173 170 170 170 170
"91" 169 144 185 200 205 228 955 955 955 955 955 955 955 200 180 177 175 176 176 176
"92" 955 955 955 955 955 955 955 955 955 955 198 202 199 191 180 175 175 174 174 174
"93" 955 955 955 955 955 955 955 955 955 955 955 955 955 201 176 169 170 170 170 170
"94" 99 51 90 123 128 128 130 955 955 955 955 955 955 299 183 179 179 181 181 181
"95" 535 548 955 955 955 955 955 955 955 955 955 955 955 189 178 173 171 170 170 170
"96" 599 66 955 955 955 955 955 955 955 955 955 955 955 195 179 174 173 173 173 173
"97" 124 53 659 667 663 673 710 955 955 955 955 955 955 186 166 162 163 165 165 165
"98" 175 176 955 955 955 955 955 955 955 955 955 955 955 200 184 180 179 178 178 178
"99" 228 955 955 955 955 955 955 955 955 955 955 955 955 189 170 167 166 168 168 168
"100" 387 60 191 955 955 955 955 955 955 955 955 955 955 199 177 175 174 174 174 174
"101" 821 903 955 955 955 955 899 955 955 955 955 955 955 231 172 169 170 172 172 172
"102" 955 90 955 955 955 955 955 955 955 955 955 955 955 192 173 171 170 171 171 171
"103" 171 162 955 955 955 955 955 955 955 955 955 955 955 194 168 167 166 167 167 167
"104" 715 53 896 955 955 955 955 955 955 955 955 955 955 248 178 177 177 179 179 179
"105" 246 69 256 312 242 201 206 955 955 955 955 955 955 187 167 163 162 165 165 165
"106" 279 286 955 955 955 955 955 955 955 955 955 955 955 191 172 170 171 173 173 173
"107" 89 45 93 955 98 955 955 955 955 955 955 955 955 191 173 170 170 170 170 170
"108" 58 48 955 955 955 955 955 955 955 955 955 955 206 194 177 171 172 172 172 172
"109" 610 612 955 955 955 955 955 955 955 955 955 955 955 199 186 177 177 177 177 177
"110" 619 77 955 955 955 955 155 955 955 955 955 955 955 190 175 166 166 168 168 168
"111" 497 615 955 955 955 955 955 955 955 955 955 955 955 186 170 168 166 167 167 167
"112" 378 370 430 529 545 955 955 955 955 955 955 955 955 183 175 168 168 169 169 169
"113" 776 540 955 955 955 955 955 955 955 955 955 955 955 200 180 176 175 176 176 176
"114" 955 528 955 955 955 955 955 955 955 955 955 955 955 189 172 167 166 167 167 167
"115" 43 44 155 155 122 109 117 955 955 955 955 955 955 193 177 172 172 173 173 173
"116" 179 122 145 156 154 160 185 955 955 955 955 955 955 209 183 173 175 174 174 174
"117" 124 75 94 110 113 132 158 955 955 955 955 955 955 201 182 177 173 174 174 174
"118" 102 87 124 135 136 955 955 955 955 955 955 955 197 180 170 167 166 167 167 167
"119" 955 955 955 955 955 955 955 955 955 955 955 955 955 287 180 175 175 176 176 176
"120" 257 153 955 955 955 955 955 955 955 955 955 955 955 192 172 168 167 167 167 167
"121" 168 67 116 131 124 127 167 955 955 955 955 955 955 193 172 168 168 169 169 169
"122" 954 177 955 955 163 146 121 955 955 955 955 955 955 185 164 161 160 162 162 162
"123" 96 59 93 109 113 121 955 955 955 955 955 955 955 194 172 170 170 172 172 172
"124" 421 68 955 955 955 955 955 955 955 955 198 200 955 190 168 166 165 166 166 166
"125" 879 955 955 955 955 955 955 955 955 955 955 955 955 196 175 173 170 171 171 171
"126" 66 42 91 103 113 122 135 955 955 955 955 955 955 193 171 170 169 171 171 171
"127" 955 105 955 955 955 955 955 955 955 955 955 955 955 192 166 163 162 163 163 163
"128" 50 49 955 955 955 955 955 955 955 955 955 955 955 186 170 165 166 166 166 166
"129" 540 550 955 955 955 955 955 955 955 955 955 955 955 195 180 174 172 173 173 173
"130" 740 107 766 770 955 955 955 955 955 955 955 955 955 194 171 168 168 168 168 168
"131" 261 82 328 365 955 583 955 955 955 955 955 955 955 193 167 166 166 167 167 167
"132" 104 85 736 758 757 765 955 955 955 955 200 955 955 185 164 163 163 165 165 165
"133" 78 66 83 86 115 113 135 955 955 955 955 955 955 198 175 172 171 173 173 173
"134" 368 382 853 891 873 955 955 164 190 190 191 199 955 185 164 163 163 165 165 165
"135" 172 114 142 150 152 189 201 171 180 185 187 199 199 187 170 167 167 168 168 168
"136" 955 955 955 955 955 955 955 955 955 955 955 955 955 183 171 166 166 166 166 166
"137" 208 246 818 955 955 955 955 955 955 955 955 955 955 186 165 164 164 167 167 167
"138" 151 110 138 442 955 955 955 955 955 955 955 955 955 194 172 167 167 167 167 167
"139" 704 713 955 955 955 955 955 955 955 955 955 955 955 191 175 169 168 169 169 169
"140" 117 112 128 137 135 135 158 955 955 955 955 955 955 187 180 174 171 172 172 172
"141" 250 62 75 76 72 77 77 955 955 955 955 955 955 190 172 170 169 170 170 170
"142" 955 955 955 955 955 955 955 108 955 955 955 204 198 181 163 159 159 162 162 162
"143" 432 445 955 955 955 955 955 955 955 955 955 955 955 194 180 172 172 172 172 172
"144" 147 126 152 164 157 167 201 955 955 955 194 198 955 196 178 175 175 175 175 175
"145" 955 955 955 955 955 955 955 955 955 955 955 955 955 196 179 173 172 171 171 171
"146" 101 55 85 955 955 955 955 955 955 955 955 955 955 200 182 176 173 174 174 174
"147" 178 664 955 955 884 893 896 955 955 955 955 955 955 192 173 169 168 169 169 169
"148" 150 57 135 955 955 146 133 955 955 955 955 955 955 195 173 169 167 167 167 167
"149" 194 41 955 955 955 955 955 955 955 955 955 955 955 201 172 169 170 170 170 170
"150" 438 458 655 955 955 955 955 955 955 955 955 955 955 196 179 172 173 173 173 173
"151" 397 73 146 955 193 184 955 955 955 955 955 955 955 184 166 166 165 167 167 167
"152" 567 523 918 955 955 955 955 955 955 955 955 955 955 187 175 168 167 167 167 167
"153" 104 62 94 113 118 133 475 955 955 955 955 955 955 194 176 170 169 170 170 170
"154" 418 441 955 955 955 955 955 955 955 955 955 955 955 189 173 169 167 167 167 167
"155" 110 120 325 338 350 155 154 955 955 955 955 955 955 192 169 168 168 169 169 169
"156" 119 87 103 113 104 104 132 955 955 955 955 955 955 195 172 168 166 169 169 169
"157" 236 238 255 251 256 955 955 172 955 955 200 955 955 180 164 162 161 162 162 162
"158" 175 955 955 955 955 955 948 955 955 955 955 955 955 183 175 169 167 167 167 167
"159" 98 87 955 955 955 955 955 955 955 955 955 955 955 188 173 171 170 172 172 172
"160" 767 105 126 955 955 955 955 955 955 955 955 955 955 183 162 161 160 161 161 161
"161" 644 111 955 955 955 955 955 955 955 955 955 955 955 184 165 165 164 164 164 164
"162" 632 728 955 955 955 955 955 955 955 955 955 955 955 190 171 165 164 165 165 165
"163" 814 955 955 955 955 955 955 955 955 955 955 955 955 192 179 175 172 174 174 174
"164" 723 52 955 955 955 955 955 955 955 955 955 955 955 188 179 163 164 164 164 164
"165" 58 43 57 68 80 323 955 955 955 955 955 955 955 195 169 168 167 168 168 168
"166" 638 955 955 955 955 955 955 955 955 955 955 955 955 192 178 170 168 169 169 169
"167" 684 665 722 955 955 955 955 955 955 955 955 955 955 195 170 168 169 170 170 170
"168" 231 709 955 955 955 955 955 955 955 955 955 955 955 194 186 173 174 173 173 173
"169" 197 55 955 955 955 955 955 955 955 955 955 955 955 196 173 169 168 169 169 169
"170" 955 99 130 143 955 955 955 955 955 955 955 955 955 194 173 171 169 171 171 171
"171" 700 955 955 955 955 955 955 955 955 955 955 955 955 187 176 168 168 170 170 170
"172" 187 75 142 158 156 146 147 955 955 955 955 955 955 200 172 169 168 170 170 170
"173" 748 113 160 955 955 955 955 955 955 955 955 955 208 185 170 163 164 166 166 166
"174" 299 304 315 955 955 955 955 955 955 955 955 955 955 192 166 165 166 167 167 167
"175" 254 250 955 955 955 955 955 955 955 955 955 955 955 189 175 171 169 170 170 170
"176" 427 412 436 955 955 955 955 955 955 955 955 955 196 176 168 162 164 163 163 163
"177" 188 75 241 205 199 204 955 955 955 955 955 955 955 203 179 173 172 174 174 174
"178" 955 955 955 955 955 955 955 955 955 955 955 955 955 201 184 179 174 175 175 175
"179" 580 955 955 955 955 955 955 955 955 955 955 955 955 192 172 168 168 168 168 168
"180" 778 74 955 955 955 955 955 955 955 955 955 955 955 208 179 174 174 175 175 175
"181" 148 89 116 111 112 122 133 955 955 955 955 955 955 189 173 167 167 168 168 168
"182" 248 245 955 955 955 955 955 955 955 955 955 955 955 189 165 165 165 167 167 167
"183" 327 147 955 955 955 174 170 955 955 955 955 955 955 195 172 169 168 169 169 169
"184" 464 62 493 536 555 955 955 955 955 955 955 955 955 198 167 166 166 168 168 168
"185" 176 49 570 955 955 955 955 955 955 955 955 955 955 191 173 166 167 168 168 168
"186" 157 106 128 160 158 155 955 955 955 955 955 955 955 197 172 170 169 170 170 170
"187" 188 111 152 955 955 154 955 955 955 955 189 194 955 188 166 164 164 164 164 164
"188" 326 316 363 955 955 955 955 955 955 955 955 955 955 179 173 169 169 169 169 169
"189" 168 166 217 955 955 955 955 955 955 955 955 955 955 186 168 163 164 165 165 165
"190" 446 440 459 955 955 955 955 955 955 955 955 955 955 199 175 169 169 171 171 171
"191" 353 955 955 955 955 955 955 955 955 955 955 955 955 187 169 166 166 167 167 167
"192" 526 603 955 955 955 955 955 955 955 955 955 955 955 198 170 168 168 169 169 169
"193" 191 191 207 955 955 955 955 955 955 955 955 955 955 188 169 162 163 166 166 166
"194" 49 42 51 58 59 65 111 955 955 955 955 955 955 199 179 172 173 174 174 174
"195" 277 50 308 955 955 955 955 955 955 955 200 201 195 179 164 164 164 165 165 165
"196" 170 120 161 175 189 200 955 955 955 955 955 955 955 193 166 165 165 167 167 167
"197" 139 955 955 955 955 955 955 955 955 955 955 955 955 199 183 176 175 177 177 177
"198" 511 266 319 338 337 337 350 955 955 955 955 955 955 188 172 170 168 168 168 168
"199" 955 955 955 955 955 955 955 955 955 955 955 955 955 198 176 172 173 174 174 174
"200" 204 219 955 955 955 955 955 955 955 955 955 955 955 185 170 167 166 167 167 167
"201" 879 71 168 955 955 955 955 955 955 955 955 955 955 192 177 173 170 172 172 172
"202" 634 646 955 955 955 955 955 955 955 955 955 955 955 195 171 170 169 169 169 169
"203" 346 84 955 955 955 955 955 955 955 955 955 955 955 199 166 166 165 166 166 166
"204" 136 77 104 143 139 144 955 955 955 955 955 955 955 194 178 172 171 171 171 171
"205" 955 955 955 955 955 955 955 955 955 955 955 955 955 198 174 170 170 170 170 170
"206" 106 74 100 148 148 163 162 955 955 955 955 955 955 195 177 171 171 173 173 173
"207" 93 78 99 955 955 955 955 955 955 955 955 955 955 199 170 170 170 173 173 173
"208" 250 145 265 270 920 955 955 955 955 955 955 955 955 201 180 172 172 172 172 172
"209" 97 858 955 955 955 955 955 955 955 955 955 955 955 193 179 174 173 173 173 173
"210" 824 409 955 955 955 955 955 955 955 955 955 202 955 184 173 168 168 169 169 169
"211" 349 356 955 955 955 955 955 955 955 955 955 955 955 195 169 167 166 167 167 167
"212" 121 59 118 124 73 116 128 955 955 955 955 955 955 189 173 165 164 165 165 165
"213" 549 687 750 955 149 164 172 955 955 955 955 955 955 193 182 174 174 174 174 174
"214" 668 46 101 105 122 955 955 955 955 955 955 955 955 192 175 173 172 173 173 173
"215" 396 406 955 955 955 955 955 955 955 955 955 955 955 188 164 165 164 165 165 165
"216" 955 164 955 955 955 955 955 955 955 955 955 955 955 199 178 172 170 171 171 171
"217" 511 91 955 955 955 955 557 955 955 955 955 955 955 189 173 167 166 168 168 168
"218" 60 47 66 75 75 89 112 955 955 955 955 955 955 188 169 167 167 169 169 169
"219" 60 47 61 65 79 87 955 203 955 955 955 202 955 190 171 165 165 166 166 166
"220" 788 159 955 165 160 158 162 178 955 955 197 955 955 179 167 163 162 164 164 164
"221" 464 463 489 494 507 764 955 955 955 955 955 955 955 181 169 166 167 167 167 167
"222" 59 53 65 75 79 131 955 955 955 955 955 955 955 188 175 168 166 167 167 167
"223" 301 98 132 133 126 159 169 955 955 955 955 955 955 204 186 177 175 177 177 177
"224" 142 50 955 955 955 955 955 955 955 955 955 955 955 187 174 168 168 169 169 169
"225" 284 68 199 955 955 955 955 955 955 955 955 955 955 197 174 170 168 172 172 172
"226" 487 512 886 955 955 955 955 955 955 955 955 955 955 194 173 171 172 174 174 174
"227" 402 65 81 403 409 422 955 955 955 955 955 955 201 187 168 166 166 167 167 167
"228" 236 52 71 77 81 873 880 955 955 955 955 955 955 189 174 171 169 170 170 170
"229" 523 506 565 580 955 955 955 955 955 955 955 955 955 194 175 172 171 173 173 173
"230" 379 392 955 955 955 955 955 955 955 955 955 955 955 193 180 174 174 174 174 174
"231" 197 51 250 264 265 955 955 955 955 955 955 955 201 186 169 167 167 168 168 168
"232" 80 87 117 136 138 135 140 955 955 955 955 955 955 191 176 171 170 171 171 171
"233" 955 75 121 134 137 133 143 166 204 204 206 955 955 197 166 166 165 167 167 167
"234" 55 49 105 123 131 142 955 955 955 955 955 955 955 315 183 176 174 173 173 173
"235" 284 289 298 299 300 299 955 955 955 955 955 955 955 191 177 172 170 172 172 172
"236" 336 104 955 955 955 955 955 955 955 955 955 955 955 188 170 168 165 166 166 166
"237" 98 60 79 94 100 955 955 955 955 955 955 955 955 196 177 168 167 169 169 169
"238" 69 68 110 155 156 167 169 155 201 955 198 955 955 185 166 165 164 166 166 166
"239" 187 96 117 124 340 420 422 955 955 955 955 955 955 196 173 170 169 170 170 170
"240" 104 379 955 955 955 955 955 955 955 955 955 955 955 188 171 168 170 172 172 172
"241" 791 64 948 955 955 955 955 955 955 955 955 955 955 192 173 170 169 170 170 170
"242" 955 955 955 955 955 955 955 955 955 955 955 955 955 194 168 168 168 170 170 170
"243" 682 66 955 955 955 955 955 955 955 955 955 955 955 195 169 167 166 168 168 168
"244" 543 544 558 560 955 955 955 955 955 955 955 955 955 191 173 170 169 169 169 169
"245" 155 57 955 955 955 955 955 955 955 955 955 955 955 197 177 172 171 173 173 173
"246" 955 69 955 955 955 955 955 955 955 955 955 955 955 196 178 170 171 170 170 170
"247" 152 146 179 179 168 179 171 955 955 955 955 955 955 188 171 168 168 169 169 169
"248" 470 488 955 955 955 955 955 955 955 955 955 955 955 200 174 174 174 175 175 175
"249" 76 62 75 955 955 955 955 955 955 955 955 955 201 182 172 169 169 169 169 169
"250" 70 62 86 128 167 955 955 955 955 955 955 955 955 197 179 172 172 173 173 173
"251" 321 332 955 955 438 955 955 955 955 955 955 955 955 200 176 172 172 174 174 174
"252" 955 623 955 955 955 955 955 955 955 955 955 955 955 193 171 167 165 167 167 167
"253" 817 955 955 955 955 955 955 955 955 955 955 955 955 194 181 176 174 174 174 174
"254" 233 242 955 955 955 955 955 955 955 955 955 955 955 201 178 174 173 176 176 176
"255" 88 62 454 467 483 955 955 955 955 955 955 955 955 190 176 168 168 170 170 170
"256" 119 86 955 955 955 118 122 955 955 955 955 955 955 198 180 171 171 171 171 171
"257" 151 115 144 144 150 955 955 955 955 955 195 955 955 193 181 174 173 173 173 173
"258" 354 476 955 955 955 518 517 955 955 955 194 955 955 192 178 170 170 170 170 170
"259" 513 933 955 955 955 955 955 955 955 955 955 955 955 194 177 170 169 170 170 170
"260" 319 323 955 955 955 955 955 955 955 955 955 955 955 192 174 170 169 169 169 169
"261" 185 166 955 955 955 955 955 955 955 955 955 955 955 190 180 176 175 175 175 175
"262" 134 135 697 693 688 693 689 955 955 955 955 955 955 191 180 171 169 171 171 171
"263" 722 597 955 955 955 955 955 201 207 207 188 199 955 188 172 168 168 168 168 168
"264" 793 792 955 955 955 955 955 955 955 955 955 955 955 191 179 170 170 171 171 171
"265" 821 822 867 883 900 955 955 955 955 955 955 955 955 189 172 169 167 167 167 167
"266" 532 77 366 384 753 955 955 955 955 955 955 955 955 188 175 168 167 170 170 170
"267" 431 702 955 955 955 955 955 955 955 955 955 955 955 200 186 178 178 177 177 177
"268" 145 826 955 955 955 955 955 955 955 955 955 955 955 198 175 170 170 171 171 171
"269" 410 55 955 955 955 955 955 955 955 955 955 955 955 199 187 180 179 178 178 178
"270" 75 48 85 506 955 955 955 955 955 955 955 955 955 192 175 171 170 171 171 171
"271" 388 955 955 955 955 955 955 955 955 955 955 955 955 194 182 175 175 174 174 174
"272" 521 495 557 571 577 590 619 955 955 955 955 955 955 247 178 173 172 174 174 174
"273" 682 650 955 955 955 955 955 955 955 955 955 955 955 185 173 170 169 168 168 168
"274" 181 170 187 204 200 184 186 955 955 955 955 955 955 190 174 171 171 173 173 173
"275" 183 955 955 955 955 955 955 955 955 955 955 955 955 196 170 168 168 169 169 169
"276" 119 123 955 955 955 955 955 955 955 955 955 955 955 194 168 164 166 168 168 168
"277" 188 160 213 214 216 955 955 175 955 955 190 955 955 195 167 164 164 166 166 166
"278" 77 81 955 955 955 955 955 955 955 955 955 955 955 199 184 176 173 175 175 175
"279" 736 151 707 718 725 955 955 955 955 955 955 955 955 197 168 167 167 168 168 168
"280" 222 73 955 955 955 955 955 955 955 955 955 955 955 188 174 170 170 171 171 171
"281" 558 106 659 682 955 955 904 955 955 955 955 955 955 188 177 172 172 173 173 173
"282" 351 91 955 955 119 123 955 955 955 955 955 955 955 194 172 170 169 169 169 169
"283" 75 65 81 107 114 955 955 955 955 955 955 955 955 205 185 182 181 180 180 180
"284" 111 732 955 955 955 955 955 955 955 955 955 955 955 190 171 166 168 171 171 171
"285" 79 60 86 797 955 955 955 955 955 955 955 955 955 195 181 177 175 176 176 176
"286" 119 58 113 120 122 123 120 955 955 955 955 955 955 191 171 170 171 171 171 171
"287" 117 95 127 171 183 284 318 955 955 955 955 955 955 193 175 170 169 170 170 170
"288" 393 315 419 955 310 297 310 955 955 955 955 955 955 201 178 172 172 172 172 172
"289" 118 111 455 955 955 955 955 955 955 955 955 955 955 195 175 173 172 174 174 174
"290" 643 63 955 955 955 955 955 955 955 955 201 955 955 184 172 165 166 167 167 167
"291" 398 317 527 520 955 955 955 955 955 955 955 955 955 185 170 166 166 167 167 167
"292" 255 252 404 418 955 955 955 955 955 955 955 955 955 188 170 168 169 169 169 169
"293" 119 57 69 109 113 115 136 955 955 955 955 955 955 199 188 180 181 182 182 182
"294" 910 77 118 955 955 955 955 955 955 955 955 955 955 195 173 170 171 172 172 172
"295" 226 107 955 955 955 955 955 955 955 955 955 955 955 196 168 166 164 166 166 166
"296" 716 955 955 955 955 955 955 955 955 955 955 955 955 190 173 171 168 169 169 169
"297" 815 820 843 955 955 955 955 955 955 955 955 955 955 191 179 171 171 170 170 170
"298" 363 71 130 139 123 126 147 955 955 955 955 955 955 198 173 168 169 171 171 171
"299" 257 63 955 955 955 955 955 955 955 955 955 955 955 190 183 175 173 173 173 173
"300" 101 116 331 335 350 354 350 955 955 955 955 955 955 194 176 169 169 170 170 170
"301" 327 84 955 955 955 955 955 955 955 955 955 955 955 192 171 169 169 169 169 169
"302" 271 171 306 955 955 955 955 955 955 955 955 955 955 200 183 173 171 173 173 173
"303" 383 294 416 955 955 955 955 955 955 955 955 955 955 192 168 165 165 167 167 167
"304" 136 82 126 146 145 159 170 955 955 955 955 955 955 194 179 174 173 174 174 174
"305" 66 53 69 955 955 955 955 955 955 955 955 955 955 204 183 175 175 175 175 175
"306" 93 86 166 173 182 955 955 955 955 955 955 955 955 198 175 171 170 171 171 171
"307" 192 71 955 955 955 955 955 955 955 955 955 955 955 187 169 166 167 168 168 168
"308" 241 262 955 955 955 955 955 955 955 955 955 955 955 186 173 167 166 167 167 167
"309" 638 955 955 955 955 955 955 955 955 955 955 955 955 187 165 163 163 164 164 164
"310" 235 597 955 955 955 955 955 955 955 955 955 955 955 192 173 168 167 171 171 171
"311" 265 566 955 955 955 955 955 955 955 955 955 955 955 194 171 168 168 169 169 169
"312" 920 927 955 955 955 955 955 955 955 955 955 955 955 201 174 171 172 172 172 172
"313" 89 66 86 98 955 955 955 955 955 955 955 955 955 194 180 173 172 172 172 172
"314" 367 106 955 955 955 955 955 955 955 955 955 955 259 187 173 169 170 171 171 171
"315" 291 291 955 955 955 955 955 955 955 955 955 955 955 185 172 169 168 168 168 168
"316" 955 60 955 955 955 955 955 955 955 955 955 201 201 187 176 169 169 168 168 168
"317" 536 637 955 955 955 955 195 955 955 955 955 955 955 194 171 167 166 168 168 168
"318" 344 58 456 476 955 955 955 955 955 955 955 955 955 197 174 171 172 174 174 174
"319" 508 97 955 955 955 955 955 955 955 955 955 955 955 198 180 175 173 174 174 174
"320" 955 481 955 955 114 105 108 955 955 955 955 955 198 180 164 164 162 164 164 164
"321" 168 140 167 186 190 955 955 955 955 955 955 955 955 198 177 172 172 173 173 173
"322" 232 955 955 955 955 955 955 955 955 955 955 955 955 191 177 170 170 170 170 170
"323" 104 54 81 89 93 100 120 955 955 955 955 955 955 193 184 178 177 177 177 177
"324" 96 58 81 101 103 124 955 955 955 955 955 955 955 201 188 178 175 178 178 178
"325" 133 82 131 135 955 955 955 955 955 955 955 955 955 195 167 167 167 168 168 168
"326" 184 832 896 955 955 955 955 955 955 955 955 955 955 313 166 165 167 168 168 168
"327" 579 578 955 955 955 955 955 955 955 955 955 955 955 184 177 173 170 170 170 170
"328" 94 56 94 97 99 99 114 955 955 955 955 955 201 190 180 175 175 175 175 175
"329" 90 74 99 102 114 114 955 955 955 955 955 955 955 190 178 170 170 170 170 170
"330" 107 103 125 955 955 955 955 955 955 955 955 955 955 195 181 173 172 172 172 172
"331" 106 94 347 353 359 351 955 955 955 955 955 955 955 197 183 176 176 174 174 174
"332" 265 50 955 955 955 955 955 955 955 955 955 955 955 192 181 177 176 177 177 177
"333" 167 74 134 146 142 153 172 955 955 955 955 955 955 195 176 172 171 171 171 171
"334" 58 50 91 955 955 955 955 955 955 955 955 955 955 192 175 174 173 174 174 174
"335" 366 66 955 955 955 955 955 955 955 955 955 955 955 212 181 177 177 177 177 177
"336" 290 291 339 364 955 955 955 955 955 955 955 955 955 201 178 175 174 174 174 174
"337" 723 955 955 955 955 955 955 955 955 955 955 955 955 190 172 169 170 170 170 170
"338" 465 502 562 841 849 955 955 955 955 955 955 955 955 196 177 172 170 172 172 172
"339" 309 921 955 955 955 955 955 955 955 955 955 955 955 194 171 165 165 169 169 169
"340" 109 123 701 711 725 756 783 955 955 955 955 955 955 186 171 167 166 167 167 167
"341" 69 56 344 955 955 955 955 955 955 955 955 191 200 179 166 163 162 163 163 163
"342" 238 240 955 955 955 955 955 955 955 955 955 200 197 180 169 164 163 164 164 164
"343" 150 34 130 173 161 165 955 955 955 955 955 955 955 192 170 167 165 168 168 168
"344" 121 789 955 955 955 955 955 955 955 955 955 955 955 194 180 172 171 172 172 172
"345" 60 49 66 82 72 80 88 955 955 955 955 955 955 208 189 183 181 181 181 181
"346" 33 31 44 53 56 64 92 955 955 955 955 955 955 191 174 167 168 170 170 170
"347" 95 88 109 116 110 110 156 955 955 955 955 955 955 195 179 171 169 169 169 169
"348" 67 77 955 955 955 955 955 955 955 955 955 955 955 190 174 171 170 171 171 171
"349" 374 63 127 955 955 955 955 955 955 955 955 955 955 185 176 167 167 168 168 168
"350" 647 75 955 955 955 955 955 955 955 955 955 955 955 189 182 174 173 172 172 172
"351" 281 66 409 955 955 955 955 955 955 955 955 955 955 195 180 176 174 175 175 175
"352" 337 373 955 955 955 955 955 955 955 955 955 955 955 190 171 168 166 167 167 167
"353" 370 368 389 955 955 955 155 955 955 955 955 192 195 174 168 162 158 160 160 160
"354" 122 101 882 955 955 955 955 955 955 955 955 955 955 189 174 170 170 170 170 170
"355" 806 955 955 955 955 955 955 955 955 955 955 955 955 193 175 173 172 173 173 173
"356" 955 85 955 955 955 955 955 955 955 955 955 955 955 206 179 175 175 176 176 176
"357" 326 353 955 955 955 955 955 955 955 955 955 955 955 192 173 163 166 169 169 169
"358" 47 36 58 955 955 955 955 955 955 955 955 955 955 201 173 168 169 171 171 171
"359" 315 304 955 311 310 310 313 955 955 955 955 955 955 188 175 168 168 168 168 168
"360" 137 75 142 955 190 184 181 955 955 955 955 955 955 194 184 174 173 173 173 173
"361" 854 51 955 955 955 955 955 955 955 955 955 955 955 195 176 170 169 170 170 170
"362" 209 46 955 955 955 955 955 955 955 955 955 955 955 192 165 164 164 167 167 167
"363" 237 264 309 311 321 349 394 955 955 955 955 955 955 184 165 164 164 164 164 164
"364" 100 79 139 955 955 955 955 955 955 955 955 955 955 200 173 169 170 170 170 170
"365" 251 45 955 955 955 955 955 955 955 955 955 955 955 191 172 168 166 168 168 168
"366" 98 90 155 955 955 955 955 955 955 955 955 955 955 187 174 170 168 168 168 168
"367" 148 67 171 179 174 153 143 955 955 955 955 202 200 186 165 163 162 165 165 165
"368" 587 320 597 627 654 955 955 955 955 955 955 955 955 193 175 168 168 170 170 170
"369" 535 584 653 679 697 955 955 955 955 955 955 955 955 188 166 164 164 166 166 166
"370" 168 92 129 145 158 180 955 955 955 955 955 955 955 303 167 168 168 169 169 169
"371" 955 955 955 955 955 955 955 955 955 955 955 955 201 190 165 165 163 166 166 166
"372" 60 58 84 94 98 118 142 955 955 955 955 955 955 194 179 174 172 172 172 172
"373" 587 955 955 955 955 955 955 955 955 955 955 955 955 186 170 168 167 167 167 167
"374" 85 64 86 93 90 101 103 955 955 955 955 955 955 178 164 161 161 162 162 162
"375" 202 732 955 955 955 955 955 955 955 955 955 955 955 191 174 171 171 172 172 172
"376" 209 311 955 955 955 955 955 955 955 955 955 955 955 196 171 171 172 173 173 173
"377" 470 519 955 955 955 955 955 955 955 955 955 955 955 185 171 169 169 170 170 170
"378" 138 90 145 931 172 167 172 955 955 955 955 955 955 190 167 164 163 164 164 164
"379" 47 37 145 151 148 159 167 955 955 955 955 955 955 191 170 168 167 169 169 169
"380" 85 61 86 122 137 123 119 955 955 955 955 955 955 198 178 168 167 169 169 169
"381" 232 92 955 955 955 955 955 955 955 955 955 194 193 181 171 165 166 166 166 166
"382" 762 564 955 955 955 955 955 955 955 955 955 955 955 192 172 169 169 169 169 169
"383" 955 955 955 955 955 955 955 955 955 955 955 955 955 195 175 170 168 170 170 170
"384" 116 108 955 955 955 955 955 955 955 955 955 201 218 190 173 171 170 171 171 171
"385" 199 91 196 179 178 182 196 955 955 955 201 955 955 193 175 172 171 171 171 171
"386" 571 955 955 955 955 955 955 955 955 955 955 955 955 190 176 172 169 170 170 170
"387" 230 955 955 955 955 955 955 183 955 955 955 955 201 186 174 169 170 171 171 171
"388" 335 108 955 955 955 955 955 955 955 955 955 955 955 191 177 171 170 172 172 172
"389" 512 554 955 955 955 955 955 955 955 955 955 955 955 190 171 168 168 170 170 170
"390" 425 877 955 955 955 955 955 955 955 955 955 955 955 196 182 175 171 173 173 173
"391" 84 66 82 90 98 126 955 955 955 955 955 955 955 192 180 173 171 172 172 172
"392" 324 331 955 955 955 955 955 955 955 955 955 955 955 193 169 168 168 169 169 169
"393" 694 698 724 955 955 955 955 955 955 955 955 955 955 188 183 170 168 167 167 167
"394" 144 65 82 91 955 955 201 195 955 955 198 197 200 186 173 172 172 172 172 172
"395" 47 47 61 72 84 87 143 955 955 955 955 955 955 194 168 169 170 173 173 173
"396" 276 220 260 284 298 323 955 955 955 955 955 955 955 333 182 178 175 176 176 176
"397" 955 598 955 955 955 955 955 955 955 955 955 955 955 187 179 168 167 167 167 167
"398" 107 103 125 132 131 137 157 955 955 955 955 955 955 193 173 170 170 172 172 172
"399" 96 955 955 955 955 955 955 955 955 955 955 955 955 187 172 167 167 168 168 168
"400" 187 255 286 273 267 263 270 955 955 955 955 955 955 197 170 169 169 171 171 171
"401" 115 412 479 762 762 798 955 955 955 955 955 955 955 193 172 171 170 171 171 171
"402" 788 70 955 955 955 955 955 955 955 955 955 955 955 194 177 173 171 171 171 171
"403" 513 141 528 955 955 955 955 955 955 955 955 955 955 192 175 170 170 171 171 171
"404" 197 171 658 688 955 955 423 955 955 955 196 198 197 186 173 168 166 166 166 166
"405" 90 94 955 955 955 955 955 955 955 955 955 955 955 195 179 173 170 170 170 170
"406" 443 187 955 955 955 955 955 955 955 955 955 955 955 195 167 168 165 168 168 168
"407" 224 76 254 261 955 955 955 955 955 955 955 955 955 192 179 175 175 174 174 174
"408" 176 61 955 955 955 955 955 955 955 955 955 955 955 193 165 165 167 168 168 168
"409" 156 70 107 125 125 147 162 955 955 955 955 955 955 191 171 164 165 168 168 168
"410" 612 649 955 955 955 955 955 955 955 955 955 955 955 214 176 173 173 175 175 175
"411" 99 75 95 105 115 123 132 955 955 955 955 955 955 218 172 168 168 169 169 169
"412" 73 46 76 127 955 955 955 955 955 955 955 955 955 194 170 166 164 166 166 166
"413" 81 75 93 103 98 110 108 203 955 955 955 955 955 188 164 162 160 162 162 162
"414" 521 172 955 955 955 955 955 955 955 955 955 955 955 201 172 171 169 171 171 171
"415" 720 719 955 955 955 955 955 955 955 955 187 955 955 183 168 167 168 169 169 169
"416" 955 955 955 955 955 955 955 955 955 955 955 955 955 189 170 168 168 168 168 168
"417" 268 81 97 955 120 955 955 955 955 955 955 955 955 210 184 181 181 181 181 181
"418" 644 229 955 955 955 955 955 955 955 955 955 955 955 198 169 167 167 167 167 167
"419" 955 558 955 955 955 955 955 955 955 955 955 955 955 197 181 174 170 173 173 173
"420" 955 47 955 955 955 955 955 955 955 955 955 955 955 185 174 168 167 166 166 166
"421" 58 58 435 445 460 955 955 955 955 955 199 200 196 189 173 172 171 171 171 171
"422" 955 955 955 955 955 955 955 955 955 955 955 955 955 197 172 171 170 172 172 172
"423" 797 719 765 774 780 841 955 955 955 955 202 204 955 188 178 176 175 175 175 175
"424" 410 388 415 436 416 466 518 955 955 955 955 955 955 183 175 171 171 171 171 171
"425" 82 91 955 130 114 127 955 955 955 955 955 193 196 189 170 167 165 166 166 166
"426" 184 85 955 955 955 955 955 955 955 955 955 955 955 185 170 165 165 166 166 166
"427" 955 955 955 955 955 955 955 955 955 955 955 955 955 194 181 178 177 178 178 178
"428" 275 147 185 200 294 955 955 955 955 955 955 955 955 191 168 167 168 169 169 169
"429" 155 908 955 955 955 955 955 955 955 955 955 955 955 192 183 173 173 173 173 173
"430" 588 194 955 955 955 955 955 955 955 955 193 955 955 192 172 168 166 167 167 167
"431" 682 390 929 955 955 955 955 955 955 955 955 955 955 190 176 174 171 171 171 171
"432" 955 955 955 955 955 955 955 955 955 955 955 955 955 200 179 172 171 172 172 172
"433" 118 110 955 955 955 955 955 955 955 955 195 955 955 189 166 164 163 165 165 165
"434" 66 48 78 80 80 80 955 955 955 955 955 955 955 195 174 173 172 174 174 174
"435" 270 775 955 955 955 955 955 955 955 955 201 955 955 190 170 166 165 167 167 167
"436" 104 106 155 178 181 173 186 955 955 955 955 955 955 185 172 168 168 169 169 169
"437" 955 369 402 955 955 955 955 955 955 955 955 955 202 190 172 169 168 169 169 169
"438" 171 80 97 126 122 129 149 955 955 955 955 955 955 197 174 173 171 173 173 173
"439" 143 51 76 74 75 103 116 955 955 955 955 955 955 187 172 165 167 168 168 168
"440" 72 48 59 70 77 101 107 955 955 955 955 955 955 197 182 174 173 174 174 174
"441" 48 50 88 84 88 108 120 955 955 955 955 955 199 185 175 168 168 167 167 167
"442" 85 58 81 121 555 955 955 955 955 955 955 955 955 195 170 165 166 168 168 168
"443" 710 46 764 775 805 955 316 955 955 955 955 955 955 193 176 172 171 172 172 172
"444" 303 52 955 955 955 955 955 955 955 955 955 955 955 190 165 164 165 166 166 166
"445" 475 955 955 955 955 955 955 955 955 955 955 955 955 194 167 166 166 168 168 168
"446" 83 56 78 82 77 79 109 955 955 955 955 955 955 196 175 171 169 170 170 170
"447" 874 810 955 955 955 955 955 955 955 955 955 955 955 200 186 180 179 179 179 179
"448" 83 212 237 247 255 955 955 955 955 955 955 955 955 192 174 169 167 170 170 170
"449" 54 52 68 71 141 166 955 955 955 955 955 955 955 193 169 165 165 166 166 166
"450" 955 329 955 955 955 955 955 955 955 955 955 955 955 199 176 173 173 174 174 174
"451" 254 188 955 955 955 955 955 955 955 955 955 955 955 196 169 166 167 169 169 169
"452" 175 126 215 955 955 955 955 955 955 955 955 955 955 193 173 169 169 170 170 170
"453" 126 112 955 955 955 955 955 955 955 955 955 955 955 192 169 167 166 168 168 168
"454" 937 587 955 955 955 955 955 955 955 955 211 955 215 193 173 170 171 171 171 171
"455" 216 91 121 210 198 955 955 955 955 955 955 955 955 190 172 168 168 168 168 168
"456" 422 290 955 317 307 310 955 955 955 955 955 955 955 195 175 168 169 170 170 170
"457" 222 237 955 955 955 955 955 181 955 195 186 183 186 176 164 163 162 164 164 164
"458" 69 71 955 955 955 955 955 955 955 955 955 955 200 185 165 164 164 165 165 165
"459" 143 94 955 955 955 955 955 955 955 955 955 955 955 193 173 168 171 171 171 171
"460" 261 181 581 955 955 185 210 955 955 955 955 955 955 185 171 167 166 168 168 168
"461" 180 89 178 187 182 955 955 955 955 955 955 955 955 189 169 164 164 166 166 166
"462" 210 56 194 213 217 228 295 955 955 955 955 955 955 196 180 172 172 173 173 173
"463" 229 54 143 147 141 143 167 955 955 955 200 955 200 184 169 166 166 168 168 168
"464" 75 55 73 84 95 110 955 955 955 955 955 955 955 186 165 164 165 167 167 167
"465" 246 277 955 955 955 955 955 955 955 955 955 955 955 197 170 168 168 169 169 169
"466" 346 55 352 385 63 68 955 955 955 955 955 955 955 193 186 169 168 169 169 169
"467" 164 136 176 176 160 160 174 955 955 955 955 955 200 180 167 163 163 164 164 164
"468" 955 98 955 955 955 955 955 955 955 955 955 955 955 192 176 171 170 170 170 170
"469" 343 344 539 549 955 955 955 955 955 955 955 955 198 182 167 165 162 164 164 164
"470" 179 119 142 159 152 169 180 955 955 955 955 955 955 195 171 167 167 168 168 168
"471" 317 316 345 955 955 955 955 955 955 955 955 955 955 185 173 169 169 170 170 170
"472" 955 955 955 955 955 955 955 955 955 955 955 955 955 188 169 167 167 167 167 167
"473" 242 261 304 279 955 955 955 955 955 955 955 955 955 195 176 170 170 170 170 170
"474" 83 90 112 116 118 134 955 955 955 955 955 955 955 188 169 169 170 171 171 171
"475" 81 71 93 112 111 118 125 955 955 955 955 955 955 181 168 165 164 165 165 165
"476" 336 326 955 955 955 955 955 955 955 955 955 955 955 194 175 170 168 169 169 169
"477" 768 93 110 110 103 103 96 955 955 955 955 955 955 190 169 163 162 164 164 164
"478" 258 87 328 955 955 955 955 955 955 955 955 955 955 188 172 167 167 168 168 168
"479" 639 283 661 673 955 955 955 955 955 955 955 955 955 189 178 169 168 168 168 168
"480" 419 602 955 955 955 955 955 955 955 955 955 955 201 186 172 168 168 168 168 168
"481" 552 56 123 955 955 198 955 955 955 955 201 955 207 193 176 172 172 172 172 172
"482" 466 464 955 955 955 955 955 955 955 955 955 955 955 192 178 171 170 172 172 172
"483" 311 304 341 355 955 955 955 955 955 955 955 955 955 194 174 169 169 170 170 170
"484" 366 354 440 380 383 955 955 955 955 955 955 955 955 201 173 172 171 173 173 173
"485" 761 81 197 955 955 955 955 955 955 955 201 196 193 183 168 165 164 164 164 164
"486" 88 91 110 126 126 139 955 955 955 955 200 955 955 192 178 174 173 174 174 174
"487" 315 82 955 955 955 955 955 955 955 955 955 955 955 197 181 175 172 173 173 173
"488" 511 148 955 955 955 955 955 955 955 955 955 955 210 193 176 171 171 171 171 171
"489" 173 125 159 186 189 186 955 955 955 955 955 955 955 199 170 170 169 170 170 170
"490" 613 52 955 955 955 955 955 955 955 955 955 955 955 197 180 169 170 171 171 171
"491" 826 87 872 955 955 955 955 955 955 955 955 955 955 200 180 174 174 173 173 173
"492" 478 488 928 955 955 955 955 955 955 955 955 955 955 250 173 170 170 173 173 173
"493" 146 163 955 955 955 955 955 955 955 955 955 955 955 195 177 172 171 173 173 173
"494" 305 390 760 955 955 955 955 955 955 955 955 955 955 193 182 174 174 175 175 175
"495" 541 84 105 955 679 955 955 177 955 955 955 955 955 192 171 165 164 166 166 166
"496" 292 57 140 159 170 159 178 955 955 955 955 955 955 204 180 175 175 176 176 176
"497" 955 109 955 955 955 955 955 955 955 955 955 955 955 201 176 172 172 174 174 174
"498" 76 152 955 955 955 180 166 955 955 955 955 955 196 189 163 162 161 164 164 164
"499" 182 148 623 645 358 955 955 955 955 955 955 955 200 180 162 160 160 161 161 161
"500" 202 193 303 955 955 955 955 955 955 955 955 955 955 197 172 167 167 169 169 169
