"max_pca1" "max_pca2" "max_pca3" "max_pca5" "max_pca10" "max_pca20" "max_pca40" "min_pca1" "min_pca2" "min_pca3" "min_pca5" "min_pca10" "min_pca20" "min_pca40" "tpca0.8" "tpca0.9" "tpca0.95" "tpca0.99" "tpca0.995" "tpca0.999"
"1" 253 249 256 250 248 249 245 218 219 221 223 222 223 217 208 213 213 216 216 216
"2" 119 57 95 98 94 253 248 219 219 221 224 223 224 217 204 208 209 213 213 213
"3" 237 240 242 234 231 231 229 210 211 212 214 214 215 210 204 206 207 209 209 209
"4" 222 48 222 215 212 212 210 193 193 194 195 195 196 193 187 189 190 191 191 191
"5" 59 49 64 73 86 91 201 180 180 181 182 181 182 179 175 177 177 179 179 179
"6" 230 167 244 237 232 235 235 208 209 213 216 217 217 210 203 206 206 208 208 208
"7" 181 136 243 233 231 232 229 206 206 207 208 208 208 204 194 193 184 198 198 198
"8" 256 258 261 251 248 249 247 218 219 223 224 225 223 216 210 212 213 215 215 215
"9" 43 33 43 82 100 107 127 208 207 209 210 209 208 204 200 202 202 204 204 204
"10" 131 74 132 272 134 272 269 251 250 253 255 255 254 246 244 246 246 246 246 246
"11" 175 229 275 266 264 265 264 247 249 251 254 253 253 246 243 246 246 246 246 246
"12" 264 264 264 255 254 254 252 240 239 241 242 241 241 237 236 237 237 237 237 237
"13" 220 219 222 215 213 214 211 186 187 188 188 188 189 186 181 181 181 183 183 183
"14" 181 90 247 238 235 236 233 202 206 210 212 213 214 207 196 198 198 200 200 200
"15" 192 50 254 247 245 247 244 215 215 217 220 220 223 215 209 213 214 215 215 215
"16" 231 251 270 250 245 248 243 210 210 215 216 217 218 211 201 204 204 207 207 207
"17" 45 75 244 236 233 235 230 204 206 208 210 210 211 206 181 191 190 196 196 196
"18" 213 216 216 205 204 205 204 190 191 192 192 193 193 191 173 182 182 187 187 187
"19" 219 219 219 211 210 210 210 199 199 199 200 200 199 198 196 196 196 197 197 197
"20" 118 45 121 130 190 188 197 220 220 221 223 223 223 216 212 215 215 216 216 216
"21" 250 249 248 243 242 242 241 228 228 230 231 230 230 227 201 223 223 225 225 225
"22" 215 84 218 211 209 210 209 190 191 193 193 193 194 192 187 188 187 188 188 188
"23" 65 49 62 70 77 95 133 195 195 196 196 197 196 195 191 192 193 194 194 194
"24" 222 223 226 212 209 210 209 178 182 184 186 186 189 185 153 158 162 172 172 172
"25" 242 150 241 232 231 231 229 218 217 218 218 218 218 217 214 215 215 216 216 216
"26" 40 41 109 112 125 130 274 251 251 256 259 258 258 249 167 181 179 194 194 194
"27" 149 138 262 255 253 253 251 237 236 238 240 239 239 233 231 233 233 233 233 233
"28" 218 131 219 212 210 210 209 190 189 190 191 190 190 187 183 184 185 186 186 186
"29" 131 91 141 237 234 235 232 206 207 209 210 210 211 206 199 202 202 204 204 204
"30" 243 82 108 239 178 171 168 197 198 200 201 201 201 197 186 187 188 192 192 192
"31" 72 34 77 84 89 100 230 214 214 215 216 216 217 213 209 210 210 212 212 212
"32" 194 208 263 248 245 243 240 218 220 223 225 226 228 221 213 216 217 219 219 219
"33" 305 158 306 300 299 300 296 273 273 276 279 278 278 267 267 267 267 267 267 267
"34" 166 198 200 191 190 190 189 173 173 175 176 175 175 173 170 171 171 173 173 173
"35" 89 64 85 95 96 109 130 225 227 230 236 235 233 226 187 199 198 224 224 224
"36" 280 50 289 267 265 269 268 248 249 252 254 253 253 245 242 244 245 245 245 245
"37" 285 284 286 280 279 280 278 266 264 265 267 267 266 258 257 258 258 258 258 258
"38" 129 105 156 178 183 183 220 201 203 204 205 206 207 204 193 197 197 200 200 200
"39" 216 218 219 211 209 210 208 194 194 194 195 195 195 193 189 190 191 192 192 192
"40" 251 82 258 249 248 250 246 217 217 221 223 223 223 216 206 209 210 214 214 214
"41" 231 227 232 223 218 219 216 190 189 191 192 192 192 187 181 182 183 185 185 185
"42" 87 65 87 126 124 130 134 244 244 246 249 250 249 239 234 237 238 239 239 239
"43" 214 216 217 204 203 203 202 188 188 189 189 190 190 188 184 186 186 187 187 187
"44" 222 130 226 216 214 215 214 193 193 193 193 192 192 190 183 184 184 187 187 187
"45" 84 59 92 112 126 132 216 186 193 194 195 195 196 193 172 184 186 188 188 188
"46" 77 47 64 100 109 189 187 172 172 173 173 174 174 172 168 170 170 171 171 171
"47" 223 216 219 214 213 213 209 186 185 186 187 186 187 185 179 182 182 183 183 183
"48" 279 277 279 272 271 271 270 247 247 249 252 251 250 241 181 241 241 241 241 241
"49" 237 237 239 230 229 230 226 196 198 200 201 203 203 198 188 189 190 193 193 193
"50" 226 179 228 221 218 219 217 191 191 192 193 192 192 188 179 182 182 185 185 185
"51" 239 237 241 235 234 235 232 214 213 215 217 216 214 208 203 204 204 207 207 207
"52" 236 261 262 256 255 255 254 239 239 241 242 240 240 234 232 234 234 234 234 234
"53" 108 70 89 95 212 214 212 188 189 191 191 192 193 189 185 186 187 188 188 188
"54" 157 138 231 153 224 224 222 193 194 195 196 196 196 191 181 182 182 185 185 185
"55" 229 228 232 223 222 223 223 201 201 203 206 206 206 201 192 196 197 199 199 199
"56" 219 221 224 214 211 212 211 191 190 192 193 192 192 189 183 185 186 187 187 187
"57" 86 61 78 87 245 245 245 223 224 226 228 228 228 224 216 219 220 222 222 222
"58" 87 77 102 108 143 233 233 209 210 213 214 215 215 209 198 201 202 206 206 206
"59" 132 263 267 253 253 255 251 225 225 228 230 229 229 223 211 215 216 219 219 219
"60" 208 174 207 196 194 195 194 180 179 180 180 181 181 180 176 177 177 178 178 178
"61" 206 102 208 200 198 198 196 179 180 181 180 181 181 178 142 172 172 174 174 174
"62" 258 256 260 252 250 252 250 228 227 229 231 231 230 223 216 218 219 222 222 222
"63" 107 62 97 107 124 134 139 177 177 178 178 179 179 177 168 171 171 174 174 174
"64" 228 226 228 223 219 220 219 201 201 202 203 203 204 200 195 196 196 198 198 198
"65" 287 219 285 279 278 278 277 265 265 266 268 268 267 261 261 261 261 261 261 261
"66" 314 62 85 309 307 309 308 280 281 286 289 288 287 272 268 271 272 272 272 272
"67" 261 259 268 258 255 256 253 228 229 232 236 233 235 226 221 224 225 226 226 226
"68" 143 223 226 218 216 217 215 192 192 193 194 193 194 190 180 184 183 186 186 186
"69" 111 85 108 118 116 137 143 169 171 172 173 173 173 172 166 168 168 169 169 169
"70" 210 210 211 203 202 202 201 183 184 185 186 185 185 183 176 177 178 180 180 180
"71" 231 232 236 224 219 221 219 187 189 191 192 192 193 188 179 182 182 185 185 185
"72" 273 305 308 294 292 293 288 260 261 264 268 268 268 257 181 199 257 257 257 257
"73" 119 125 236 226 225 225 224 211 211 212 212 212 212 210 207 208 208 209 209 209
"74" 118 50 107 118 122 126 143 213 213 215 218 220 221 213 193 198 200 206 206 206
"75" 227 226 229 222 220 222 220 199 198 200 202 201 200 195 185 188 186 191 191 191
"76" 77 100 208 199 198 199 197 179 179 180 181 181 181 179 175 176 176 178 178 178
"77" 220 221 222 214 213 213 212 199 198 199 199 199 199 197 176 190 191 194 194 194
"78" 160 69 143 154 160 167 196 179 178 179 179 180 180 175 172 173 173 175 175 175
"79" 77 86 265 258 254 194 253 230 231 234 236 236 236 229 226 229 229 229 229 229
"80" 202 65 203 192 191 191 190 178 177 178 179 179 179 177 174 175 175 176 176 176
"81" 87 52 69 79 85 94 147 231 231 232 233 233 233 229 227 229 229 229 229 229
"82" 99 67 110 129 145 130 169 193 193 194 195 196 197 193 189 190 190 192 192 192
"83" 95 95 212 207 204 205 203 187 186 187 187 187 188 187 182 183 183 186 186 186
"84" 109 62 78 86 112 175 220 187 189 192 194 193 194 190 179 183 183 185 185 185
"85" 68 59 78 88 101 199 229 214 214 215 216 216 216 213 209 211 211 212 212 212
"86" 188 162 263 254 185 168 183 239 238 240 241 240 239 233 182 186 185 199 199 199
"87" 134 110 135 141 142 157 169 240 239 240 241 241 241 237 237 237 237 237 237 237
"88" 190 240 244 232 227 228 228 212 213 214 215 215 215 211 188 194 187 198 198 198
"89" 239 72 91 98 112 235 228 204 204 205 206 205 206 201 193 195 195 198 198 198
"90" 255 49 257 248 247 249 248 225 225 228 232 231 231 224 217 220 220 222 222 222
"91" 169 144 187 207 210 251 249 231 231 233 234 234 234 228 225 227 228 228 228 228
"92" 232 231 233 227 225 227 226 197 197 199 199 201 201 197 191 194 194 196 196 196
"93" 279 291 295 279 275 276 272 240 241 246 249 248 248 237 231 235 236 237 237 237
"94" 99 51 90 123 128 128 130 175 175 176 177 178 179 176 174 175 175 176 176 176
"95" 294 296 300 289 286 288 286 266 266 269 273 273 271 259 258 259 259 259 259 259
"96" 243 66 246 237 235 235 234 219 217 219 220 219 220 215 212 215 215 215 215 215
"97" 124 53 289 276 273 272 272 249 250 255 258 256 256 243 165 201 194 243 243 243
"98" 176 177 288 277 276 276 270 247 245 248 251 249 249 238 236 238 238 238 238 238
"99" 228 290 290 284 283 283 281 268 268 270 272 270 270 265 263 264 265 265 265 265
"100" 188 60 190 227 223 224 222 195 195 197 198 198 198 191 184 187 188 190 190 190
"101" 231 231 235 227 224 226 224 198 199 201 202 203 202 198 191 193 193 195 195 195
"102" 215 90 217 209 207 208 207 190 190 191 192 191 191 189 185 186 186 187 187 187
"103" 172 161 218 211 210 210 209 198 197 198 198 197 198 197 194 195 195 196 196 196
"104" 225 53 227 221 219 219 218 204 203 204 204 205 206 204 201 202 202 203 203 203
"105" 250 69 253 246 245 195 194 226 226 228 229 229 229 223 153 162 171 195 195 195
"106" 274 276 278 265 263 264 262 246 246 248 250 249 249 243 239 242 243 243 243 243
"107" 89 45 93 238 98 235 233 206 209 212 215 215 216 209 198 200 199 202 202 202
"108" 58 48 242 234 193 233 233 208 207 210 212 210 210 203 193 198 198 201 201 201
"109" 241 242 245 230 226 226 222 198 198 200 201 202 203 199 196 196 197 198 198 198
"110" 224 77 225 219 218 218 155 190 190 192 192 191 191 188 178 182 182 185 185 185
"111" 246 252 255 242 240 242 240 219 219 221 223 222 222 218 210 213 213 214 214 214
"112" 314 316 320 307 302 303 301 275 275 277 280 280 280 269 172 191 189 269 269 269
"113" 229 230 230 221 220 220 219 206 205 206 207 207 207 205 203 204 204 205 205 205
"114" 286 282 289 282 280 282 280 254 258 263 266 267 267 255 250 253 255 255 255 255
"115" 43 44 155 155 122 109 117 193 195 198 199 198 199 196 185 190 190 193 193 193
"116" 180 122 145 156 154 160 170 216 215 217 219 219 220 211 208 210 210 211 211 211
"117" 124 75 94 110 113 132 158 198 198 199 200 200 200 194 186 188 188 190 190 190
"118" 102 87 124 135 136 242 241 224 224 226 228 228 227 221 211 216 216 221 221 221
"119" 254 253 256 250 249 250 248 225 226 229 231 230 228 216 212 216 216 216 216 216
"120" 227 153 227 222 220 221 219 200 199 200 201 201 201 199 182 186 187 194 194 194
"121" 168 67 116 131 124 127 164 214 215 218 220 222 222 215 208 211 211 214 214 214
"122" 290 180 292 284 162 146 121 256 257 261 263 261 260 249 158 165 166 249 249 249
"123" 96 59 93 109 113 121 228 202 204 206 208 210 209 204 196 197 198 200 200 200
"124" 262 68 262 254 253 253 251 235 235 236 237 236 236 233 169 197 194 231 231 231
"125" 243 244 246 240 239 240 238 224 223 225 226 226 226 222 221 222 222 222 222 222
"126" 66 42 91 103 113 122 135 266 265 268 269 268 267 256 255 256 256 256 256 256
"127" 226 105 232 221 219 221 220 197 198 200 202 202 201 198 178 188 184 191 191 191
"128" 50 49 218 210 208 210 208 183 184 186 187 187 188 185 179 181 181 183 183 183
"129" 269 266 270 262 258 259 254 228 227 229 231 230 231 221 214 220 221 221 221 221
"130" 267 107 271 261 260 260 259 248 248 249 250 250 250 247 246 247 247 247 247 247
"131" 260 82 296 288 285 286 285 266 267 270 272 271 270 262 260 262 262 262 262 262
"132" 104 85 199 192 191 191 190 176 175 176 176 176 176 173 168 169 170 172 172 172
"133" 78 66 83 86 115 113 135 223 222 225 227 226 226 219 214 216 217 219 219 219
"134" 213 220 220 202 201 201 200 186 187 188 189 190 190 188 183 185 185 186 186 186
"135" 175 114 142 150 152 178 198 183 187 190 191 193 194 190 183 186 186 187 187 187
"136" 271 271 275 268 266 267 263 248 248 249 252 251 251 242 241 242 242 242 242 242
"137" 221 219 222 217 216 216 215 186 186 188 189 189 189 185 178 181 181 183 183 183
"138" 151 110 138 274 272 271 270 257 257 259 260 260 259 253 251 253 253 253 253 253
"139" 224 223 227 216 215 216 213 189 190 191 192 193 192 189 182 183 184 186 186 186
"140" 117 112 128 137 135 135 158 200 200 201 202 202 202 198 191 194 194 196 196 196
"141" 247 62 75 76 72 77 77 209 209 212 215 214 215 208 196 200 200 203 203 203
"142" 228 228 229 221 220 220 220 108 202 204 204 205 205 202 129 156 157 173 173 173
"143" 222 246 249 233 231 232 229 197 198 200 204 206 206 199 189 193 194 196 196 196
"144" 147 126 152 164 157 166 194 206 206 208 206 208 210 205 197 199 199 202 202 202
"145" 253 253 253 247 245 245 244 234 233 234 235 234 234 230 229 230 230 230 230 230
"146" 101 55 85 238 237 237 236 220 220 222 223 223 223 220 217 218 218 220 220 220
"147" 177 268 271 265 261 262 258 233 234 237 240 240 239 229 224 227 227 229 229 229
"148" 150 57 135 249 247 146 133 229 229 231 232 231 231 224 178 186 167 223 223 223
"149" 194 41 228 221 220 220 220 207 206 207 208 208 208 205 203 204 204 205 205 205
"150" 233 232 236 231 229 231 230 197 200 205 209 204 208 202 197 198 198 199 199 199
"151" 235 73 146 230 191 172 186 203 204 208 209 209 209 206 193 200 200 203 203 203
"152" 242 243 246 233 230 232 230 204 204 205 206 207 209 204 194 196 196 200 200 200
"153" 104 62 94 113 118 133 207 187 187 189 189 189 189 186 180 182 182 183 183 183
"154" 214 220 231 221 221 224 223 198 199 200 199 200 201 196 190 191 191 193 193 193
"155" 110 120 228 221 219 155 154 202 203 204 205 204 205 203 196 198 199 200 200 200
"156" 119 87 103 113 104 104 132 243 245 248 250 251 252 241 232 237 239 241 241 241
"157" 250 259 263 246 244 244 245 227 227 230 233 232 233 225 145 163 177 181 181 181
"158" 175 241 244 237 232 233 230 202 203 206 208 207 206 198 189 192 192 195 195 195
"159" 98 87 230 220 217 217 215 193 192 194 196 195 194 191 185 186 186 188 188 188
"160" 251 105 126 245 199 242 239 206 209 213 214 213 213 206 150 157 150 194 194 194
"161" 220 111 222 217 216 217 216 191 193 194 195 195 195 191 182 186 185 187 187 187
"162" 236 237 240 228 223 224 221 189 190 192 194 195 197 193 182 185 186 188 188 188
"163" 273 278 280 269 266 267 265 242 242 245 249 249 248 239 237 239 239 239 239 239
"164" 284 52 284 275 274 274 272 253 252 254 256 255 255 248 163 246 247 248 248 248
"165" 58 43 57 68 80 214 211 195 195 196 196 197 197 195 189 190 190 192 192 192
"166" 260 257 263 258 256 257 255 231 232 236 239 237 238 227 217 222 223 226 226 226
"167" 229 238 253 233 231 234 231 204 204 205 205 206 208 202 192 196 197 199 199 199
"168" 245 242 248 241 239 240 236 201 201 203 205 210 210 204 194 195 196 199 199 199
"169" 199 55 240 233 231 232 230 211 211 213 214 214 214 211 206 207 208 210 210 210
"170" 249 99 130 143 240 240 238 224 225 226 227 227 227 224 220 222 223 224 224 224
"171" 225 225 226 219 217 218 216 199 199 200 201 200 200 198 177 191 193 195 195 195
"172" 188 75 142 158 156 146 147 269 271 275 279 278 278 264 258 261 262 264 264 264
"173" 242 113 170 235 234 236 233 203 203 205 205 205 206 200 162 177 181 190 190 190
"174" 220 223 230 219 217 218 217 184 186 188 189 191 191 187 179 181 180 182 182 182
"175" 281 283 285 277 272 272 269 247 247 249 251 251 251 244 240 243 243 244 244 244
"176" 263 264 266 257 254 255 253 233 235 238 241 239 239 232 132 154 155 184 184 184
"177" 188 75 235 206 199 202 226 247 247 250 253 252 251 239 194 237 238 239 239 239
"178" 302 302 308 297 294 295 293 268 269 273 276 276 275 264 264 264 264 264 264 264
"179" 211 208 211 206 204 205 204 185 185 186 186 186 186 183 179 181 181 182 182 182
"180" 209 74 214 204 203 204 200 178 178 180 181 182 182 178 174 175 176 177 177 177
"181" 148 89 116 111 112 122 133 189 190 191 191 194 195 189 182 185 185 187 187 187
"182" 223 249 251 245 243 243 242 224 225 227 229 228 229 225 223 224 224 225 225 225
"183" 208 147 217 203 201 202 168 178 179 180 181 182 183 180 168 172 173 176 176 176
"184" 284 62 286 283 281 282 276 254 253 258 260 259 260 248 248 248 248 248 248 248
"185" 222 49 242 229 229 230 228 201 202 205 207 207 207 201 161 182 190 196 196 196
"186" 158 106 128 160 158 155 186 171 171 171 172 172 172 171 168 169 169 170 170 170
"187" 275 111 152 268 266 154 264 250 250 251 253 251 251 245 242 244 245 245 245 245
"188" 250 251 251 245 243 243 240 222 223 225 226 226 226 223 194 218 219 221 221 221
"189" 167 165 228 221 220 220 219 202 201 202 202 203 203 200 192 194 194 197 197 197
"190" 226 226 229 221 218 217 217 194 195 196 197 198 199 196 187 190 191 193 193 193
"191" 199 199 200 194 192 193 192 174 174 175 176 176 176 174 168 170 170 171 171 171
"192" 254 248 255 250 248 250 246 222 223 227 229 227 226 218 211 214 214 217 217 217
"193" 191 190 206 271 270 272 271 248 248 250 254 254 253 243 137 155 169 189 189 189
"194" 49 42 51 58 59 65 111 217 216 216 217 217 216 214 213 214 214 214 214 214
"195" 231 50 239 228 226 228 223 199 200 201 203 203 204 198 185 188 190 191 191 191
"196" 170 120 160 174 188 210 208 189 188 190 190 190 190 187 182 183 183 185 185 185
"197" 139 211 212 202 201 201 200 180 181 183 184 184 184 181 178 180 180 181 181 181
"198" 206 206 207 199 197 198 196 180 180 181 180 180 180 178 175 176 176 177 177 177
"199" 257 254 257 247 243 244 241 209 210 216 218 217 216 208 196 200 201 203 203 203
"200" 201 229 229 222 221 221 219 205 205 207 208 207 207 205 200 201 201 203 203 203
"201" 248 71 168 243 242 242 242 228 227 228 229 229 229 225 224 225 225 225 225 225
"202" 216 217 219 209 206 206 204 182 182 183 184 185 186 183 178 179 179 181 181 181
"203" 229 84 230 224 223 223 222 207 207 208 208 208 207 205 198 200 200 202 202 202
"204" 136 77 104 143 139 144 243 224 226 229 230 230 230 223 219 222 222 223 223 223
"205" 261 264 266 251 249 251 249 226 227 230 232 231 230 224 219 222 222 224 224 224
"206" 106 74 100 148 148 162 161 192 192 193 194 193 193 191 189 190 189 190 190 190
"207" 93 78 99 215 212 212 211 195 195 196 197 197 197 195 190 192 192 194 194 194
"208" 213 145 218 213 209 211 208 184 184 185 185 186 188 184 178 179 180 182 182 182
"209" 97 236 239 231 229 230 228 207 208 209 209 210 211 207 200 201 202 205 205 205
"210" 249 274 280 258 256 257 254 222 224 227 230 230 229 221 212 215 215 218 218 218
"211" 228 232 239 228 226 226 224 198 199 200 200 201 201 198 189 191 191 194 194 194
"212" 121 59 118 124 73 116 128 229 231 232 234 234 233 228 186 227 189 228 228 228
"213" 298 296 300 291 149 163 170 269 269 272 275 274 272 261 259 261 261 261 261 261
"214" 255 46 101 105 122 252 252 223 223 227 232 231 231 220 212 215 217 220 220 220
"215" 256 256 259 252 251 252 252 237 237 238 240 239 240 234 229 197 232 234 234 234
"216" 278 164 281 271 268 268 262 234 236 239 243 241 241 231 225 228 230 231 231 231
"217" 261 91 265 257 254 255 252 235 235 237 239 237 237 231 227 229 230 231 231 231
"218" 60 47 66 75 75 89 112 171 170 171 171 171 171 170 166 168 168 169 169 169
"219" 60 47 61 65 79 87 228 216 216 217 217 217 217 215 167 188 189 212 212 212
"220" 212 159 184 165 160 158 162 176 178 181 181 184 186 182 166 172 175 177 177 177
"221" 262 261 262 250 247 249 247 217 218 220 223 224 225 219 164 171 173 187 187 187
"222" 59 53 65 75 79 131 199 180 179 180 181 181 181 178 172 174 174 176 176 176
"223" 250 98 132 133 126 159 168 224 224 225 227 227 227 222 219 221 221 222 222 222
"224" 142 50 262 254 251 251 249 226 227 229 230 230 230 224 219 222 222 224 224 224
"225" 227 68 199 225 223 223 222 210 210 211 211 211 211 209 207 208 208 209 209 209
"226" 251 249 250 243 240 240 239 225 225 226 228 227 227 223 219 221 221 222 222 222
"227" 222 65 81 210 209 208 207 194 193 194 194 195 195 193 188 189 190 191 191 191
"228" 221 52 71 77 81 213 212 198 198 199 199 200 199 198 195 196 196 197 197 197
"229" 274 274 276 267 265 266 265 252 251 253 255 254 253 247 247 247 247 247 247 247
"230" 242 243 248 236 233 234 229 197 198 201 202 201 202 197 188 191 191 193 193 193
"231" 198 51 280 271 268 269 267 248 248 252 254 253 252 245 176 245 245 245 245 245
"232" 80 87 117 136 138 135 140 225 226 228 230 228 230 224 217 220 221 224 224 224
"233" 218 75 121 134 137 133 143 168 186 188 189 190 190 188 164 180 182 184 184 184
"234" 55 49 105 123 131 142 192 175 175 176 177 176 177 173 171 172 173 173 173 173
"235" 231 228 230 224 223 224 222 206 206 207 207 207 207 203 197 200 200 202 202 202
"236" 222 104 223 215 213 214 212 185 190 193 193 193 194 190 172 175 176 184 184 184
"237" 98 60 79 94 100 256 253 231 233 235 238 237 238 232 230 232 232 232 232 232
"238" 69 68 110 155 156 167 169 155 232 234 237 237 238 231 152 156 161 166 166 166
"239" 187 96 117 124 207 207 206 190 190 191 192 192 192 190 185 186 186 188 188 188
"240" 104 192 193 186 185 185 184 172 173 173 174 174 174 172 167 170 170 170 170 170
"241" 208 64 208 199 197 198 196 184 184 184 185 184 185 184 182 183 183 184 184 184
"242" 224 225 227 218 216 217 215 192 192 193 193 192 192 189 179 182 183 185 185 185
"243" 218 66 218 213 210 210 210 194 194 196 197 197 196 195 191 192 192 192 192 192
"244" 209 221 224 214 212 212 210 186 186 188 189 188 188 183 178 180 181 182 182 182
"245" 155 57 219 212 211 212 211 197 197 198 198 199 198 196 194 195 195 196 196 196
"246" 256 69 258 251 249 250 248 235 234 236 236 235 234 230 227 229 229 230 230 230
"247" 152 146 180 180 167 178 170 197 198 200 200 202 202 197 189 190 189 193 193 193
"248" 294 292 293 287 285 285 284 270 270 272 273 273 272 266 265 266 266 266 266 266
"249" 76 62 75 243 240 242 242 223 223 224 226 226 225 219 214 216 217 218 218 218
"250" 70 62 86 128 166 187 229 203 202 204 204 205 205 199 192 195 195 198 198 198
"251" 281 279 281 274 272 272 268 246 246 250 253 251 250 243 198 242 243 243 243 243
"252" 205 208 207 198 196 197 195 177 176 178 178 177 178 176 172 173 173 174 174 174
"253" 274 275 278 266 262 262 256 225 228 230 232 231 232 223 218 221 222 223 223 223
"254" 273 273 275 265 264 264 261 238 239 241 244 244 244 237 235 237 237 237 237 237
"255" 88 62 224 219 217 219 217 186 190 191 193 194 195 190 181 183 183 185 185 185
"256" 119 86 217 206 206 118 122 181 181 182 183 183 184 180 176 177 178 179 179 179
"257" 151 115 144 144 150 229 227 203 203 204 206 210 209 202 196 197 197 199 199 199
"258" 250 251 252 245 244 244 243 228 228 230 231 231 231 227 225 226 227 227 227 227
"259" 227 224 225 216 214 214 213 203 203 203 203 203 203 202 201 201 201 202 202 202
"260" 222 227 233 227 226 229 225 198 198 201 202 202 204 198 190 194 194 196 196 196
"261" 183 165 212 203 202 203 201 182 181 182 182 182 182 179 174 176 176 178 178 178
"262" 134 135 233 225 220 221 218 186 190 192 193 196 195 189 181 183 183 185 185 185
"263" 218 221 225 216 213 214 211 193 194 194 194 196 197 195 188 189 189 191 191 191
"264" 229 227 230 221 219 219 219 196 195 197 197 197 198 194 187 190 189 191 191 191
"265" 227 225 227 222 218 219 216 192 193 194 195 195 195 191 180 183 183 186 186 186
"266" 273 77 275 267 266 266 265 248 248 250 252 251 250 244 241 244 244 244 244 244
"267" 230 228 234 230 229 232 230 206 206 209 210 211 212 205 200 203 204 205 205 205
"268" 145 285 290 280 278 279 275 249 248 251 254 252 252 240 235 238 238 240 240 240
"269" 234 55 240 231 194 228 224 192 192 194 196 197 196 190 182 183 184 187 187 187
"270" 75 48 85 240 240 241 237 211 212 214 213 213 214 209 201 204 205 207 207 207
"271" 252 251 252 244 243 243 242 229 228 230 231 230 230 226 225 226 226 226 226 226
"272" 235 236 241 232 231 233 229 204 204 205 208 209 209 202 193 196 196 199 199 199
"273" 262 260 263 256 253 254 252 231 231 233 235 235 235 228 220 223 224 227 227 227
"274" 180 171 188 206 200 182 185 253 255 258 261 261 259 247 245 247 247 247 247 247
"275" 182 210 213 207 206 207 205 190 189 190 190 189 190 187 182 184 184 185 185 185
"276" 119 123 259 250 249 250 250 234 233 235 237 235 235 228 227 228 228 228 228 228
"277" 196 160 243 230 224 226 223 190 193 196 197 199 200 196 181 186 186 190 190 190
"278" 77 81 251 242 240 242 239 208 210 214 214 215 214 208 195 199 200 205 205 205
"279" 231 151 243 229 224 227 227 200 201 203 206 206 206 203 192 194 194 197 197 197
"280" 220 73 183 215 212 213 211 190 190 191 192 192 191 187 181 183 183 185 185 185
"281" 205 106 206 197 195 195 193 176 176 178 178 178 178 176 172 173 173 174 174 174
"282" 265 91 265 255 119 123 245 210 216 220 221 221 222 214 192 196 195 201 201 201
"283" 75 65 81 107 114 196 194 177 176 177 177 177 177 174 171 173 173 174 174 174
"284" 111 280 285 280 276 278 276 252 253 255 256 257 257 248 191 243 246 248 248 248
"285" 79 60 86 200 197 197 195 178 179 180 180 180 180 178 175 176 176 177 177 177
"286" 119 58 113 120 122 123 120 224 224 226 227 227 226 220 216 218 219 220 220 220
"287" 117 95 127 170 183 257 284 261 261 264 268 268 268 256 256 256 256 256 256 256
"288" 300 302 307 291 284 281 280 260 260 262 264 263 264 254 250 254 254 254 254 254
"289" 118 111 241 231 229 230 229 205 206 208 209 210 211 206 200 201 202 204 204 204
"290" 275 63 277 271 269 270 267 238 240 244 246 247 247 238 201 235 237 238 238 238
"291" 213 213 214 203 201 202 200 188 189 189 190 190 190 188 186 187 186 187 187 187
"292" 256 257 260 252 249 250 249 231 231 233 235 234 233 227 223 225 225 227 227 227
"293" 119 57 69 109 113 115 136 221 221 223 226 225 225 217 214 215 216 217 217 217
"294" 249 77 118 243 239 241 238 211 210 213 216 215 214 207 202 203 203 206 206 206
"295" 254 107 266 251 246 248 245 216 218 220 223 223 222 213 206 208 208 210 210 210
"296" 266 273 282 269 266 267 266 237 239 243 246 245 244 232 225 230 231 232 232 232
"297" 209 207 209 204 202 202 200 178 178 179 180 180 180 178 174 175 175 176 176 176
"298" 255 71 130 139 123 126 147 232 232 233 234 234 234 231 227 228 229 230 230 230
"299" 234 63 233 227 225 225 224 210 210 211 212 211 211 210 207 208 208 209 209 209
"300" 101 116 231 224 222 222 220 198 199 199 200 201 201 198 191 193 193 195 195 195
"301" 198 84 197 192 191 191 190 175 175 176 176 176 177 175 171 172 173 174 174 174
"302" 231 172 241 227 225 226 224 192 192 194 194 194 195 190 181 183 184 187 187 187
"303" 199 201 200 190 188 188 187 175 175 175 175 175 175 174 169 171 171 172 172 172
"304" 136 82 126 146 145 159 168 219 223 228 232 231 232 225 215 219 220 221 221 221
"305" 66 53 69 273 272 272 269 244 244 246 249 249 249 241 237 240 241 241 241 241
"306" 93 86 166 173 275 277 275 257 257 260 262 262 261 253 252 253 253 253 253 253
"307" 190 71 239 233 231 231 230 215 215 217 218 217 217 215 210 212 212 214 214 214
"308" 232 234 237 226 223 225 223 198 201 202 203 203 205 202 195 196 196 198 198 198
"309" 224 223 224 218 216 216 214 197 197 197 198 198 198 195 189 190 190 192 192 192
"310" 260 265 269 250 244 249 248 230 230 233 235 234 233 225 147 164 175 224 224 224
"311" 240 262 264 255 252 253 252 233 234 236 237 237 237 232 227 230 231 232 232 232
"312" 265 266 270 258 255 256 253 228 227 230 231 231 232 222 219 222 222 222 222 222
"313" 89 66 86 98 202 202 201 190 189 190 190 190 190 189 186 187 187 188 188 188
"314" 224 106 225 222 221 221 220 199 200 201 201 202 202 199 191 193 193 195 195 195
"315" 224 224 227 218 215 216 216 191 191 191 193 195 195 192 182 185 185 188 188 188
"316" 261 60 263 258 256 256 256 229 230 235 237 238 238 227 220 223 226 227 227 227
"317" 259 256 260 254 252 252 190 219 220 224 226 226 227 218 180 194 187 214 214 214
"318" 279 58 278 273 273 274 270 248 247 249 252 249 249 236 230 233 234 236 236 236
"319" 260 97 259 253 249 249 248 217 220 224 225 225 226 218 212 217 218 218 218 218
"320" 261 261 263 256 114 105 108 238 239 242 243 242 241 236 139 161 163 175 175 175
"321" 168 140 168 187 188 290 288 276 275 277 278 278 278 270 270 270 270 270 270 270
"322" 229 262 261 252 252 252 251 239 238 239 240 240 240 237 234 236 236 237 237 237
"323" 104 54 81 89 93 100 120 218 220 224 225 225 227 219 208 211 212 215 215 215
"324" 96 58 81 101 103 124 213 185 186 188 189 189 190 185 177 180 181 183 183 183
"325" 133 82 131 135 262 264 262 231 234 238 241 242 242 229 219 223 224 228 228 228
"326" 197 200 201 191 190 190 189 176 176 177 177 177 177 175 171 173 173 174 174 174
"327" 300 298 304 296 295 297 297 278 279 283 287 287 287 273 273 273 273 273 273 273
"328" 94 56 94 97 99 99 114 213 213 214 214 214 214 212 210 211 211 212 212 212
"329" 90 74 99 102 114 114 235 210 209 210 214 213 214 206 199 201 201 205 205 205
"330" 107 103 125 259 254 256 253 227 228 230 231 232 232 224 216 221 222 224 224 224
"331" 106 94 236 222 220 222 219 189 190 192 193 194 194 188 182 184 184 187 187 187
"332" 277 50 275 252 247 250 245 217 218 221 222 222 223 215 207 209 210 213 213 213
"333" 169 74 134 146 142 153 173 273 275 278 280 280 280 269 266 269 269 269 269 269
"334" 58 50 91 217 215 216 215 198 200 201 202 202 202 200 196 197 196 197 197 197
"335" 252 66 252 245 243 244 242 221 222 223 224 224 224 220 213 215 215 218 218 218
"336" 228 228 230 224 221 221 219 194 195 196 197 197 197 194 187 190 190 192 192 192
"337" 203 203 205 197 195 196 195 175 175 177 178 178 179 177 172 174 174 175 175 175
"338" 264 270 278 266 265 266 263 239 239 242 243 243 243 233 194 199 196 233 233 233
"339" 230 228 231 221 218 219 216 185 189 192 193 193 194 189 159 176 177 182 182 182
"340" 109 123 233 223 222 223 222 211 211 212 212 212 212 210 172 190 196 208 208 208
"341" 69 56 252 244 242 243 241 227 226 227 228 227 227 223 182 184 185 201 201 201
"342" 250 241 289 278 277 278 278 250 252 255 259 259 257 245 241 245 245 245 245 245
"343" 150 34 130 172 161 164 242 233 232 233 234 233 233 230 196 230 230 230 230 230
"344" 121 229 230 222 220 221 218 204 203 204 205 205 205 203 200 200 200 202 202 202
"345" 60 49 66 82 72 80 88 204 203 204 204 204 204 201 197 198 198 200 200 200
"346" 33 31 44 53 56 64 92 196 195 196 198 197 197 193 181 184 185 189 189 189
"347" 95 88 109 116 110 110 156 244 244 247 249 249 248 240 238 239 240 240 240 240
"348" 67 77 196 187 186 186 185 173 172 173 173 172 172 171 168 169 169 170 170 170
"349" 280 63 127 271 269 271 268 247 247 249 252 251 251 241 200 236 238 241 241 241
"350" 266 75 280 269 269 270 267 241 242 245 248 246 245 235 228 230 231 234 234 234
"351" 275 66 279 270 268 268 267 247 248 250 253 251 252 244 242 244 244 244 244 244
"352" 241 241 242 235 234 234 232 217 217 218 219 219 219 215 178 190 194 212 212 212
"353" 250 252 256 243 238 241 155 210 212 215 216 215 215 208 133 148 150 160 160 160
"354" 122 101 199 187 185 185 184 171 171 171 172 172 173 172 169 170 170 171 171 171
"355" 266 272 275 264 261 262 260 242 242 244 245 245 244 238 235 237 237 238 238 238
"356" 221 85 221 216 214 215 214 192 192 194 195 195 195 191 187 188 189 190 190 190
"357" 246 248 255 242 240 242 242 215 218 220 222 222 223 214 159 175 197 208 208 208
"358" 47 36 58 215 212 213 211 185 185 186 187 188 188 185 179 182 182 183 183 183
"359" 235 238 235 224 223 223 223 211 211 212 212 212 213 211 208 209 210 211 211 211
"360" 137 75 142 282 187 182 179 255 257 261 265 265 265 256 252 256 256 256 256 256
"361" 230 51 231 225 223 223 222 197 198 200 201 202 202 198 190 192 192 194 194 194
"362" 254 46 252 248 246 247 244 217 218 222 226 226 226 219 214 216 217 219 219 219
"363" 210 209 210 203 201 201 200 183 184 185 186 185 186 184 149 159 177 181 181 181
"364" 100 79 139 228 228 229 228 198 198 199 200 200 201 197 186 190 191 193 193 193
"365" 240 45 250 236 235 236 236 207 214 218 221 221 220 213 202 205 204 206 206 206
"366" 98 90 155 223 220 219 218 192 192 195 195 198 198 194 186 188 188 191 191 191
"367" 148 67 171 178 173 153 143 201 202 203 204 204 204 201 151 173 181 196 196 196
"368" 211 210 212 207 206 206 204 179 180 182 184 184 185 182 177 179 179 180 180 180
"369" 276 275 278 269 263 263 260 230 231 233 237 238 238 231 222 226 226 229 229 229
"370" 170 92 129 145 158 180 206 182 182 183 185 185 185 181 177 178 178 180 180 180
"371" 208 209 211 203 200 201 199 178 178 179 180 180 179 177 170 172 172 174 174 174
"372" 60 58 84 94 98 118 142 188 190 191 193 193 193 190 183 185 186 187 187 187
"373" 256 257 264 255 255 256 255 238 237 239 240 241 240 234 178 194 229 233 233 233
"374" 85 64 86 93 90 101 103 285 284 288 291 289 289 277 153 166 162 174 174 174
"375" 200 236 239 234 232 233 232 204 205 210 211 211 211 207 200 201 201 203 203 203
"376" 206 207 208 199 198 198 197 179 179 180 181 180 180 178 175 176 176 177 177 177
"377" 194 197 197 186 185 185 184 172 172 173 173 173 173 171 169 170 170 171 171 171
"378" 138 90 145 193 172 166 169 176 178 178 179 179 179 178 173 174 174 175 175 175
"379" 47 37 145 151 148 158 177 199 203 206 209 208 209 204 195 197 197 199 199 199
"380" 85 61 86 122 137 123 119 188 189 190 191 191 193 188 179 181 181 185 185 185
"381" 242 92 245 237 235 236 234 203 203 203 203 205 206 200 184 189 190 194 194 194
"382" 237 228 237 232 232 234 231 195 198 202 204 202 203 197 188 190 190 192 192 192
"383" 292 290 296 288 286 287 284 261 262 266 268 268 268 258 255 258 258 258 258 258
"384" 116 108 260 250 246 247 245 219 221 222 222 222 225 221 201 216 217 219 219 219
"385" 277 91 196 179 178 180 192 254 253 256 258 256 255 246 245 246 246 246 246 246
"386" 239 239 241 234 232 232 230 212 211 213 214 213 213 209 203 205 205 208 208 208
"387" 226 279 280 274 273 274 271 201 258 259 261 260 260 255 190 254 255 255 255 255
"388" 219 108 221 212 210 211 209 194 193 195 195 195 195 193 179 186 187 190 190 190
"389" 221 222 223 214 211 212 210 195 195 195 196 195 196 194 189 190 191 192 192 192
"390" 242 240 245 241 238 238 236 209 210 214 217 216 216 209 196 200 199 204 204 204
"391" 84 66 82 90 98 126 222 203 203 204 204 205 205 202 196 198 198 199 199 199
"392" 234 233 235 227 225 226 224 199 199 200 200 200 201 198 187 190 190 194 194 194
"393" 279 281 289 279 278 279 276 249 251 254 257 257 255 245 243 245 245 245 245 245
"394" 144 65 82 91 213 216 188 189 191 193 193 194 196 191 176 178 181 183 183 183
"395" 47 47 61 72 84 87 143 216 216 218 219 218 218 209 201 203 203 206 206 206
"396" 269 222 258 304 302 303 303 279 279 283 287 285 284 272 270 272 272 272 272 272
"397" 232 227 235 226 225 226 226 202 202 202 203 204 205 200 193 194 195 198 198 198
"398" 107 103 125 132 131 137 157 273 273 274 276 276 276 266 265 266 266 266 266 266
"399" 96 237 242 235 234 235 234 208 210 213 216 214 214 207 181 192 191 196 196 196
"400" 224 225 230 219 216 216 212 190 190 191 193 193 194 190 184 185 186 187 187 187
"401" 115 214 217 206 206 207 208 195 196 196 196 197 198 196 188 191 190 192 192 192
"402" 254 70 259 245 243 245 243 212 213 216 217 216 217 211 195 199 202 205 205 205
"403" 218 141 217 210 209 193 208 191 191 192 192 192 192 190 186 188 188 189 189 189
"404" 195 172 227 221 219 219 217 200 201 201 202 202 203 200 184 193 192 197 197 197
"405" 90 94 244 240 239 239 239 217 217 219 220 220 220 213 204 206 206 209 209 209
"406" 202 204 206 199 197 197 196 179 178 179 179 180 181 179 170 173 175 176 176 176
"407" 247 76 247 241 239 240 238 225 224 225 226 225 225 221 219 221 221 221 221 221
"408" 180 61 244 234 218 228 225 187 189 192 193 193 194 190 182 184 184 186 186 186
"409" 156 70 107 125 125 147 161 211 213 215 217 218 219 214 197 207 207 210 210 210
"410" 248 252 256 245 244 246 244 222 222 223 225 225 225 219 213 215 215 218 218 218
"411" 99 75 95 105 115 123 132 210 210 211 211 211 210 209 205 206 206 207 207 207
"412" 73 46 76 127 229 229 229 214 214 215 215 216 216 210 202 204 205 209 209 209
"413" 81 75 93 103 98 110 108 223 223 224 225 224 224 222 160 166 170 195 195 195
"414" 240 172 245 235 233 234 232 214 214 215 217 218 217 213 207 209 209 211 211 211
"415" 250 249 254 249 247 248 247 236 234 236 237 236 235 230 226 229 229 230 230 230
"416" 226 240 245 222 222 224 223 190 194 197 198 198 199 193 181 184 184 188 188 188
"417" 300 81 97 296 120 295 294 272 272 275 278 278 277 267 267 267 267 267 267 267
"418" 238 239 242 228 222 224 219 186 187 189 188 188 191 187 180 181 182 183 183 183
"419" 274 273 274 266 265 265 264 251 251 252 254 254 253 248 192 191 196 248 248 248
"420" 233 47 238 227 226 227 225 206 207 208 208 208 209 205 197 199 199 201 201 201
"421" 58 58 279 273 271 273 271 250 250 253 256 254 253 242 238 241 242 242 242 242
"422" 226 225 227 220 217 218 215 189 189 190 192 190 191 187 179 183 183 185 185 185
"423" 257 257 259 246 239 243 241 212 216 219 219 220 222 218 212 213 214 215 215 215
"424" 197 189 194 191 191 191 190 174 174 175 175 176 177 174 169 171 171 172 172 172
"425" 82 91 194 130 114 127 184 171 170 171 171 170 171 169 165 166 166 168 168 168
"426" 197 85 197 189 187 188 187 175 175 175 176 176 176 175 167 172 172 173 173 173
"427" 216 218 219 210 208 209 208 189 189 190 191 191 191 189 184 186 186 188 188 188
"428" 228 147 185 225 222 223 221 191 191 192 194 195 194 189 176 180 181 184 184 184
"429" 155 267 269 260 258 259 257 240 241 242 244 243 244 238 234 236 237 238 238 238
"430" 182 192 239 230 227 228 226 198 198 199 200 201 201 198 185 190 190 194 194 194
"431" 246 248 252 238 232 235 234 202 204 206 212 212 212 205 194 194 194 198 198 198
"432" 238 232 231 220 219 219 218 207 206 206 206 206 206 204 200 202 202 203 203 203
"433" 118 110 236 223 221 222 220 200 201 201 202 203 204 201 194 195 195 196 196 196
"434" 66 48 78 80 80 80 206 186 186 187 187 188 189 185 179 181 180 182 182 182
"435" 264 262 267 257 256 257 255 226 228 230 232 232 231 223 172 200 218 221 221 221
"436" 104 106 155 179 182 174 185 185 185 186 188 188 188 185 180 182 182 183 183 183
"437" 237 237 241 230 225 226 225 191 193 195 196 196 198 194 187 189 189 191 191 191
"438" 173 80 97 126 122 129 149 186 186 186 187 187 187 185 182 183 183 184 184 184
"439" 143 51 76 74 75 103 116 269 268 270 272 271 270 263 261 263 263 263 263 263
"440" 72 48 59 70 77 101 107 191 190 191 191 192 193 191 185 188 188 190 190 190
"441" 48 50 88 84 88 108 120 191 190 191 192 191 192 188 182 185 185 187 187 187
"442" 85 58 81 121 214 215 213 192 191 192 193 192 191 187 179 182 182 184 184 184
"443" 207 46 207 200 198 199 198 185 184 185 186 185 185 184 181 182 182 183 183 183
"444" 231 52 235 224 223 223 222 211 211 211 212 211 211 210 205 206 206 208 208 208
"445" 234 232 234 227 225 225 222 198 198 200 201 200 201 197 188 191 192 194 194 194
"446" 83 56 78 82 77 79 109 235 234 236 239 238 237 229 194 223 225 228 228 228
"447" 213 212 215 207 205 206 203 182 183 185 185 185 185 182 176 178 178 180 180 180
"448" 83 210 256 248 246 246 245 226 226 228 229 228 228 223 198 220 220 221 221 221
"449" 54 52 68 71 141 166 228 211 211 212 214 214 213 208 198 199 200 203 203 203
"450" 231 230 232 223 219 219 219 196 197 199 199 200 200 197 189 192 192 194 194 194
"451" 237 187 214 233 230 230 227 206 206 207 208 208 208 203 166 191 193 197 197 197
"452" 178 126 212 204 204 205 204 188 189 189 190 190 191 188 183 184 185 187 187 187
"453" 126 112 226 220 219 219 218 203 203 204 204 205 205 202 177 192 195 199 199 199
"454" 287 194 299 287 287 289 288 272 273 275 277 276 276 268 268 268 268 268 268 268
"455" 200 91 121 231 201 230 229 199 199 200 201 202 203 199 193 195 195 197 197 197
"456" 256 255 259 250 247 248 246 226 226 227 229 229 230 223 219 222 222 223 223 223
"457" 204 205 206 197 196 197 196 182 183 183 183 183 184 182 179 180 180 181 181 181
"458" 69 71 282 272 270 271 269 254 253 256 259 258 257 250 181 248 249 250 250 250
"459" 143 94 212 203 202 202 201 187 187 187 187 187 188 187 184 185 185 186 186 186
"460" 263 180 266 258 257 182 186 225 225 229 233 231 231 222 206 213 214 218 218 218
"461" 184 89 181 222 183 221 219 195 195 197 197 197 196 193 185 187 186 189 189 189
"462" 217 56 220 212 208 208 205 179 179 181 182 184 185 180 176 179 179 180 180 180
"463" 233 54 143 147 141 143 164 233 232 235 236 235 235 229 225 227 228 229 229 229
"464" 75 55 73 84 95 110 193 181 181 181 182 181 181 180 177 178 178 179 179 179
"465" 260 260 262 255 253 253 252 232 231 233 236 236 235 227 184 222 223 226 226 226
"466" 229 55 233 220 63 68 219 208 207 208 208 208 208 207 203 204 205 206 206 206
"467" 164 136 175 174 160 160 174 191 193 195 196 195 196 190 158 171 169 181 181 181
"468" 231 98 229 225 223 223 222 204 204 204 205 206 207 204 198 200 200 202 202 202
"469" 282 279 284 276 272 275 271 250 249 252 255 254 255 244 158 170 180 244 244 244
"470" 178 119 142 159 152 168 176 231 231 233 235 236 236 229 222 226 226 228 228 228
"471" 223 224 226 216 214 214 214 197 198 198 199 199 199 196 189 191 191 193 193 193
"472" 285 285 287 279 276 276 273 253 253 256 258 258 258 251 206 250 251 251 251 251
"473" 240 240 246 231 229 230 229 201 201 203 204 204 205 198 189 191 191 194 194 194
"474" 83 90 112 116 118 134 232 213 214 217 218 217 217 214 209 211 212 213 213 213
"475" 81 71 93 112 111 118 125 169 170 171 171 171 171 170 163 164 164 166 166 166
"476" 221 221 222 213 211 212 212 194 194 195 196 196 195 192 187 189 189 191 191 191
"477" 224 93 110 110 103 103 96 201 201 202 202 202 202 200 155 169 159 187 187 187
"478" 252 87 291 285 285 286 282 260 260 263 266 264 264 252 249 252 252 252 252 252
"479" 222 223 224 216 214 215 213 195 195 196 197 197 198 195 190 191 191 193 193 193
"480" 226 231 233 220 217 219 217 198 198 199 199 200 200 197 190 192 192 194 194 194
"481" 223 56 123 219 216 195 215 197 196 197 198 199 198 196 193 194 194 195 195 195
"482" 242 241 242 237 235 236 234 222 222 223 225 224 224 220 217 219 219 220 220 220
"483" 284 283 287 277 276 278 275 254 253 255 257 255 254 246 244 246 246 246 246 246
"484" 214 214 216 206 205 205 204 186 186 187 187 187 187 184 180 181 182 183 183 183
"485" 233 81 240 228 224 225 223 200 200 201 201 202 203 198 174 185 188 193 193 193
"486" 88 91 110 126 126 139 236 219 218 219 220 220 219 215 208 210 211 214 214 214
"487" 220 82 219 211 210 210 210 198 198 198 198 198 199 197 192 194 194 195 195 195
"488" 240 148 241 236 235 235 232 214 214 216 217 216 216 214 210 211 211 213 213 213
"489" 169 125 159 188 196 186 273 255 255 256 259 258 258 251 250 251 251 251 251 251
"490" 238 52 237 232 229 229 228 213 212 214 215 214 214 211 209 210 209 211 211 211
"491" 218 87 224 212 209 211 210 193 193 194 195 195 195 191 188 189 189 191 191 191
"492" 237 236 239 233 232 232 230 213 213 215 216 216 215 211 209 210 210 211 211 211
"493" 146 229 229 221 221 220 220 209 209 210 210 210 210 208 204 206 206 208 208 208
"494" 287 290 296 284 281 282 280 256 257 260 265 263 263 251 247 251 251 251 251 251
"495" 263 84 105 257 256 255 253 228 228 231 233 233 234 225 164 216 218 223 223 223
"496" 283 57 140 159 164 159 168 264 263 264 266 265 265 261 257 259 260 261 261 261
"497" 236 109 236 231 226 227 226 200 199 201 201 199 201 197 186 189 190 194 194 194
"498" 76 152 272 263 260 178 167 235 236 239 243 243 243 236 152 165 173 184 184 184
"499" 178 148 194 188 187 187 186 173 173 174 174 173 173 172 120 145 159 169 169 169
"500" 224 193 228 221 219 222 219 193 191 193 194 194 195 190 183 186 186 188 188 188
