"max_pca1" "max_pca2" "max_pca3" "max_pca5" "max_pca10" "max_pca20" "max_pca40" "min_pca1" "min_pca2" "min_pca3" "min_pca5" "min_pca10" "min_pca20" "min_pca40" "tpca0.8" "tpca0.9" "tpca0.95" "tpca0.99" "tpca0.995" "tpca0.999"
"1" 309 91 957 957 957 285 263 161 177 187 195 187 199 178 138 120 129 117 112 116
"2" 58 46 55 60 58 79 88 178 196 197 199 180 186 179 172 170 169 169 169 170
"3" 396 542 550 957 957 540 259 167 171 172 190 176 183 172 169 128 131 127 126 128
"4" 43 36 47 279 228 225 221 182 222 222 223 176 181 177 174 173 172 172 172 172
"5" 47 40 52 56 62 72 92 171 173 177 181 174 196 191 171 171 171 169 170 170
"6" 222 56 168 957 957 957 294 164 188 189 195 189 194 179 167 168 165 163 163 163
"7" 130 126 139 160 957 161 168 188 195 196 197 194 197 177 116 123 122 118 119 120
"8" 62 49 957 957 957 454 275 175 183 190 192 182 187 181 177 174 173 171 171 172
"9" 38 29 39 40 44 84 105 174 181 191 193 179 186 179 173 172 171 171 172 172
"10" 78 53 77 78 73 79 209 177 183 183 184 179 184 181 175 174 168 170 169 170
"11" 91 178 234 249 250 250 249 178 184 187 188 183 189 183 178 175 170 165 166 166
"12" 403 325 340 412 345 280 247 174 190 208 227 184 189 179 167 168 128 118 123 125
"13" 148 689 251 326 254 255 248 172 194 194 194 193 202 196 146 172 166 137 140 142
"14" 147 64 89 99 162 175 243 194 198 206 211 206 211 196 185 184 180 179 179 180
"15" 49 38 50 134 139 147 177 176 202 214 215 201 212 194 167 173 174 164 161 163
"16" 58 54 333 354 307 334 303 170 171 171 172 171 180 173 170 170 169 168 168 168
"17" 31 31 76 106 957 122 185 140 164 166 172 169 180 169 158 145 147 155 149 151
"18" 201 392 957 326 324 284 247 164 177 177 178 171 177 166 150 155 145 134 134 135
"19" 123 64 192 476 472 470 194 171 179 181 186 177 187 180 175 170 169 169 169 169
"20" 45 36 45 49 72 110 125 171 174 187 195 186 195 188 171 171 168 167 167 167
"21" 203 197 252 254 248 251 249 179 198 198 198 188 199 181 117 124 129 130 140 143
"22" 100 63 86 88 87 92 142 174 204 205 223 204 208 178 162 163 162 160 160 161
"23" 51 40 50 58 59 65 74 171 213 216 223 213 222 200 143 168 166 167 167 168
"24" 256 615 804 841 351 863 291 124 170 178 179 179 194 170 108 149 115 89 89 91
"25" 140 49 149 957 957 361 276 173 191 188 193 187 193 179 138 152 146 146 152 156
"26" 35 36 48 83 88 106 117 177 182 182 184 182 186 181 116 133 140 115 116 120
"27" 72 63 136 146 143 697 322 184 221 225 229 215 224 193 168 168 167 167 168 168
"28" 131 103 133 150 957 573 398 187 203 203 220 203 204 183 172 171 168 170 170 170
"29" 90 69 83 94 86 93 119 169 193 199 196 188 191 176 161 161 160 162 162 162
"30" 86 62 82 88 88 89 92 183 184 188 189 184 199 183 99 154 117 92 96 99
"31" 44 27 35 48 52 80 92 195 207 239 241 198 202 194 164 166 164 166 167 167
"32" 171 45 197 206 211 200 196 172 173 173 174 173 176 174 148 162 161 162 162 163
"33" 167 148 161 957 957 342 272 207 213 213 213 207 215 213 207 207 203 200 198 200
"34" 145 121 195 216 217 225 224 164 183 185 184 176 178 166 163 162 159 161 161 161
"35" 73 52 69 78 81 89 98 156 171 174 175 173 181 171 118 160 140 116 116 118
"36" 55 35 55 64 60 110 301 201 212 220 221 206 212 199 129 169 169 149 155 163
"37" 105 183 653 681 728 350 319 165 198 237 259 194 197 192 171 169 168 166 165 165
"38" 103 87 104 138 145 163 179 162 176 177 180 182 189 178 139 144 150 144 146 148
"39" 516 853 352 957 304 306 238 183 191 193 193 188 188 181 143 128 130 149 169 170
"40" 101 57 512 548 558 558 339 194 198 220 227 196 201 196 187 191 171 130 137 148
"41" 45 46 241 340 301 288 241 197 204 208 208 202 200 190 170 175 174 169 169 170
"42" 70 48 65 67 72 86 102 182 202 203 197 187 193 184 170 148 142 149 155 158
"43" 334 32 957 957 957 957 656 173 188 192 197 177 191 172 167 167 166 160 160 161
"44" 452 88 126 136 131 129 133 175 184 188 192 177 182 177 170 171 169 159 160 162
"45" 49 40 61 66 88 100 122 138 183 185 191 186 191 178 114 123 119 108 109 110
"46" 49 38 49 61 77 84 114 172 175 177 185 177 181 176 162 160 164 166 166 166
"47" 42 39 671 676 321 310 270 224 239 240 242 238 223 198 180 178 167 163 163 164
"48" 128 913 338 957 957 957 337 163 183 184 188 185 187 176 149 148 136 120 121 126
"49" 291 184 483 491 543 957 315 177 200 200 199 194 201 182 137 174 150 136 140 141
"50" 79 77 160 159 157 470 193 166 180 184 181 167 178 168 143 146 149 150 153 158
"51" 673 88 957 957 332 293 273 182 184 186 201 182 185 178 165 165 164 164 165 165
"52" 150 216 284 292 295 298 298 179 196 197 213 196 216 185 175 167 163 174 174 174
"53" 75 54 70 73 74 89 95 179 187 189 190 188 188 184 172 173 171 169 169 169
"54" 141 122 138 138 145 140 143 183 193 192 190 184 187 182 165 173 163 136 159 162
"55" 136 38 957 957 436 436 396 172 187 186 186 178 179 174 109 122 121 110 111 114
"56" 83 67 107 106 100 107 328 201 203 204 204 201 202 199 168 169 174 173 171 174
"57" 71 49 64 71 73 76 80 170 213 219 221 215 216 193 172 169 162 146 142 146
"58" 70 51 78 82 92 101 144 182 194 194 197 191 194 183 168 171 170 170 170 170
"59" 124 52 266 310 316 314 295 208 210 210 221 200 207 190 112 166 163 108 112 114
"60" 185 60 174 182 185 242 188 174 175 175 179 175 183 175 164 167 168 162 161 162
"61" 155 81 249 104 251 249 239 188 206 205 200 197 198 176 110 119 126 120 124 127
"62" 86 52 429 448 213 214 213 179 183 187 188 186 188 185 179 178 175 173 173 173
"63" 85 36 65 75 95 100 108 194 255 257 255 201 201 183 117 115 123 131 136 140
"64" 200 525 535 562 572 715 250 175 184 186 215 184 183 173 160 162 162 164 165 165
"65" 219 67 373 375 365 358 281 189 195 199 198 194 200 184 170 166 166 158 162 165
"66" 66 50 65 77 83 103 280 176 192 192 192 181 191 172 166 168 165 163 164 164
"67" 254 49 97 283 289 290 240 167 169 176 176 168 177 174 169 169 167 166 166 166
"68" 133 147 233 286 284 290 249 184 190 192 192 183 184 172 142 128 121 139 141 148
"69" 84 49 85 89 87 104 121 160 170 170 173 172 177 168 121 149 132 118 119 120
"70" 464 138 394 422 412 121 117 207 242 244 245 220 223 208 121 158 141 136 140 141
"71" 165 35 199 957 957 534 284 179 188 188 189 187 197 186 164 171 169 165 164 166
"72" 372 355 282 394 395 398 214 168 185 194 213 184 184 173 128 135 128 119 119 120
"73" 100 99 127 120 105 118 212 178 185 186 187 185 188 180 136 145 165 165 165 165
"74" 46 41 52 98 100 108 116 173 184 183 182 177 183 175 112 139 136 127 130 132
"75" 200 207 239 246 245 255 205 186 190 192 192 189 186 182 170 165 163 140 152 153
"76" 74 63 86 83 111 300 281 174 203 214 215 175 188 178 165 169 164 164 164 165
"77" 71 291 256 292 254 227 204 177 187 188 188 186 187 181 104 113 110 95 95 97
"78" 131 46 77 119 132 139 162 182 192 194 199 193 197 191 170 172 169 169 170 170
"79" 63 51 88 93 92 96 174 192 198 198 200 198 209 198 163 178 165 176 170 175
"80" 67 52 65 72 171 167 200 177 179 191 200 180 182 180 178 176 176 175 174 174
"81" 53 42 52 55 62 79 101 170 188 199 203 196 203 197 183 181 181 176 175 176
"82" 54 51 67 69 78 100 126 168 179 192 192 178 190 177 168 168 167 166 166 166
"83" 68 71 91 182 286 290 182 131 167 168 171 170 174 171 156 156 158 158 155 157
"84" 80 44 64 67 64 80 125 168 201 202 203 202 204 191 151 155 165 165 166 166
"85" 56 40 61 70 78 86 91 181 191 191 190 181 190 178 166 170 164 146 148 152
"86" 105 65 162 154 157 122 122 169 182 183 181 178 180 170 112 122 125 100 99 100
"87" 71 67 110 114 116 130 148 168 176 179 184 179 185 179 168 169 168 168 168 168
"88" 168 175 185 190 184 177 176 178 221 204 182 176 180 173 118 147 117 113 119 126
"89" 82 52 73 80 84 103 227 176 196 196 197 194 198 193 165 171 166 146 155 159
"90" 52 43 52 54 58 62 279 137 179 190 190 186 196 190 175 177 175 169 168 169
"91" 153 47 98 97 98 160 220 187 188 189 195 187 197 189 181 175 173 170 171 172
"92" 537 136 297 140 158 161 420 176 181 181 184 180 184 181 175 175 174 173 173 173
"93" 304 53 909 957 957 156 237 184 195 196 197 188 195 186 168 169 167 164 164 164
"94" 78 31 52 79 82 101 116 164 175 176 176 175 184 177 168 167 166 165 164 165
"95" 62 139 957 957 957 957 328 190 201 201 201 180 194 175 168 169 168 169 169 169
"96" 65 51 72 76 80 294 245 184 189 190 192 188 194 190 188 185 183 177 177 178
"97" 48 42 55 74 140 131 399 171 178 182 182 176 182 175 114 148 116 86 85 87
"98" 120 128 177 265 238 254 200 174 177 179 186 176 185 179 176 174 170 167 167 167
"99" 132 74 957 957 957 679 362 179 191 197 199 194 198 188 129 140 132 105 108 109
"100" 54 46 59 148 152 184 258 171 186 187 189 180 191 178 170 169 166 165 165 166
"101" 173 711 288 957 957 298 228 167 176 180 183 176 182 170 159 163 164 150 159 160
"102" 105 40 92 114 126 193 292 200 213 217 234 209 218 203 178 186 176 171 171 172
"103" 128 73 165 174 166 957 480 165 178 189 192 181 185 182 165 116 144 163 163 163
"104" 52 40 54 59 92 114 277 164 166 166 169 166 168 168 163 163 163 162 162 162
"105" 200 52 79 202 207 181 136 129 166 170 174 173 173 166 122 123 131 137 128 129
"106" 137 260 251 265 362 247 214 184 209 222 207 196 193 187 133 154 144 160 166 167
"107" 65 38 46 74 70 76 106 189 203 205 198 194 202 184 127 143 136 116 120 121
"108" 44 36 47 49 50 58 62 175 176 176 180 175 182 176 171 172 171 143 164 168
"109" 147 357 616 957 302 302 275 175 177 179 195 181 197 182 176 175 173 170 170 170
"110" 457 42 79 240 83 83 73 165 171 178 179 170 183 170 151 162 162 162 161 162
"111" 114 496 596 711 718 714 244 210 211 211 211 206 210 178 140 159 155 158 159 160
"112" 106 103 381 423 432 480 220 175 176 176 177 175 173 169 101 114 114 132 143 145
"113" 226 53 241 715 718 736 236 176 177 178 178 176 181 174 166 166 164 164 164 164
"114" 50 51 957 957 957 957 212 178 179 179 179 177 179 178 162 163 162 169 168 169
"115" 35 36 45 124 109 100 109 144 169 173 177 174 185 172 150 166 165 155 146 153
"116" 146 80 112 121 124 138 154 183 187 191 192 189 193 187 181 181 182 181 181 181
"117" 86 48 78 85 88 104 138 177 189 190 214 201 218 182 175 175 173 171 172 173
"118" 60 57 89 113 116 126 130 174 179 179 178 175 175 172 127 140 126 101 103 104
"119" 76 34 305 353 325 330 270 188 190 190 201 189 203 191 172 175 173 173 172 173
"120" 109 103 154 957 957 401 333 197 208 209 209 199 209 189 155 157 157 137 142 142
"121" 141 48 65 102 105 111 119 170 175 181 188 186 199 187 169 171 171 170 170 170
"122" 133 72 166 158 121 118 67 175 194 194 195 188 195 183 92 110 112 92 94 95
"123" 61 47 60 87 91 97 110 185 204 207 204 191 192 185 177 178 175 164 165 166
"124" 65 53 65 60 67 402 372 179 193 195 198 192 198 175 118 134 140 130 131 134
"125" 367 865 957 880 847 845 286 170 174 176 197 191 195 182 169 169 169 167 167 167
"126" 42 32 43 59 85 94 120 173 185 186 187 184 192 184 174 171 168 167 167 167
"127" 111 75 104 112 180 957 268 169 185 186 187 186 186 173 115 117 124 130 134 138
"128" 44 40 53 57 56 140 254 183 219 227 232 201 216 190 152 168 158 148 149 149
"129" 97 135 272 550 260 268 230 171 176 183 189 172 186 175 169 168 166 166 166 166
"130" 606 58 106 957 957 637 239 183 191 195 195 185 200 187 183 184 180 174 175 175
"131" 83 60 83 310 282 291 234 181 185 192 195 189 193 188 172 172 171 172 172 173
"132" 80 74 82 84 87 85 86 167 204 216 211 203 202 198 140 86 87 96 99 103
"133" 60 38 66 70 76 78 103 179 185 186 189 188 189 185 174 171 168 166 167 167
"134" 369 51 895 957 957 957 957 153 167 169 173 172 175 170 165 147 145 137 135 137
"135" 142 63 114 119 117 128 159 181 193 194 197 182 181 176 148 163 157 162 162 164
"136" 549 563 957 957 957 957 288 183 191 203 259 190 191 185 173 166 164 165 166 167
"137" 184 61 83 957 336 316 273 197 223 224 238 214 213 199 187 189 184 183 183 184
"138" 113 74 100 112 119 134 212 173 178 177 201 178 191 173 166 166 166 166 166 166
"139" 118 34 727 957 957 957 275 175 181 182 181 178 179 176 154 142 138 164 168 169
"140" 96 52 105 110 112 115 124 170 172 176 178 176 178 176 133 165 155 133 133 137
"141" 67 48 64 67 65 67 67 174 177 179 179 177 179 174 130 163 153 125 124 125
"142" 284 957 957 957 224 224 131 95 112 163 164 165 171 165 101 108 105 93 92 93
"143" 102 68 477 957 365 350 289 179 186 198 199 188 193 185 171 171 169 169 171 172
"144" 98 95 125 131 130 148 160 185 200 201 204 200 208 199 177 172 173 170 170 171
"145" 466 775 957 957 957 407 276 200 215 216 217 216 218 215 173 175 174 170 173 173
"146" 56 43 58 66 65 184 230 164 167 180 169 165 169 167 162 164 163 163 163 163
"147" 166 28 221 884 844 882 222 207 210 212 210 190 189 186 171 171 152 147 149 151
"148" 65 39 57 65 103 110 98 183 196 196 189 184 186 180 91 98 100 93 96 97
"149" 181 34 44 72 68 88 341 173 184 187 207 188 209 184 174 179 170 166 165 166
"150" 102 104 180 648 179 312 292 178 193 194 195 194 197 194 188 188 182 178 177 177
"151" 57 43 70 78 79 133 123 105 166 170 175 175 176 172 129 140 126 86 85 86
"152" 82 45 206 217 220 222 207 167 174 186 189 176 179 173 166 161 158 161 162 163
"153" 67 38 58 86 93 109 125 191 208 223 229 195 229 193 171 171 170 172 173 173
"154" 83 426 441 548 307 282 255 168 174 179 194 177 185 173 167 166 165 166 166 166
"155" 82 33 120 143 139 126 127 182 194 205 204 195 203 190 180 178 164 146 147 147
"156" 81 63 81 83 81 84 103 194 200 201 201 192 193 184 165 156 165 160 164 165
"157" 218 232 239 240 243 246 164 93 168 169 170 169 169 158 96 100 99 95 92 94
"158" 133 505 505 957 497 424 321 179 215 220 219 193 192 190 144 165 149 148 150 152
"159" 51 55 88 92 96 957 370 187 209 209 213 192 211 190 175 172 171 171 171 171
"160" 108 81 95 102 109 360 297 196 205 205 210 196 204 165 113 123 110 94 97 100
"161" 136 89 115 957 664 661 468 168 181 186 186 184 186 178 119 118 112 119 115 117
"162" 23 19 725 957 957 332 262 168 185 187 189 193 200 187 153 165 162 165 164 165
"163" 326 52 957 957 91 413 318 179 192 196 222 190 210 189 159 178 171 169 170 170
"164" 58 37 55 54 146 143 382 160 181 182 187 188 198 187 109 127 138 127 124 127
"165" 44 26 46 52 57 71 81 178 181 185 186 184 187 179 171 174 174 170 170 170
"166" 180 160 625 957 290 286 238 176 181 181 182 182 185 181 162 169 165 165 165 168
"167" 287 171 729 957 957 957 250 177 179 179 179 178 182 174 164 163 163 163 164 164
"168" 185 177 249 957 726 379 235 187 199 199 200 196 200 193 188 186 184 172 172 173
"169" 192 43 58 248 957 957 247 172 174 175 175 174 175 174 173 170 168 168 168 168
"170" 117 47 101 112 116 131 209 173 195 195 196 193 197 191 173 179 173 171 171 171
"171" 54 175 173 177 957 957 385 163 175 187 186 171 172 165 143 146 146 146 149 153
"172" 142 60 77 80 94 110 125 189 205 216 227 207 228 198 171 171 167 146 149 152
"173" 168 50 102 123 129 124 132 183 191 190 192 185 192 179 84 114 113 84 89 92
"174" 289 41 313 335 363 390 423 158 180 185 192 186 204 182 129 160 154 144 141 144
"175" 234 43 60 56 62 62 235 177 192 193 193 189 190 176 165 168 167 167 168 168
"176" 79 426 441 480 450 355 192 172 188 188 187 174 172 165 92 102 110 115 115 118
"177" 79 55 80 112 113 182 230 187 188 198 200 191 197 186 166 167 169 168 169 169
"178" 348 59 355 957 957 957 380 181 196 197 197 183 183 180 167 168 167 167 167 167
"179" 398 72 626 648 957 346 304 177 183 186 187 182 186 179 130 167 167 167 168 169
"180" 490 57 74 925 247 233 210 171 181 182 185 180 182 181 175 170 168 169 169 169
"181" 122 68 86 85 90 100 87 167 176 177 184 176 187 176 164 166 162 163 164 164
"182" 94 248 210 254 234 240 232 197 202 201 203 199 203 200 192 188 181 151 162 164
"183" 67 76 150 160 155 148 138 184 186 187 184 182 186 170 88 123 121 106 109 111
"184" 85 40 64 468 158 224 308 187 204 205 206 204 207 198 186 185 177 172 172 173
"185" 45 40 50 53 330 332 276 166 179 193 195 192 194 183 127 129 130 124 123 127
"186" 67 62 75 123 125 120 141 180 181 182 184 181 186 184 155 165 161 168 169 170
"187" 184 69 107 138 133 125 144 170 178 179 182 178 184 169 123 128 132 130 132 132
"188" 191 309 330 353 339 216 176 172 179 180 179 177 178 175 150 155 157 166 163 165
"189" 137 135 166 165 166 158 165 172 193 196 195 195 206 193 82 119 128 114 113 117
"190" 209 76 117 453 363 352 198 182 190 192 194 186 184 180 165 165 165 167 167 168
"191" 289 289 957 957 474 368 353 168 194 206 193 177 185 176 142 134 137 128 128 131
"192" 213 47 313 579 348 320 285 184 196 197 197 184 188 183 155 173 162 121 135 148
"193" 166 176 193 202 210 211 266 146 168 168 169 168 180 164 77 104 105 96 99 101
"194" 42 35 43 45 46 52 72 165 172 173 173 172 177 174 167 167 166 167 166 166
"195" 50 44 90 98 106 279 249 159 175 175 178 177 182 171 126 122 123 125 123 125
"196" 141 60 121 130 141 158 254 174 182 180 180 172 175 171 167 168 166 167 167 168
"197" 132 43 218 226 222 223 196 168 179 179 181 174 186 179 171 170 168 167 167 168
"198" 265 52 266 289 294 291 259 167 169 169 169 168 169 168 145 163 153 121 137 143
"199" 297 957 957 957 957 957 325 165 172 172 172 173 176 177 171 169 166 156 137 155
"200" 82 158 170 224 220 225 233 173 176 177 182 176 175 172 162 161 163 164 164 164
"201" 113 43 110 113 135 315 257 167 179 184 187 180 188 180 153 165 165 165 165 166
"202" 455 134 207 252 151 154 207 163 168 176 178 171 171 169 134 157 158 162 162 162
"203" 87 57 84 122 292 302 113 171 189 197 223 184 189 172 146 129 127 115 117 119
"204" 65 50 78 85 85 91 136 171 177 179 184 181 206 184 172 171 171 171 171 171
"205" 64 64 354 138 135 115 135 175 203 204 204 204 209 202 176 178 177 175 175 175
"206" 69 40 77 93 99 129 148 176 201 214 221 201 216 196 182 181 178 174 174 175
"207" 62 46 56 79 87 99 186 165 167 170 172 170 176 171 164 164 164 164 164 164
"208" 116 93 137 140 351 338 233 172 173 173 186 174 178 169 135 149 151 162 162 163
"209" 93 47 506 957 506 499 269 189 196 209 214 193 191 175 138 139 122 133 137 138
"210" 99 392 410 424 426 866 252 169 179 180 187 178 183 177 166 164 164 163 163 164
"211" 127 135 346 367 346 345 317 177 185 187 189 187 190 187 125 170 173 171 170 172
"212" 50 42 58 60 61 70 113 193 194 195 196 194 207 193 82 80 89 95 101 103
"213" 259 54 115 71 58 93 109 167 180 188 189 179 190 184 174 178 176 170 169 169
"214" 58 37 49 79 90 105 121 173 176 181 181 174 179 173 133 164 152 163 163 165
"215" 69 340 401 399 400 405 292 129 185 185 185 175 178 176 164 171 160 130 128 130
"216" 63 53 165 163 61 179 187 171 174 174 176 175 189 175 171 171 170 161 162 165
"217" 246 69 269 299 283 276 267 177 214 226 216 204 250 194 151 163 158 158 160 162
"218" 48 39 54 59 62 73 83 170 173 173 176 174 184 174 159 169 166 164 164 164
"219" 48 38 50 50 56 67 81 125 177 177 180 181 186 173 120 120 123 104 103 105
"220" 136 64 92 134 138 138 134 154 183 184 190 184 187 176 132 144 140 124 123 127
"221" 86 51 465 477 485 483 228 161 166 167 169 168 170 161 98 100 100 104 104 108
"222" 43 42 54 60 65 77 86 186 189 190 191 187 188 184 170 170 168 164 165 165
"223" 192 74 91 90 90 126 128 170 177 194 193 187 190 183 156 158 160 169 168 169
"224" 93 43 53 67 70 65 72 179 190 191 190 183 185 183 180 183 175 172 173 173
"225" 69 56 67 96 102 419 339 226 248 263 261 228 244 213 172 172 169 167 167 168
"226" 44 37 335 481 446 264 260 181 192 196 196 182 192 181 155 166 152 169 175 175
"227" 67 44 68 74 77 109 176 166 178 179 180 169 172 168 161 164 160 156 160 160
"228" 59 39 53 60 64 72 165 193 209 210 210 208 207 194 177 177 175 164 165 166
"229" 327 45 222 277 248 241 207 166 171 175 182 182 187 184 171 170 169 168 166 167
"230" 217 52 220 353 289 287 190 180 185 197 186 185 186 184 178 175 174 175 175 175
"231" 43 38 53 55 259 265 241 188 201 202 200 186 200 186 172 178 171 167 168 169
"232" 64 58 88 92 98 98 115 166 172 186 191 186 186 171 159 163 157 148 148 150
"233" 138 44 78 84 98 97 123 134 172 173 173 174 178 173 138 129 129 130 129 130
"234" 47 38 54 61 98 106 132 183 204 216 208 192 206 193 178 181 177 172 172 173
"235" 150 288 294 300 622 338 321 173 177 178 178 177 176 171 163 163 163 164 164 164
"236" 117 40 93 109 115 118 154 176 192 195 202 192 193 175 81 91 98 95 97 98
"237" 77 41 65 78 86 92 128 185 199 200 214 199 201 189 162 155 144 141 154 157
"238" 57 57 70 77 96 146 148 141 163 164 163 167 173 159 124 137 131 116 116 118
"239" 96 64 98 104 109 194 223 181 182 183 182 176 179 176 172 169 168 166 166 166
"240" 96 263 286 369 365 289 276 163 164 173 174 171 173 166 162 163 160 141 140 141
"241" 96 30 66 83 83 106 214 187 189 193 194 187 192 190 186 186 181 177 179 180
"242" 389 352 353 957 354 356 299 180 192 232 194 191 196 190 168 178 140 105 107 109
"243" 114 53 71 75 75 957 439 177 213 218 280 213 220 197 161 161 153 152 151 152
"244" 310 546 563 582 595 607 381 177 189 192 194 190 193 187 172 173 172 173 173 173
"245" 57 44 59 66 69 112 643 175 184 185 204 185 187 184 174 174 172 168 168 168
"246" 132 38 448 472 456 151 377 197 224 221 210 201 210 201 179 180 177 171 171 171
"247" 96 90 144 136 129 133 142 171 184 198 198 189 202 182 114 125 121 110 114 116
"248" 275 281 289 957 957 957 242 221 233 233 234 228 233 226 174 176 176 174 174 175
"249" 62 49 63 66 69 79 334 189 252 261 250 204 200 188 180 177 164 164 165 167
"250" 53 46 64 70 74 90 102 181 185 186 194 188 193 186 174 180 179 175 174 174
"251" 280 56 226 306 308 309 192 166 170 171 184 180 181 167 144 146 151 158 156 158
"252" 256 129 827 841 434 427 190 184 189 199 195 184 184 181 173 175 169 99 111 126
"253" 381 535 826 312 312 311 281 184 192 193 195 186 187 185 173 176 173 169 169 170
"254" 163 957 244 249 236 224 211 167 173 173 173 172 180 173 168 171 169 169 168 169
"255" 58 47 64 85 89 95 252 88 171 171 172 171 178 173 142 163 162 148 143 146
"256" 94 33 87 100 96 93 101 166 170 169 171 168 171 170 164 165 164 165 165 165
"257" 118 93 115 113 116 127 153 176 179 193 205 184 189 176 168 168 165 162 161 163
"258" 244 76 455 495 494 476 352 171 179 187 201 194 199 182 154 134 138 143 148 149
"259" 160 165 774 957 184 957 266 174 188 190 191 189 194 183 173 172 169 169 169 169
"260" 168 314 318 316 318 327 248 190 214 232 214 197 198 191 176 175 168 172 173 174
"261" 102 109 165 186 451 957 222 164 174 174 171 167 173 168 162 163 161 161 161 161
"262" 111 108 132 143 142 146 222 169 177 178 176 169 176 170 165 167 164 149 156 161
"263" 228 166 957 957 330 318 182 183 196 197 196 184 192 183 175 173 171 164 164 165
"264" 146 469 318 479 344 312 307 178 198 199 206 198 199 189 140 172 157 143 147 151
"265" 163 75 510 913 957 372 250 182 196 198 196 184 198 174 141 147 147 145 147 150
"266" 90 41 78 94 258 240 220 182 190 192 197 192 190 183 168 172 165 164 165 165
"267" 40 39 318 445 277 273 255 179 189 190 196 188 195 182 171 173 172 170 170 170
"268" 133 146 226 228 226 226 221 172 186 187 192 187 194 181 150 166 164 164 151 164
"269" 56 42 56 72 75 77 478 180 194 208 207 195 200 191 180 181 179 173 173 173
"270" 61 40 49 77 85 309 311 182 191 191 191 187 197 184 165 171 170 171 171 171
"271" 390 43 397 957 393 394 302 200 244 246 250 231 245 209 194 189 189 189 189 189
"272" 162 554 319 585 585 329 301 195 205 218 223 199 201 193 147 165 165 165 166 166
"273" 124 66 603 612 610 332 301 189 192 201 216 205 191 180 153 160 161 162 162 162
"274" 154 138 173 180 180 163 174 166 189 189 190 183 190 181 140 169 165 165 163 164
"275" 139 186 216 957 354 347 213 167 189 189 190 174 175 166 162 163 161 160 161 162
"276" 105 113 124 132 957 316 217 177 181 182 189 182 194 181 171 172 170 170 170 170
"277" 153 134 160 178 174 173 363 31 175 176 205 201 208 199 115 111 152 151 122 127
"278" 45 46 81 90 241 264 243 184 201 213 224 209 210 201 116 172 173 173 173 174
"279" 103 96 145 151 713 957 271 178 210 211 210 195 198 177 172 171 169 148 148 150
"280" 57 53 77 89 105 264 261 175 179 180 180 175 179 176 173 174 172 135 152 158
"281" 47 58 97 626 106 677 316 192 197 220 216 193 197 192 163 170 167 166 165 166
"282" 108 46 85 81 88 109 115 172 179 185 189 180 192 179 120 136 145 145 152 154
"283" 62 52 67 76 80 107 209 178 181 181 182 177 180 178 170 173 170 167 168 168
"284" 83 49 723 729 759 360 284 170 207 208 217 208 219 217 201 179 170 166 166 166
"285" 64 41 62 74 77 86 215 172 176 177 175 171 179 175 169 171 166 166 165 165
"286" 42 34 60 69 87 92 109 171 173 173 181 174 182 181 175 174 171 171 171 171
"287" 97 52 103 103 114 151 203 177 179 179 184 179 179 178 156 164 164 163 162 163
"288" 277 280 292 307 297 270 249 169 184 196 198 181 184 174 164 165 164 162 161 164
"289" 85 54 111 109 108 132 235 172 183 193 205 190 194 188 172 156 147 164 164 164
"290" 60 53 68 100 100 323 270 166 210 211 211 180 203 173 165 165 164 164 164 164
"291" 43 35 43 321 301 322 260 168 175 177 253 211 249 175 163 166 160 160 159 163
"292" 223 96 266 276 280 370 277 167 174 181 183 176 194 175 167 167 163 165 165 165
"293" 60 44 59 65 66 75 110 164 168 179 194 181 186 177 168 170 168 165 165 165
"294" 107 32 76 84 87 104 269 170 182 182 181 174 189 180 170 173 170 168 168 168
"295" 103 82 227 232 242 231 235 169 174 186 194 191 200 191 172 172 168 136 136 142
"296" 45 45 224 299 258 258 244 194 213 222 243 212 199 180 137 162 159 167 168 168
"297" 130 809 824 957 957 267 242 170 180 180 181 179 184 180 171 170 168 167 167 167
"298" 66 49 72 79 72 111 125 181 195 197 199 194 200 184 132 168 156 132 135 139
"299" 66 46 64 335 334 334 327 168 170 179 180 171 229 173 168 167 164 164 164 164
"300" 91 103 114 115 136 149 315 174 186 189 192 190 231 193 145 148 151 159 162 165
"301" 322 46 83 342 317 109 268 166 178 179 184 174 182 167 131 140 127 129 129 132
"302" 65 59 77 182 156 153 159 178 186 187 192 186 189 186 171 176 170 165 165 165
"303" 268 207 201 292 203 202 202 176 191 195 201 179 192 177 170 170 165 163 164 165
"304" 42 41 64 102 100 123 155 176 184 192 196 183 189 179 155 162 157 157 156 158
"305" 53 41 55 57 55 68 130 169 174 178 183 179 184 179 167 171 169 167 167 167
"306" 76 53 87 91 94 89 390 177 189 190 190 178 189 176 167 170 166 144 143 147
"307" 177 38 74 957 957 957 358 190 195 195 202 188 194 190 178 170 158 116 135 137
"308" 214 38 230 241 256 247 238 169 181 182 184 180 178 175 167 167 163 154 153 156
"309" 66 642 957 957 957 316 199 169 170 170 171 170 172 169 79 99 104 90 90 95
"310" 227 52 71 594 226 227 162 191 197 197 196 195 200 191 117 114 122 109 111 114
"311" 268 623 245 289 229 219 208 174 187 189 193 183 190 183 173 172 171 167 167 167
"312" 511 84 516 940 102 260 241 175 181 181 185 184 190 185 177 175 174 174 174 174
"313" 68 41 63 75 85 93 287 168 175 186 188 182 189 178 170 169 168 167 167 167
"314" 235 39 108 957 957 957 251 177 206 213 217 204 209 192 166 165 165 164 165 165
"315" 257 74 209 383 306 213 208 172 180 181 194 175 193 177 150 167 165 165 165 166
"316" 150 47 65 957 957 377 265 187 201 228 223 192 198 190 123 146 151 165 165 166
"317" 93 202 399 957 395 386 171 169 197 206 205 192 193 184 124 137 154 123 124 128
"318" 189 42 61 359 336 335 289 164 211 214 249 213 214 209 173 164 160 164 163 164
"319" 91 77 96 101 88 108 327 173 192 193 194 192 201 193 168 184 172 182 180 181
"320" 284 64 305 130 93 73 81 103 175 186 184 174 177 158 101 105 102 80 80 81
"321" 107 55 142 150 152 170 254 205 211 212 226 204 206 200 189 191 185 177 177 178
"322" 53 43 676 680 678 165 257 113 181 190 198 187 197 186 131 141 142 156 148 149
"323" 79 25 60 73 75 80 99 191 219 216 218 185 179 177 172 168 165 164 165 165
"324" 73 49 62 76 78 87 104 172 175 176 178 174 177 175 167 170 166 165 165 166
"325" 94 42 69 77 71 96 274 177 190 190 192 187 192 183 145 171 163 146 155 156
"326" 170 179 810 824 827 847 218 176 185 185 187 184 184 178 161 161 165 168 168 168
"327" 312 852 225 957 233 234 233 188 203 207 202 185 190 179 172 174 172 168 169 170
"328" 73 43 57 65 65 78 90 164 183 184 186 182 188 185 170 171 170 167 167 167
"329" 60 40 73 60 68 79 95 227 230 250 252 228 225 193 169 171 171 169 169 170
"330" 85 84 101 113 121 957 403 181 183 186 195 184 212 190 170 171 170 167 167 167
"331" 90 72 94 90 90 93 308 181 194 198 199 189 203 200 180 182 180 176 175 176
"332" 93 38 281 282 285 276 276 190 196 195 196 196 198 191 165 166 167 168 168 169
"333" 75 43 73 81 83 100 146 172 175 176 178 175 178 176 164 168 167 163 163 163
"334" 45 39 50 56 60 94 177 169 175 184 188 184 189 184 172 175 171 158 157 158
"335" 66 41 67 68 329 313 232 188 204 204 204 191 193 179 169 168 166 166 165 166
"336" 294 119 303 352 343 319 282 185 199 203 212 199 214 195 168 168 168 167 167 167
"337" 403 738 326 957 359 325 253 173 192 196 184 174 179 173 167 166 164 164 164 164
"338" 129 447 413 449 411 338 328 168 183 195 233 187 196 182 167 168 168 167 167 167
"339" 296 55 298 322 313 262 246 169 171 174 176 176 177 173 116 135 136 118 116 117
"340" 67 113 121 119 121 124 233 200 206 207 207 197 199 175 142 139 133 113 123 125
"341" 54 46 57 84 61 97 103 185 186 186 183 181 183 178 109 91 110 109 112 113
"342" 129 126 237 499 274 277 205 172 179 180 179 179 185 175 170 170 161 129 130 131
"343" 35 30 39 45 49 123 166 189 190 191 192 190 190 184 161 163 163 163 164 164
"344" 114 119 265 257 255 226 210 200 203 204 206 203 209 200 189 190 186 185 185 185
"345" 46 38 48 52 52 64 82 192 193 195 197 193 195 193 176 181 179 181 181 182
"346" 29 28 35 38 40 46 60 165 186 192 206 190 203 186 165 165 165 164 164 164
"347" 65 66 84 91 87 94 115 183 190 191 194 190 194 189 180 181 180 172 172 173
"348" 59 68 75 70 71 74 306 175 184 186 188 186 187 185 176 175 173 167 167 167
"349" 108 35 65 103 106 131 175 177 208 209 209 207 199 185 136 143 143 135 137 139
"350" 83 42 77 83 957 957 308 182 187 187 192 185 191 187 186 186 184 179 178 178
"351" 76 47 70 87 99 266 244 190 195 196 200 191 201 192 166 171 169 166 166 167
"352" 108 43 336 353 348 347 199 172 175 177 179 178 178 173 143 131 135 146 150 152
"353" 114 339 307 326 304 286 137 165 178 178 168 167 165 148 86 91 93 94 94 95
"354" 71 78 100 121 121 138 231 183 189 189 188 187 197 189 172 179 175 165 166 167
"355" 100 61 957 957 957 217 213 169 179 180 180 180 180 177 169 167 167 167 167 167
"356" 87 48 83 95 102 244 220 174 180 183 185 184 190 184 173 173 173 172 172 173
"357" 84 53 467 498 466 367 346 177 182 182 185 182 185 178 150 144 139 137 137 138
"358" 39 31 44 48 55 62 352 178 179 184 190 179 190 180 176 176 176 171 171 171
"359" 84 220 216 233 227 233 233 176 204 213 213 189 180 175 169 169 166 166 166 166
"360" 95 44 70 71 106 113 144 196 211 214 206 200 203 194 176 181 176 172 173 174
"361" 95 37 957 957 957 253 217 179 181 185 184 184 187 184 180 126 149 143 142 145
"362" 72 39 48 76 92 104 300 178 186 186 188 185 188 186 176 177 172 154 156 157
"363" 80 172 260 274 275 271 182 168 175 177 176 173 171 158 108 112 115 122 122 123
"364" 81 55 82 95 110 218 239 183 194 195 194 189 189 183 147 128 132 146 156 159
"365" 34 28 49 51 49 343 250 188 190 190 190 189 189 182 141 171 141 112 128 132
"366" 54 66 92 109 88 137 280 192 209 219 220 209 208 197 146 170 159 147 148 150
"367" 75 52 70 76 138 131 102 166 172 173 173 174 175 169 101 114 113 98 98 99
"368" 181 308 295 329 291 291 210 176 178 178 178 176 180 176 175 174 172 171 171 171
"369" 265 50 561 585 598 635 346 175 186 187 189 185 188 176 166 164 164 167 167 168
"370" 88 73 94 102 117 118 148 169 173 175 178 175 184 175 169 168 168 166 166 167
"371" 339 957 957 957 957 271 235 172 174 187 188 172 174 173 171 170 156 161 161 163
"372" 49 47 57 66 78 95 115 176 188 196 199 180 186 178 174 173 171 154 155 165
"373" 382 382 442 466 267 239 218 170 174 176 175 173 173 169 114 129 128 121 120 120
"374" 62 44 64 73 71 80 87 163 174 174 177 172 178 164 128 140 133 110 111 113
"375" 192 38 200 957 361 354 315 203 224 224 227 198 195 184 178 179 177 174 177 177
"376" 102 211 233 262 238 242 238 179 186 193 194 181 186 182 174 174 168 166 166 166
"377" 337 52 526 562 562 566 320 178 198 198 199 184 184 179 171 171 155 164 157 162
"378" 125 66 92 100 118 118 138 131 164 186 191 182 194 166 100 136 119 97 97 99
"379" 38 32 39 47 126 131 132 210 217 257 258 217 226 204 146 148 162 156 157 159
"380" 69 36 59 80 81 86 104 186 193 193 193 193 211 193 170 176 166 141 139 141
"381" 89 40 90 232 561 231 198 207 232 251 256 207 202 186 151 155 151 150 154 155
"382" 61 48 67 296 276 262 244 172 175 178 194 191 192 177 163 164 163 162 162 162
"383" 196 47 217 957 295 300 250 171 173 174 179 173 191 172 119 155 125 112 116 116
"384" 50 37 110 126 128 136 231 152 181 182 184 183 188 182 162 166 165 162 161 161
"385" 105 53 88 92 95 103 212 164 173 177 177 175 179 177 172 173 173 171 170 170
"386" 594 957 957 957 357 333 230 188 193 197 195 189 191 186 136 149 149 162 170 171
"387" 54 50 273 957 310 218 209 169 173 174 175 176 185 178 170 172 170 170 169 170
"388" 194 52 77 75 76 80 141 189 198 209 210 195 196 181 139 165 164 150 157 158
"389" 294 123 957 957 957 957 291 171 187 188 189 177 188 175 162 166 165 164 164 164
"390" 416 386 206 889 206 208 205 189 197 198 198 188 191 182 115 167 140 130 133 138
"391" 71 56 69 74 79 88 124 174 183 185 199 182 185 183 166 165 164 166 166 166
"392" 69 67 316 360 361 285 268 167 173 174 177 174 176 168 121 119 122 154 158 158
"393" 329 48 403 727 377 367 293 185 197 196 195 192 200 190 182 182 181 169 169 169
"394" 80 52 65 68 70 77 152 181 190 190 191 186 185 178 169 160 159 157 158 158
"395" 38 39 50 58 62 67 77 163 174 174 179 174 180 175 163 162 161 162 161 162
"396" 221 224 224 239 236 223 221 171 184 202 201 190 188 183 153 164 160 149 143 149
"397" 50 572 505 584 583 481 360 243 270 275 273 236 210 201 184 184 175 171 176 177
"398" 88 76 102 102 107 114 117 198 203 203 209 202 214 201 177 180 179 177 178 178
"399" 90 651 291 295 295 307 270 174 181 182 190 181 181 174 147 155 149 144 145 146
"400" 186 198 249 254 260 248 225 173 194 196 212 192 193 184 169 169 166 169 169 169
"401" 106 408 421 939 320 319 206 180 198 199 198 195 197 182 139 151 147 141 140 141
"402" 66 56 71 957 957 957 286 172 202 209 210 202 211 183 152 167 143 120 123 127
"403" 91 103 140 136 142 158 340 174 184 190 224 187 209 176 162 166 166 166 166 166
"404" 157 162 199 211 239 243 239 164 175 177 179 177 179 168 160 161 161 146 144 146
"405" 81 79 90 107 107 131 270 178 189 190 190 187 190 186 166 174 165 113 117 120
"406" 108 44 188 433 957 130 119 165 181 183 183 179 181 171 105 118 108 105 105 106
"407" 71 52 67 162 160 211 209 171 177 180 181 179 181 179 170 169 168 168 168 168
"408" 76 46 64 339 326 332 323 166 182 194 193 178 189 179 164 140 139 137 138 140
"409" 59 53 65 86 69 72 122 168 178 179 180 178 179 175 164 118 122 153 152 153
"410" 114 111 217 957 309 293 211 169 172 175 177 175 179 176 164 166 166 165 165 165
"411" 67 56 65 74 74 91 123 184 185 185 187 186 188 185 180 175 173 171 172 172
"412" 46 36 50 68 75 118 209 180 184 184 185 184 185 182 145 162 167 162 167 167
"413" 66 56 77 76 73 78 84 168 180 186 187 182 188 182 129 143 139 122 123 123
"414" 170 124 172 195 201 197 313 171 193 194 201 189 192 176 164 168 168 169 169 169
"415" 204 202 203 206 209 458 287 156 178 181 181 178 182 176 165 156 144 164 161 162
"416" 197 36 957 957 957 957 219 164 173 179 180 179 180 170 112 140 137 144 148 151
"417" 81 65 78 86 83 90 120 182 194 194 195 192 196 193 187 190 188 178 178 179
"418" 179 183 197 228 231 233 232 186 189 191 191 187 187 182 174 172 156 128 131 134
"419" 169 37 383 957 337 297 269 178 192 199 201 188 180 175 167 167 157 118 121 124
"420" 537 37 800 957 957 369 220 176 182 182 185 178 180 174 116 137 136 141 149 153
"421" 45 46 59 71 445 442 350 170 181 181 182 171 178 179 171 169 164 164 164 164
"422" 401 87 957 957 333 279 259 188 193 202 202 189 192 190 179 179 177 172 174 175
"423" 467 64 672 744 751 333 257 174 177 181 182 181 188 183 176 178 175 174 174 174
"424" 89 48 346 370 368 313 239 182 196 195 198 191 191 174 140 140 142 153 155 157
"425" 67 48 89 91 84 89 97 178 182 187 185 179 184 175 164 165 162 137 138 138
"426" 88 67 84 87 88 85 103 168 175 178 179 173 176 171 124 130 121 106 104 107
"427" 141 98 957 957 957 341 313 176 184 195 207 184 196 193 182 177 175 172 172 172
"428" 44 40 50 155 160 263 262 187 193 193 194 186 191 184 160 164 160 139 147 149
"429" 73 68 98 211 149 151 157 171 175 178 179 174 176 172 169 169 169 168 169 169
"430" 153 75 361 179 168 298 263 201 224 226 238 226 231 197 165 167 168 169 170 171
"431" 662 64 351 419 352 335 236 186 192 192 193 190 193 182 166 167 150 165 166 167
"432" 177 177 957 957 957 219 215 191 195 203 197 193 194 191 185 186 185 175 176 177
"433" 102 89 108 684 687 567 529 181 183 185 185 185 242 187 178 179 175 97 102 104
"434" 49 39 48 59 61 68 82 171 172 173 175 172 177 171 134 155 150 133 139 140
"435" 147 133 187 285 286 136 134 163 179 189 187 182 183 180 91 109 112 92 89 93
"436" 32 34 109 116 117 120 162 188 203 203 238 200 203 191 148 154 154 168 167 168
"437" 581 387 321 387 368 362 313 182 189 197 200 196 191 185 163 164 164 165 166 167
"438" 88 37 80 84 85 93 114 179 183 185 191 188 192 183 179 178 170 154 161 163
"439" 51 42 55 51 53 67 97 165 193 223 232 194 201 188 159 166 166 161 159 161
"440" 58 38 48 54 60 75 88 190 201 201 202 199 201 182 169 171 170 168 169 169
"441" 32 30 51 53 42 51 87 179 185 186 193 179 181 179 165 167 166 164 165 165
"442" 61 44 58 66 68 79 185 168 182 183 186 182 184 173 114 161 157 108 114 115
"443" 43 40 48 762 269 268 265 189 207 217 218 204 205 203 191 183 175 171 171 172
"444" 55 43 54 54 55 88 289 183 225 226 240 185 229 183 167 172 168 154 162 165
"445" 215 42 355 403 360 340 287 233 243 245 256 243 238 232 192 197 192 172 172 173
"446" 68 43 58 61 57 59 72 145 175 175 177 176 177 175 111 103 118 160 141 150
"447" 391 167 331 957 317 310 222 178 180 181 183 180 184 179 159 170 168 151 153 158
"448" 73 80 192 207 218 220 211 175 177 180 181 177 178 173 84 134 137 146 142 146
"449" 43 43 53 58 55 63 141 182 213 216 217 204 218 192 140 150 149 118 128 133
"450" 132 89 276 300 281 280 144 185 193 196 205 188 200 190 181 178 168 157 159 161
"451" 73 37 187 196 226 231 222 170 172 172 189 171 171 168 87 104 109 104 103 105
"452" 58 93 125 205 211 395 270 201 208 209 210 207 210 202 94 153 130 104 104 106
"453" 78 51 110 114 117 138 213 175 183 184 187 183 182 177 131 165 164 165 164 165
"454" 280 39 585 957 957 432 236 170 175 175 182 181 184 175 162 165 164 165 164 165
"455" 107 57 92 105 108 221 231 169 170 177 183 171 183 176 168 168 166 165 165 165
"456" 105 111 135 262 265 267 261 171 210 211 211 187 210 180 165 166 165 164 164 165
"457" 182 38 220 228 276 180 188 157 197 202 197 169 201 173 158 159 150 124 122 124
"458" 53 60 73 73 88 91 95 175 177 178 178 175 175 174 110 113 119 130 135 138
"459" 55 43 96 156 161 261 206 167 183 186 192 183 192 184 167 168 166 165 164 164
"460" 186 38 184 155 158 156 166 179 181 182 184 181 188 180 159 171 170 158 159 161
"461" 77 71 91 76 95 308 293 174 176 181 182 175 189 181 172 173 172 153 161 164
"462" 53 34 46 55 57 66 218 185 191 192 203 186 213 195 179 179 173 173 173 173
"463" 55 35 55 70 117 121 137 177 181 183 185 183 185 180 161 171 171 172 172 172
"464" 61 46 57 71 78 92 222 175 188 191 194 188 193 189 175 177 171 170 170 170
"465" 71 55 280 350 333 320 312 182 218 239 251 199 257 183 133 152 150 151 152 155
"466" 40 36 54 49 45 51 57 184 205 206 206 189 207 184 177 174 177 176 177 177
"467" 125 108 132 137 135 136 149 113 196 198 197 190 196 175 103 126 113 88 87 89
"468" 53 46 91 98 100 442 338 174 176 181 184 185 193 180 161 166 165 164 164 165
"469" 345 349 348 361 293 290 156 181 187 187 188 185 185 173 107 120 112 99 99 100
"470" 117 88 114 125 126 134 144 169 185 200 200 185 201 176 166 167 165 154 156 157
"471" 156 247 257 307 260 309 258 189 204 204 195 189 189 181 65 117 125 151 164 165
"472" 107 55 262 957 957 957 260 174 191 205 205 179 193 176 161 168 167 151 157 159
"473" 87 186 200 266 270 280 225 182 193 194 195 192 196 181 125 132 146 144 156 156
"474" 61 73 92 92 101 115 125 177 201 201 207 198 195 187 176 176 175 164 164 165
"475" 64 53 69 76 72 78 107 179 185 186 185 184 194 174 123 131 130 124 125 126
"476" 174 253 293 314 307 318 285 181 198 219 230 219 225 193 165 166 165 166 166 166
"477" 109 66 89 92 89 86 87 171 200 214 182 179 196 175 78 105 108 95 98 100
"478" 247 57 88 296 287 292 283 165 170 170 172 171 175 171 165 162 161 163 163 163
"479" 124 35 288 292 290 289 270 172 213 221 223 210 203 196 156 171 169 163 164 165
"480" 209 600 656 656 658 327 283 170 176 181 182 181 182 175 143 153 137 138 142 144
"481" 55 42 58 71 73 75 95 192 193 194 197 192 195 193 180 176 173 169 167 169
"482" 280 288 259 442 257 252 249 191 200 211 213 199 198 191 166 166 135 137 137 139
"483" 274 298 259 281 261 245 244 172 177 177 179 179 211 179 156 166 159 161 160 163
"484" 369 361 342 348 312 346 312 188 204 206 222 203 209 202 183 187 184 183 183 183
"485" 181 47 83 147 145 196 192 174 176 177 180 176 177 174 91 86 92 114 128 132
"486" 68 70 90 100 99 108 119 175 197 199 199 197 198 193 115 133 158 165 163 164
"487" 89 53 82 85 83 82 103 170 177 179 178 178 181 175 134 139 133 113 114 115
"488" 141 124 147 153 149 173 302 184 212 219 218 208 217 211 199 200 190 182 181 182
"489" 105 44 124 135 136 139 154 186 190 190 192 190 193 188 134 171 171 171 171 171
"490" 139 43 54 58 112 130 199 191 207 207 206 189 192 186 182 181 170 176 180 180
"491" 88 70 87 92 94 275 235 175 204 206 210 185 198 184 161 161 161 161 162 162
"492" 320 50 489 957 650 643 384 186 192 191 192 186 193 186 166 169 168 164 165 165
"493" 87 139 163 164 162 871 219 176 179 181 195 183 195 181 107 153 168 171 171 172
"494" 213 105 303 320 322 319 275 177 197 199 203 196 198 192 178 177 173 173 173 173
"495" 88 48 82 90 92 95 94 90 176 177 181 175 178 172 107 114 113 85 81 84
"496" 56 46 58 71 69 128 134 178 200 202 202 186 200 183 176 174 170 155 159 160
"497" 94 52 106 113 121 188 307 196 227 231 242 225 227 219 164 168 163 165 171 172
"498" 64 71 125 161 169 145 125 141 176 178 175 174 183 159 98 112 102 91 94 96
"499" 81 41 94 154 251 249 120 166 178 178 175 172 173 165 99 101 102 98 99 100
"500" 174 33 195 199 129 198 281 203 208 214 220 205 205 199 174 179 176 177 177 177
