"max_pca1" "max_pca2" "max_pca3" "max_pca5" "max_pca10" "max_pca20" "max_pca40" "min_pca1" "min_pca2" "min_pca3" "min_pca5" "min_pca10" "min_pca20" "min_pca40" "tpca0.8" "tpca0.9" "tpca0.95" "tpca0.99" "tpca0.995" "tpca0.999"
"1" 955 955 955 955 182 163 163 955 955 955 195 187 193 179 165 170 171 175 175 175
"2" 119 57 95 98 94 164 164 955 955 955 955 955 274 182 175 177 178 181 181 181
"3" 717 713 955 955 185 164 164 955 955 955 201 196 276 185 170 175 177 179 179 179
"4" 198 48 955 955 184 167 166 955 955 955 206 190 194 181 174 179 180 180 180 180
"5" 59 49 64 73 86 91 166 955 955 955 955 202 199 183 177 181 182 184 184 184
"6" 955 167 955 955 185 167 165 955 955 955 955 955 199 183 179 183 181 182 182 182
"7" 181 136 955 955 176 165 165 955 955 955 955 200 196 176 166 165 165 169 169 169
"8" 437 955 955 955 180 163 163 955 955 955 955 200 199 179 176 180 180 181 181 181
"9" 43 33 43 82 100 107 127 955 955 955 955 242 198 185 181 186 185 186 186 186
"10" 131 74 132 955 134 164 164 955 955 955 955 955 200 183 179 181 182 182 182 182
"11" 175 232 676 700 180 163 163 955 955 955 955 955 278 188 177 181 180 185 185 185
"12" 716 721 955 955 184 163 163 955 955 955 955 338 201 179 172 177 177 179 179 179
"13" 692 730 955 955 186 165 165 955 955 955 955 191 197 183 178 178 178 180 180 180
"14" 181 90 955 955 176 163 163 955 955 955 955 204 200 181 177 179 179 180 180 180
"15" 192 50 564 595 178 165 165 955 955 955 955 196 195 182 177 181 181 180 180 180
"16" 671 679 955 955 185 165 165 955 955 955 955 197 192 180 177 180 179 180 180 180
"17" 45 75 955 955 181 164 164 955 955 955 955 185 189 178 165 168 168 169 169 169
"18" 955 955 955 955 182 164 163 955 955 955 955 192 195 178 159 165 165 169 169 169
"19" 461 458 484 955 183 163 163 955 955 955 955 209 199 184 180 182 181 184 184 184
"20" 118 45 121 130 175 165 164 955 955 955 955 343 301 187 181 185 186 187 187 187
"21" 280 272 309 955 183 163 163 955 955 955 955 188 193 177 169 176 176 177 177 177
"22" 838 84 955 955 195 169 165 955 955 955 955 194 197 181 170 173 172 175 175 175
"23" 65 49 62 70 77 95 133 955 955 955 955 955 304 185 170 176 176 180 180 180
"24" 955 800 955 955 178 163 163 955 955 955 194 183 197 175 153 156 159 164 164 164
"25" 955 150 955 955 180 166 166 955 955 955 955 196 198 178 173 175 176 178 178 178
"26" 40 41 109 112 125 130 164 955 955 955 187 184 187 175 159 163 161 166 166 166
"27" 149 138 955 955 190 163 163 955 955 955 955 324 278 184 176 181 179 182 182 182
"28" 955 131 955 955 183 166 165 955 955 955 955 192 194 178 174 177 177 177 177 177
"29" 131 91 141 955 184 167 165 955 955 955 955 196 198 180 177 179 180 179 179 179
"30" 955 82 108 955 177 167 166 955 955 955 955 196 195 181 170 171 172 175 175 175
"31" 72 34 77 84 89 100 163 955 955 955 955 333 264 185 176 180 177 181 181 181
"32" 179 209 955 955 180 167 167 955 955 955 955 198 196 184 179 182 180 183 183 183
"33" 403 158 955 955 181 163 162 955 955 955 955 285 228 185 183 188 188 190 190 190
"34" 166 208 245 266 177 164 164 955 955 955 955 199 196 176 173 175 175 178 178 178
"35" 89 64 85 95 96 109 130 955 955 955 955 200 199 181 168 170 170 173 173 173
"36" 849 50 955 955 186 164 164 955 955 955 955 202 203 182 173 175 176 178 178 178
"37" 811 654 913 955 178 167 167 955 955 955 197 192 195 180 177 179 180 180 180 180
"38" 129 105 156 179 173 166 164 955 955 955 188 188 192 176 165 167 166 168 168 168
"39" 916 950 955 955 186 165 165 955 955 955 955 332 298 185 171 176 178 182 182 182
"40" 484 82 581 955 180 166 165 955 955 955 955 282 206 183 170 173 174 179 179 179
"41" 396 399 477 495 182 163 163 955 955 955 955 955 278 185 175 179 179 182 182 182
"42" 87 65 87 126 124 130 134 955 955 955 955 201 200 178 172 175 173 178 178 178
"43" 438 955 955 955 184 163 163 955 955 955 955 192 195 177 168 172 173 174 174 174
"44" 460 130 532 546 183 164 163 955 955 955 955 198 198 180 171 172 173 176 176 176
"45" 84 59 92 112 126 132 161 193 955 955 197 190 195 177 161 164 167 168 168 168
"46" 77 47 64 100 109 164 164 955 955 955 955 331 290 183 175 181 180 182 182 182
"47" 641 646 684 694 188 167 166 955 955 955 955 196 194 183 173 180 179 181 181 181
"48" 928 908 955 955 182 163 163 955 955 955 955 197 196 177 162 165 164 169 169 169
"49" 491 486 955 955 182 166 166 955 955 955 955 199 198 180 169 170 172 174 174 174
"50" 420 180 955 955 177 165 165 955 955 955 955 206 200 181 173 175 175 177 177 177
"51" 955 955 955 955 183 166 166 955 955 955 955 349 216 184 177 178 178 182 182 182
"52" 244 293 324 955 187 163 163 955 955 955 955 200 200 183 177 182 181 182 182 182
"53" 108 70 89 95 176 162 163 955 955 955 955 201 201 187 180 182 182 184 184 184
"54" 157 138 955 153 165 162 162 955 955 955 955 199 196 179 170 171 171 175 175 175
"55" 955 955 955 955 191 164 163 955 955 955 955 197 199 179 162 172 173 178 178 178
"56" 670 955 955 955 185 164 163 955 955 955 955 194 194 178 172 178 179 180 180 180
"57" 86 61 78 87 176 164 164 955 955 955 955 192 194 181 167 171 174 176 176 176
"58" 87 77 102 108 143 165 165 955 955 955 955 321 228 181 173 180 180 185 185 185
"59" 132 322 955 955 184 163 163 955 955 955 955 196 196 178 170 173 172 175 175 175
"60" 620 174 955 955 173 167 166 955 955 955 955 200 356 180 169 173 175 177 177 177
"61" 272 102 330 955 182 164 163 955 955 955 200 193 194 176 142 164 164 167 167 167
"62" 429 437 458 475 179 166 165 955 955 955 955 207 280 181 176 177 179 180 180 180
"63" 107 62 97 107 124 134 139 955 955 955 955 194 196 181 167 172 172 175 175 175
"64" 561 559 955 955 180 166 166 955 955 955 955 199 197 178 175 177 177 178 178 178
"65" 516 227 955 955 187 164 164 955 955 955 955 955 318 183 171 173 177 178 178 178
"66" 354 62 85 955 188 167 163 955 955 955 955 193 197 180 176 181 179 179 179 179
"67" 698 706 955 955 189 166 166 955 955 955 955 187 193 180 175 179 179 179 179 179
"68" 143 298 955 955 188 167 167 955 955 955 955 192 191 176 166 170 169 172 172 172
"69" 111 85 108 118 116 137 143 955 955 955 955 191 191 177 162 166 165 168 168 168
"70" 470 485 594 955 184 165 164 955 955 955 955 196 194 179 167 168 169 171 171 171
"71" 198 955 955 955 183 164 164 955 955 955 955 199 197 181 171 174 174 177 177 177
"72" 383 380 416 443 178 165 164 955 955 955 955 200 200 178 164 166 168 173 173 173
"73" 119 125 955 955 183 163 163 955 955 955 955 200 201 180 172 177 175 178 178 178
"74" 118 50 107 118 122 126 143 955 955 955 955 196 199 180 167 170 172 174 174 174
"75" 261 252 955 955 182 164 164 955 955 955 955 200 198 180 171 172 170 173 173 173
"76" 77 100 496 955 188 167 166 955 955 955 955 201 198 180 174 178 178 180 180 180
"77" 303 305 955 955 182 165 165 955 955 955 198 189 194 177 159 162 165 167 167 167
"78" 160 69 143 154 162 164 164 955 955 955 955 203 203 183 177 180 181 183 183 183
"79" 77 86 955 955 183 164 164 955 955 955 201 197 196 181 172 175 175 179 179 179
"80" 955 65 955 955 176 164 164 955 955 955 955 955 321 182 177 180 180 182 182 182
"81" 87 52 69 79 85 94 147 955 955 955 202 193 195 181 180 182 180 181 181 181
"82" 99 67 110 129 145 130 163 955 955 955 955 191 196 180 180 181 181 182 182 182
"83" 95 95 955 955 182 165 165 955 955 955 955 195 197 182 170 175 174 179 179 179
"84" 109 62 78 86 112 163 163 955 955 955 955 205 203 181 171 175 175 176 176 176
"85" 68 59 78 88 101 167 166 955 955 955 955 201 201 179 174 177 178 179 179 179
"86" 188 162 955 955 176 166 166 955 955 955 955 191 192 176 164 165 165 168 168 168
"87" 134 110 135 141 142 157 164 955 955 955 955 201 302 183 182 186 187 185 185 185
"88" 190 531 558 955 179 163 163 955 955 955 955 200 196 179 165 167 166 170 170 170
"89" 888 72 91 98 112 165 165 955 955 955 955 194 196 179 173 174 175 177 177 177
"90" 447 49 531 562 177 163 163 955 955 955 955 194 194 177 176 178 179 178 178 178
"91" 169 144 201 223 172 167 164 955 955 955 955 199 200 184 177 182 185 186 186 186
"92" 955 955 955 955 182 167 166 955 955 955 955 197 198 180 184 186 185 185 185 185
"93" 955 955 955 955 182 162 162 955 955 955 955 196 196 181 175 180 179 182 182 182
"94" 99 51 90 123 128 128 130 955 955 955 955 196 201 183 185 189 189 187 187 187
"95" 955 955 955 955 182 162 162 955 955 955 955 193 195 178 174 178 177 178 178 178
"96" 576 66 955 955 188 166 166 955 955 955 955 200 278 182 181 188 188 188 188 188
"97" 124 53 672 696 189 168 168 955 955 955 955 196 194 178 161 167 166 170 170 170
"98" 176 180 955 955 179 163 163 955 955 955 955 193 199 181 181 184 184 184 184 184
"99" 228 871 955 955 192 166 165 955 955 955 955 201 200 180 167 168 168 171 171 171
"100" 387 60 195 955 179 167 167 955 955 955 955 342 305 189 176 178 180 185 185 185
"101" 877 901 955 955 183 163 163 955 955 955 955 201 199 180 171 177 176 178 178 178
"102" 955 90 955 955 183 167 167 955 955 955 955 198 198 180 178 181 181 182 182 182
"103" 172 162 955 955 183 164 164 955 955 955 955 196 197 182 174 177 179 180 180 180
"104" 707 53 955 955 180 165 165 955 955 955 955 201 198 183 181 184 183 183 183 183
"105" 240 69 260 326 180 164 164 955 955 955 955 200 201 176 153 161 164 168 168 168
"106" 275 276 955 955 186 164 164 955 955 955 955 216 210 180 174 177 176 179 179 179
"107" 89 45 93 955 98 164 164 955 955 955 955 330 204 181 174 177 175 177 177 177
"108" 58 48 955 955 178 166 165 955 955 955 955 955 231 184 173 180 181 184 184 184
"109" 595 607 955 955 181 162 162 955 955 955 955 347 251 182 185 185 186 186 186 186
"110" 615 77 955 955 176 164 155 955 955 955 955 200 199 181 164 172 172 177 177 177
"111" 604 610 724 955 179 163 163 955 955 955 955 196 194 179 171 173 174 176 176 176
"112" 379 374 423 522 177 163 164 955 955 955 955 203 201 176 161 168 168 172 172 172
"113" 709 724 955 955 183 164 164 955 955 955 955 194 193 179 180 184 183 182 182 182
"114" 955 955 955 955 188 163 163 955 955 955 955 193 198 182 169 174 176 179 179 179
"115" 43 44 155 155 122 109 117 955 955 955 955 200 204 182 167 173 173 176 176 176
"116" 180 122 145 156 154 166 163 955 955 955 955 195 198 181 183 185 185 185 185 185
"117" 124 75 94 110 113 132 163 955 955 955 955 326 274 188 179 181 181 183 183 183
"118" 102 87 124 135 136 166 165 955 955 955 955 190 191 175 164 165 166 170 170 170
"119" 955 955 955 955 187 167 166 955 955 955 955 955 283 187 182 185 184 185 185 185
"120" 267 153 955 955 182 167 164 955 955 955 955 203 202 179 166 167 167 172 172 172
"121" 168 67 116 131 124 127 164 955 955 955 955 955 201 182 177 179 178 179 179 179
"122" 952 185 955 955 172 146 121 955 955 955 955 195 197 177 157 161 161 167 167 167
"123" 96 59 93 109 113 121 166 955 955 955 955 199 197 183 173 175 176 178 178 178
"124" 399 68 955 955 182 166 166 955 955 955 955 190 193 177 160 164 163 168 168 168
"125" 955 955 955 955 186 164 164 955 955 955 955 200 201 183 185 188 187 187 187 187
"126" 66 42 91 103 113 122 135 955 955 955 955 294 197 181 172 176 175 175 175 175
"127" 955 105 955 955 183 163 163 955 955 955 955 349 199 182 163 168 166 171 171 171
"128" 50 49 955 955 183 164 164 955 955 955 955 197 199 180 175 177 179 179 179 179
"129" 460 473 955 955 191 167 164 955 955 955 955 955 200 180 175 180 179 181 181 181
"130" 742 107 771 955 184 163 163 955 955 955 955 196 194 180 179 182 181 181 181 181
"131" 260 82 325 364 184 163 163 955 955 955 955 198 197 182 179 182 184 184 184 184
"132" 104 85 738 760 175 166 166 955 955 955 955 195 197 180 164 169 171 174 174 174
"133" 78 66 83 86 115 113 135 955 955 955 955 955 225 185 177 182 183 185 185 185
"134" 380 848 955 955 181 163 163 201 955 955 200 190 192 178 168 169 170 171 171 171
"135" 175 114 142 150 152 166 166 173 186 955 193 184 187 174 169 174 173 173 173 173
"136" 955 955 955 955 180 165 165 955 955 955 201 195 188 175 170 174 172 176 176 176
"137" 208 806 955 955 183 166 165 955 955 955 955 955 200 181 178 183 183 185 185 185
"138" 151 110 138 955 180 165 165 955 955 955 955 955 300 186 170 176 174 177 177 177
"139" 635 712 955 955 184 164 164 955 955 955 955 202 199 181 171 173 174 177 177 177
"140" 117 112 128 137 135 135 166 955 955 955 955 189 193 174 167 172 173 174 174 174
"141" 254 62 75 76 72 77 77 955 955 955 955 190 196 178 170 174 174 176 176 176
"142" 955 955 955 955 183 164 164 108 955 955 187 180 189 173 129 156 156 162 162 162
"143" 447 468 955 955 180 167 166 955 955 955 955 955 311 183 171 177 178 179 179 179
"144" 147 126 152 164 157 164 164 955 955 955 196 189 195 181 182 182 182 182 182 182
"145" 955 955 955 955 179 164 164 955 955 955 955 198 195 177 174 174 173 175 175 175
"146" 101 55 85 600 178 164 164 955 955 955 955 196 198 181 172 175 175 177 177 177
"147" 177 842 955 955 183 169 169 955 955 955 955 199 310 184 171 174 173 179 179 179
"148" 150 57 135 955 182 146 133 955 955 955 955 195 199 182 164 164 160 171 171 171
"149" 194 41 955 955 176 165 165 955 955 955 955 194 195 182 180 182 180 181 181 181
"150" 430 473 661 955 177 164 164 955 955 955 955 196 197 182 180 182 181 181 181 181
"151" 398 73 146 955 174 163 163 955 955 955 194 189 193 179 166 168 168 171 171 171
"152" 490 478 955 955 178 164 164 955 955 955 955 204 202 177 170 170 170 175 175 175
"153" 104 62 94 113 118 133 163 955 955 955 955 197 199 183 174 178 178 181 181 181
"154" 535 443 955 955 196 168 167 955 955 955 955 955 198 184 180 181 180 181 181 181
"155" 110 120 326 350 171 155 154 955 955 955 199 187 190 181 169 174 174 176 176 176
"156" 119 87 103 113 104 104 132 955 955 955 955 195 194 178 171 175 177 177 177 177
"157" 233 235 252 248 179 163 163 192 955 955 190 182 187 171 145 158 163 165 165 165
"158" 175 955 955 955 181 167 167 955 955 955 955 200 197 177 172 175 173 176 176 176
"159" 98 87 955 955 181 164 164 955 955 955 955 196 196 179 177 178 177 180 180 180
"160" 748 105 126 955 175 165 165 955 955 955 955 199 196 175 150 157 150 161 161 161
"161" 642 111 955 955 184 164 164 955 955 955 955 191 194 175 168 172 171 172 172 172
"162" 701 724 955 955 183 163 163 955 955 955 955 217 275 178 166 170 171 174 174 174
"163" 815 955 955 955 186 166 165 955 955 955 955 303 272 185 175 181 179 181 181 181
"164" 955 52 955 955 174 164 164 955 955 955 955 188 198 178 160 164 166 169 169 169
"165" 58 43 57 68 80 166 164 955 955 955 955 192 194 181 172 175 174 176 176 176
"166" 630 638 955 955 174 163 163 955 955 955 955 189 191 177 169 175 174 174 174 174
"167" 651 691 955 955 180 166 166 955 955 955 955 200 208 184 170 176 176 180 180 180
"168" 229 699 955 955 179 163 163 955 955 955 955 195 196 182 174 175 175 179 179 179
"169" 199 55 955 955 183 166 165 955 955 955 955 201 199 182 174 177 179 183 183 183
"170" 955 99 130 143 190 167 167 955 955 955 955 194 202 185 182 185 186 187 187 187
"171" 596 955 955 955 179 166 165 955 955 955 955 197 201 178 164 169 172 175 175 175
"172" 188 75 142 158 156 146 147 955 955 955 955 955 199 181 174 174 173 176 176 176
"173" 747 113 171 955 176 166 166 955 955 955 955 200 199 179 158 166 166 168 168 168
"174" 314 313 337 743 179 163 163 955 955 955 192 186 186 176 171 172 171 172 172 172
"175" 252 251 955 955 176 164 164 955 955 955 955 194 193 179 173 176 175 177 177 177
"176" 440 474 955 955 185 165 165 955 955 955 955 195 194 172 132 154 155 164 164 164
"177" 188 75 276 955 176 164 164 955 955 955 955 198 198 180 170 175 175 179 179 179
"178" 472 955 955 955 189 165 164 955 955 955 955 198 199 182 179 181 181 183 183 183
"179" 955 955 955 955 186 166 165 955 955 955 955 193 201 182 175 181 180 181 181 181
"180" 776 74 955 955 189 167 164 955 955 955 955 289 243 186 180 183 184 186 186 186
"181" 148 89 116 111 112 122 133 955 955 955 955 201 199 178 171 177 176 178 178 178
"182" 225 848 955 955 176 164 164 955 955 955 955 195 195 179 172 175 175 176 176 176
"183" 329 147 955 955 172 167 167 955 955 955 191 187 190 177 162 165 166 169 169 169
"184" 452 62 486 955 182 167 164 955 955 955 955 317 224 183 177 178 177 179 179 179
"185" 349 49 573 955 183 165 165 955 955 955 955 198 198 178 159 166 169 171 171 171
"186" 158 106 128 160 162 155 166 955 955 955 955 194 195 180 172 176 174 178 178 178
"187" 613 111 152 955 181 154 164 955 955 955 955 188 194 178 168 170 170 174 174 174
"188" 339 357 395 955 185 164 164 955 955 955 209 183 189 172 164 169 171 174 174 174
"189" 167 165 220 955 179 163 163 955 955 955 955 187 191 177 163 167 168 172 172 172
"190" 453 450 955 955 184 164 164 955 955 955 955 198 201 182 171 176 177 180 180 180
"191" 355 955 955 955 182 164 164 955 955 955 955 195 194 179 166 170 170 172 172 172
"192" 788 955 955 955 178 164 164 955 955 955 955 191 194 181 173 178 177 179 179 179
"193" 192 194 249 955 180 162 162 955 955 955 197 187 192 176 137 155 159 165 165 165
"194" 49 42 51 58 59 65 111 955 955 955 955 955 199 181 178 183 181 181 181 181
"195" 277 50 312 955 183 163 163 955 955 955 955 189 193 174 162 165 167 169 169 169
"196" 170 120 160 175 174 163 163 955 955 955 955 200 195 179 172 175 176 180 180 180
"197" 139 955 955 955 180 166 166 955 955 955 955 955 202 182 182 184 183 183 183 183
"198" 390 269 339 361 182 163 163 955 955 955 955 193 196 176 178 181 179 181 181 181
"199" 955 955 955 955 186 166 166 955 955 955 955 196 199 181 171 178 180 181 181 181
"200" 201 216 955 955 179 167 167 955 955 955 955 196 195 177 174 176 174 176 176 176
"201" 453 71 169 955 175 165 164 955 955 955 955 206 199 180 174 179 178 180 180 180
"202" 637 649 955 955 184 165 165 955 955 955 955 194 194 179 173 178 178 179 179 179
"203" 346 84 955 955 181 166 166 955 955 955 955 193 194 184 172 174 177 179 179 179
"204" 136 77 104 143 139 144 166 955 955 955 955 209 211 185 175 182 180 181 181 181
"205" 824 955 955 955 178 163 163 955 955 955 955 955 199 184 186 191 188 189 189 189
"206" 106 74 100 148 148 164 164 955 955 955 955 198 197 183 182 183 182 183 183 183
"207" 93 78 99 955 183 163 163 955 955 955 955 311 257 182 171 176 177 181 181 181
"208" 255 145 881 902 183 164 164 955 955 955 955 351 286 181 176 178 181 182 182 182
"209" 97 802 955 955 182 163 163 955 955 955 955 191 197 181 173 174 174 178 178 178
"210" 411 409 452 955 188 167 165 955 955 955 955 192 194 178 174 177 179 182 182 182
"211" 351 362 387 955 186 167 166 955 955 955 955 191 191 181 171 176 176 180 180 180
"212" 121 59 118 124 73 116 128 955 955 955 955 198 195 177 162 167 163 170 170 170
"213" 635 682 723 955 149 164 163 955 955 955 955 955 225 182 177 181 181 182 182 182
"214" 624 46 101 105 122 166 166 955 955 955 955 193 198 180 173 177 178 181 181 181
"215" 395 402 955 955 182 167 167 955 955 955 198 187 192 178 169 169 171 172 172 172
"216" 955 164 955 955 174 163 163 955 955 955 955 199 198 182 174 174 174 176 176 176
"217" 491 91 955 955 189 167 165 955 955 955 955 197 196 182 169 174 174 177 177 177
"218" 60 47 66 75 75 89 112 955 955 955 955 196 197 179 171 174 175 177 177 177
"219" 60 47 61 65 79 87 164 955 955 955 955 194 196 179 162 167 167 169 169 169
"220" 955 159 955 167 164 159 163 955 955 955 194 192 197 175 161 164 166 168 168 168
"221" 464 451 483 495 181 164 164 955 955 955 955 192 192 177 157 160 161 166 166 166
"222" 59 53 65 75 79 131 164 955 955 955 955 193 192 178 169 171 171 177 177 177
"223" 293 98 132 133 126 159 166 955 955 955 955 200 195 180 174 176 176 179 179 179
"224" 142 50 955 955 187 164 163 955 955 955 955 198 196 180 172 177 176 179 179 179
"225" 284 68 955 955 181 164 164 955 955 955 955 290 200 181 181 185 185 185 185 185
"226" 495 521 955 955 187 165 165 955 955 955 955 200 198 183 179 182 183 183 183 183
"227" 421 65 81 446 187 166 165 955 955 955 955 194 192 177 169 174 173 174 174 174
"228" 868 52 71 77 81 163 163 955 955 955 955 200 198 182 180 182 183 181 181 181
"229" 458 470 527 955 181 162 163 955 955 955 955 310 201 180 177 181 180 180 180 180
"230" 369 398 955 955 186 166 166 955 955 955 955 205 204 184 180 187 187 186 186 186
"231" 198 51 264 955 182 163 163 955 955 955 955 192 193 174 162 166 165 168 168 168
"232" 80 87 117 136 138 135 140 955 955 955 955 339 247 185 174 175 176 179 179 179
"233" 745 75 121 134 137 133 143 189 955 955 193 186 194 180 161 167 171 172 172 172
"234" 55 49 105 123 131 142 165 955 955 955 955 193 195 181 178 182 183 183 183 183
"235" 304 298 955 955 176 163 163 955 955 955 955 955 243 184 172 182 184 187 187 187
"236" 335 104 955 955 187 167 167 955 955 955 955 189 193 178 163 165 165 170 170 170
"237" 98 60 79 94 100 163 163 955 955 955 955 207 200 182 175 177 175 179 179 179
"238" 69 68 110 155 156 161 162 155 955 955 194 188 194 174 152 156 159 161 161 161
"239" 187 96 117 124 181 164 164 955 955 955 955 193 194 180 169 171 171 173 173 173
"240" 104 955 955 955 185 163 163 955 955 955 955 201 197 177 161 169 168 171 171 171
"241" 793 64 920 955 183 165 165 955 955 955 955 187 195 180 180 181 182 182 182 182
"242" 955 955 955 955 180 166 166 955 955 955 955 204 199 179 167 172 174 176 176 176
"243" 676 66 955 955 182 164 164 955 955 955 955 333 322 183 175 180 177 180 180 180
"244" 532 549 565 585 184 168 168 955 955 955 955 201 201 180 177 181 180 183 183 183
"245" 155 57 955 955 178 166 165 955 955 955 955 955 199 183 177 179 179 181 181 181
"246" 955 69 955 955 183 164 164 955 955 955 955 198 200 181 174 176 177 180 180 180
"247" 152 146 182 189 172 163 164 955 955 955 955 200 197 178 168 169 167 171 171 171
"248" 470 492 955 955 181 167 167 955 955 955 955 197 197 179 177 179 180 180 180 180
"249" 76 62 75 955 185 166 165 955 955 955 955 194 191 175 172 172 173 174 174 174
"250" 70 62 86 128 169 164 164 955 955 955 955 200 201 182 176 182 183 185 185 185
"251" 319 324 955 955 178 166 166 955 955 955 955 198 197 178 167 171 172 175 175 175
"252" 617 620 955 955 178 165 165 955 955 955 955 191 189 178 171 173 171 174 174 174
"253" 817 955 955 955 185 167 164 955 955 955 955 206 198 181 179 181 180 185 185 185
"254" 237 955 955 955 183 163 163 955 955 955 955 198 197 181 175 180 180 183 183 183
"255" 88 62 450 839 172 166 165 955 955 955 955 190 195 179 169 173 174 177 177 177
"256" 119 86 955 955 179 118 122 955 955 955 955 190 194 180 179 182 182 183 183 183
"257" 151 115 144 144 150 164 164 955 955 955 955 192 198 182 177 179 179 181 181 181
"258" 505 474 955 955 182 163 163 955 955 955 196 191 199 181 168 173 174 178 178 178
"259" 505 945 955 955 176 167 166 955 955 955 955 195 194 180 180 183 181 182 182 182
"260" 320 330 955 955 188 163 163 955 955 955 955 197 204 181 174 180 180 182 182 182
"261" 181 165 955 955 184 169 166 955 955 955 955 185 188 177 174 178 178 181 181 181
"262" 134 135 686 697 180 164 164 955 955 955 955 199 197 179 176 178 176 177 177 177
"263" 591 955 955 955 181 165 164 955 955 207 191 186 191 180 171 171 171 173 173 173
"264" 801 811 955 955 186 166 165 955 955 955 955 194 195 179 170 175 174 176 176 176
"265" 344 861 893 927 182 166 164 955 955 955 955 196 194 179 166 169 170 172 172 172
"266" 367 77 369 955 189 164 164 955 955 955 955 197 195 178 172 174 175 178 178 178
"267" 408 955 955 955 186 167 165 955 955 955 955 296 280 189 187 195 196 196 196 196
"268" 145 827 955 955 185 164 164 955 955 955 955 201 205 184 170 172 173 176 176 176
"269" 505 55 955 955 180 164 164 955 955 955 955 298 276 185 176 177 178 180 180 180
"270" 75 48 85 488 180 166 165 955 955 955 955 197 197 183 178 181 181 183 183 183
"271" 955 955 955 955 191 166 166 955 955 955 955 955 354 187 180 182 181 185 185 185
"272" 564 564 598 623 181 167 166 955 955 955 955 200 210 184 173 178 178 180 180 180
"273" 617 611 955 955 179 167 166 955 955 955 955 198 197 178 171 174 175 176 176 176
"274" 180 171 197 221 177 166 166 955 955 955 955 197 199 179 173 176 179 180 180 180
"275" 183 955 955 955 180 166 165 955 955 955 955 189 196 181 172 176 178 178 178 178
"276" 119 123 955 955 186 165 165 955 955 955 955 358 271 183 177 180 180 181 181 181
"277" 193 160 510 955 177 165 165 955 955 955 187 187 190 177 163 170 171 174 174 174
"278" 77 81 955 955 184 164 164 955 955 955 955 201 200 182 170 177 178 180 180 180
"279" 727 151 731 955 183 165 164 955 955 955 955 198 198 181 171 173 172 174 174 174
"280" 220 73 187 955 181 163 162 955 955 955 955 195 195 179 174 176 177 179 179 179
"281" 323 106 651 673 182 167 166 955 955 955 955 194 193 179 176 177 177 177 177 177
"282" 344 91 955 955 119 123 166 955 955 955 197 190 192 179 165 167 167 170 170 170
"283" 75 65 81 107 114 165 165 955 955 955 955 197 196 178 179 184 185 185 185 185
"284" 111 716 750 955 189 164 164 955 955 955 955 200 244 182 165 169 172 177 177 177
"285" 79 60 86 794 181 163 163 955 955 955 955 199 198 181 182 183 182 181 181 181
"286" 119 58 113 120 122 123 120 955 955 955 955 955 197 182 175 178 180 181 181 181
"287" 117 95 127 177 171 163 162 955 955 955 197 186 185 173 168 171 170 172 172 172
"288" 398 333 955 955 176 164 164 955 955 955 955 199 202 177 168 171 171 174 174 174
"289" 118 111 955 955 181 163 163 955 955 955 955 346 316 187 176 182 183 183 183 183
"290" 640 63 955 955 184 164 164 955 955 955 955 194 197 180 170 177 180 181 181 181
"291" 281 285 955 955 176 162 162 955 955 955 955 194 196 176 170 173 170 174 174 174
"292" 252 253 582 619 182 166 165 955 955 955 955 197 197 179 174 179 178 181 181 181
"293" 119 57 69 109 113 115 136 955 955 955 955 199 200 185 184 187 189 187 187 187
"294" 907 77 118 955 180 168 167 955 955 955 955 955 238 185 178 182 183 183 183 183
"295" 229 107 955 955 187 163 163 955 955 955 955 191 197 182 177 179 179 179 179 179
"296" 345 496 955 955 179 163 163 955 955 955 955 194 194 178 172 175 175 176 176 176
"297" 819 827 955 955 180 166 166 955 955 955 955 197 195 181 181 183 182 181 181 181
"298" 355 71 130 139 123 126 147 955 955 955 955 234 304 184 173 180 179 181 181 181
"299" 612 63 955 955 180 165 165 955 955 955 955 189 194 176 173 176 177 180 180 180
"300" 101 116 416 955 174 162 162 955 955 955 955 288 269 182 170 176 175 180 180 180
"301" 332 84 955 955 185 165 165 955 955 955 955 190 196 178 165 170 171 174 174 174
"302" 272 173 955 955 182 167 164 955 955 955 955 955 313 179 173 176 178 180 180 180
"303" 317 399 955 955 179 163 163 955 955 955 955 955 224 180 166 170 171 177 177 177
"304" 136 82 126 146 145 167 168 955 955 955 955 193 194 178 176 177 178 177 177 177
"305" 66 53 69 955 176 164 164 955 955 955 955 195 196 181 178 181 180 181 181 181
"306" 93 86 167 176 173 164 165 955 955 955 955 955 276 181 175 179 179 180 180 180
"307" 190 71 955 955 181 163 163 955 955 955 955 200 316 179 174 178 179 181 181 181
"308" 245 268 955 955 186 164 164 955 955 955 955 194 196 180 174 175 175 176 176 176
"309" 636 955 955 955 192 166 165 955 955 955 955 197 192 178 166 168 166 171 171 171
"310" 235 583 955 955 193 167 167 955 955 955 955 306 196 180 147 162 166 173 173 173
"311" 280 539 955 955 180 166 165 955 955 955 955 341 206 182 175 177 177 178 178 178
"312" 913 926 954 955 181 164 164 955 955 955 955 198 200 186 176 184 184 186 186 186
"313" 89 66 86 98 181 166 166 955 955 955 955 201 199 180 175 177 177 178 178 178
"314" 367 106 955 955 185 165 164 955 955 955 955 355 260 182 173 178 177 179 179 179
"315" 276 289 955 955 183 162 162 955 955 955 955 198 198 178 168 173 172 177 177 177
"316" 880 60 955 955 183 167 166 955 955 955 200 190 194 180 173 175 176 178 178 178
"317" 521 955 955 955 183 163 163 955 955 955 955 189 196 179 164 167 167 170 170 170
"318" 342 58 433 457 185 168 168 955 955 955 955 955 339 186 176 179 181 181 181 181
"319" 504 97 955 955 182 164 163 955 955 955 955 189 199 181 176 182 184 186 186 186
"320" 598 955 955 955 114 105 108 955 955 955 955 197 197 179 139 160 161 167 167 167
"321" 168 140 168 191 174 163 163 955 955 955 955 196 197 182 177 180 180 183 183 183
"322" 229 864 955 955 180 167 166 955 955 955 955 195 197 179 174 176 177 180 180 180
"323" 104 54 81 89 93 100 120 955 955 955 202 195 196 180 175 176 176 178 178 178
"324" 96 58 81 101 103 124 163 955 955 955 955 200 199 177 172 179 180 181 181 181
"325" 133 82 131 135 185 164 164 955 955 955 955 198 196 181 173 176 177 178 178 178
"326" 183 843 955 955 176 164 164 955 955 955 955 955 221 181 167 172 173 177 177 177
"327" 849 955 955 955 185 166 165 955 955 955 955 192 194 176 169 171 172 175 175 175
"328" 94 56 94 97 99 99 114 955 955 955 197 192 192 182 182 189 187 185 185 185
"329" 90 74 99 102 114 114 164 955 955 955 955 205 205 184 177 182 182 184 184 184
"330" 107 103 125 955 177 167 166 955 955 955 955 201 200 180 177 181 180 182 182 182
"331" 106 94 750 955 182 165 164 955 955 955 955 193 193 184 179 180 181 184 184 184
"332" 265 50 955 955 185 166 165 955 955 955 955 200 208 181 176 179 181 182 182 182
"333" 169 74 134 146 142 153 164 955 955 955 955 198 200 182 179 181 183 183 183 183
"334" 58 50 91 955 177 165 165 955 955 955 955 197 194 179 175 176 176 175 175 175
"335" 370 66 955 955 186 166 166 955 955 955 955 955 255 184 171 173 173 178 178 178
"336" 305 305 367 955 185 165 165 955 955 955 955 335 270 181 180 184 184 185 185 185
"337" 732 955 955 955 185 163 163 955 955 955 955 195 197 179 172 176 177 179 179 179
"338" 462 500 568 850 184 162 162 955 955 955 955 339 308 183 168 169 168 173 173 173
"339" 316 945 955 955 184 164 164 955 955 955 955 189 194 177 157 165 166 170 170 170
"340" 109 123 700 732 183 165 165 955 955 955 955 190 192 176 162 164 165 169 169 169
"341" 69 56 335 955 184 164 163 955 955 955 188 185 190 178 166 167 167 170 170 170
"342" 252 503 955 955 180 163 163 955 955 955 955 190 189 174 171 175 173 174 174 174
"343" 150 34 130 173 168 162 162 955 955 955 955 191 191 177 165 168 171 175 175 175
"344" 121 955 955 955 180 164 164 955 955 955 955 271 262 183 179 180 180 182 182 182
"345" 60 49 66 82 72 80 88 955 955 955 955 195 196 180 179 181 182 183 183 183
"346" 33 31 44 53 56 64 92 955 955 955 955 197 197 183 166 171 172 176 176 176
"347" 95 88 109 116 110 110 156 955 955 955 955 196 197 182 173 174 176 179 179 179
"348" 67 77 955 955 181 164 164 955 955 955 955 201 195 178 175 177 178 179 179 179
"349" 364 63 127 955 171 166 166 955 955 955 955 197 198 179 167 170 171 174 174 174
"350" 955 75 955 955 186 165 165 955 955 955 955 191 194 180 175 177 178 180 180 180
"351" 293 66 955 955 180 163 163 955 955 955 955 195 196 179 174 179 179 180 180 180
"352" 335 371 955 955 178 167 166 955 955 955 955 191 193 177 167 168 169 173 173 173
"353" 368 362 386 955 182 167 155 955 955 955 191 180 186 170 133 148 150 159 159 159
"354" 122 101 955 955 180 165 165 955 955 955 955 202 201 184 175 179 179 181 181 181
"355" 803 955 955 955 175 162 162 955 955 955 955 193 193 180 174 177 176 177 177 177
"356" 410 85 955 955 186 165 165 955 955 955 955 212 203 187 184 186 187 186 186 186
"357" 331 349 955 955 187 163 163 955 955 955 955 330 241 182 156 161 166 171 171 171
"358" 47 36 58 955 185 164 164 955 955 955 955 203 196 180 174 180 180 182 182 182
"359" 311 308 955 315 182 163 163 955 955 955 955 197 195 178 173 178 178 179 179 179
"360" 137 75 142 955 175 165 165 955 955 955 955 338 204 184 177 180 182 184 184 184
"361" 859 51 955 955 181 164 164 955 955 955 955 333 203 183 170 177 176 179 179 179
"362" 299 46 955 955 183 164 164 955 955 955 955 197 200 182 176 179 181 183 183 183
"363" 249 277 308 332 177 166 165 955 955 955 955 190 197 176 149 156 163 167 167 167
"364" 100 79 139 955 180 163 163 955 955 955 955 955 343 181 169 176 177 179 179 179
"365" 251 45 955 955 187 165 165 955 955 955 955 198 199 182 169 172 169 174 174 174
"366" 98 90 155 955 178 164 164 955 955 955 198 193 195 174 168 171 171 175 175 175
"367" 148 67 171 183 170 153 143 955 955 955 955 195 194 176 151 162 165 168 168 168
"368" 353 317 637 666 180 166 166 955 955 955 955 196 197 181 177 180 180 180 180 180
"369" 548 586 663 697 181 164 164 955 955 955 955 955 201 179 175 176 176 178 178 178
"370" 170 92 129 145 165 163 164 955 955 955 955 955 314 184 176 180 177 181 181 181
"371" 955 955 955 955 179 163 163 955 955 955 955 190 191 175 169 171 172 174 174 174
"372" 60 58 84 94 98 118 142 955 955 955 955 194 195 180 175 178 180 180 180 180
"373" 453 465 955 955 180 166 165 955 955 955 955 188 194 176 165 169 171 173 173 173
"374" 85 64 86 93 90 101 103 955 955 955 200 188 189 175 153 160 159 164 164 164
"375" 200 955 955 955 183 163 163 955 955 955 955 199 197 179 177 177 177 178 178 178
"376" 207 299 955 955 181 167 166 955 955 955 955 195 192 179 174 178 177 178 178 178
"377" 344 516 955 955 191 169 168 955 955 955 955 200 197 179 174 180 181 182 182 182
"378" 138 90 145 955 167 164 164 955 955 955 955 190 195 179 164 168 169 171 171 171
"379" 47 37 145 151 148 166 166 955 955 955 955 198 198 179 171 173 172 174 174 174
"380" 85 61 86 122 137 123 119 955 955 955 955 193 200 184 168 172 173 178 178 178
"381" 235 92 955 955 188 166 164 955 955 955 955 193 194 178 166 169 171 173 173 173
"382" 765 543 955 955 178 165 165 955 955 955 955 199 198 180 171 173 172 174 174 174
"383" 955 955 955 955 182 164 164 955 955 955 955 197 197 181 166 170 170 174 174 174
"384" 116 108 955 955 183 163 163 955 955 955 200 190 198 179 174 175 175 176 176 176
"385" 873 91 955 196 176 165 165 955 955 955 955 190 195 180 176 180 179 180 180 180
"386" 955 955 955 955 199 166 166 955 955 955 955 199 206 184 173 179 180 185 185 185
"387" 226 955 955 955 182 163 163 204 955 955 201 193 195 182 170 174 175 178 178 178
"388" 335 108 955 955 174 163 163 955 955 955 955 201 200 180 165 167 168 173 173 173
"389" 548 955 955 955 182 163 163 955 955 955 955 205 200 181 174 177 179 181 181 181
"390" 884 885 955 955 188 162 162 955 955 955 955 323 292 182 170 177 176 178 178 178
"391" 84 66 82 90 98 126 165 955 955 955 955 333 314 183 178 180 179 181 181 181
"392" 316 326 955 955 184 165 164 955 955 955 955 197 200 181 167 171 172 178 178 178
"393" 696 703 730 955 189 166 166 955 955 955 955 197 196 179 170 174 175 179 179 179
"394" 144 65 82 91 178 165 165 955 955 955 195 181 187 176 167 170 171 172 172 172
"395" 47 47 61 72 84 87 143 955 955 955 955 955 199 183 178 182 182 182 182 182
"396" 275 228 274 303 183 167 165 955 955 955 955 955 288 181 177 179 179 179 179 179
"397" 601 597 955 955 195 166 166 955 955 955 955 192 194 179 172 176 177 180 180 180
"398" 107 103 125 132 131 137 157 955 955 955 955 199 197 181 173 176 177 178 178 178
"399" 96 955 955 955 183 163 163 955 955 955 955 200 197 176 164 167 167 170 170 170
"400" 196 260 535 955 178 164 164 955 955 955 955 284 200 179 175 176 176 178 178 178
"401" 115 422 955 955 178 165 165 955 955 955 197 184 192 177 168 173 171 172 172 172
"402" 795 70 955 955 188 163 163 955 955 955 955 189 197 184 170 175 176 179 179 179
"403" 955 141 955 955 181 166 164 955 955 955 955 199 199 179 174 177 178 179 179 179
"404" 196 173 692 955 177 165 165 955 955 955 955 192 192 177 166 167 167 172 172 172
"405" 90 94 955 955 187 165 165 955 955 955 955 955 331 182 173 177 178 179 179 179
"406" 434 442 955 955 183 164 164 955 955 955 955 191 196 177 160 166 169 172 172 172
"407" 228 76 955 955 183 164 164 955 955 955 955 196 195 179 178 180 180 182 182 182
"408" 180 61 955 955 181 165 165 955 955 955 955 194 193 179 171 175 176 177 177 177
"409" 156 70 107 125 125 147 165 955 955 955 955 195 196 178 163 171 170 173 173 173
"410" 618 655 955 955 191 167 165 955 955 955 955 197 197 186 175 176 177 183 183 183
"411" 99 75 95 105 115 123 132 955 955 955 955 220 201 183 181 184 183 183 183 183
"412" 73 46 76 127 175 163 163 955 955 955 955 200 198 179 170 173 174 176 176 176
"413" 81 75 93 103 98 110 108 955 955 955 955 193 196 180 157 161 161 168 168 168
"414" 812 172 955 955 176 163 163 955 955 955 955 339 235 184 173 177 177 181 181 181
"415" 708 713 955 955 186 165 165 955 955 955 201 191 190 177 167 171 170 174 174 174
"416" 955 955 955 955 184 163 163 955 955 955 955 955 311 180 169 172 172 177 177 177
"417" 270 81 97 955 120 163 163 955 955 955 955 200 200 184 187 188 187 188 188 188
"418" 192 232 662 955 177 163 163 955 955 955 199 188 196 177 172 174 175 176 176 176
"419" 955 955 955 955 187 167 166 955 955 955 955 200 196 178 165 166 168 173 173 173
"420" 955 47 955 955 183 166 165 955 955 955 955 188 191 177 168 170 171 174 174 174
"421" 58 58 460 955 188 167 165 955 955 955 955 198 193 176 174 178 177 180 180 180
"422" 854 955 955 955 188 167 167 955 955 955 955 200 203 183 173 179 177 181 181 181
"423" 480 684 773 823 183 168 167 955 955 955 201 191 192 178 177 178 178 178 178 178
"424" 408 375 409 436 186 166 165 955 955 955 955 193 194 178 168 173 173 175 175 175
"425" 82 91 955 130 114 127 166 955 955 955 955 190 192 181 171 172 173 177 177 177
"426" 184 85 955 955 176 165 165 955 955 955 955 188 191 176 160 165 165 170 170 170
"427" 838 955 955 955 177 164 164 955 955 955 955 197 198 182 178 181 180 182 182 182
"428" 277 147 187 955 178 165 165 955 955 955 955 194 196 177 166 171 173 175 175 175
"429" 155 890 955 955 185 165 165 955 955 955 955 203 253 182 176 180 180 181 181 181
"430" 183 196 955 955 179 167 166 955 955 955 955 200 198 179 168 174 173 177 177 177
"431" 672 412 930 955 183 166 164 955 955 955 955 196 196 183 172 172 172 176 176 176
"432" 955 955 955 955 179 166 166 955 955 955 955 955 199 178 174 178 178 178 178 178
"433" 118 110 955 955 182 162 162 955 955 955 955 194 196 179 171 174 170 174 174 174
"434" 66 48 78 80 80 80 165 955 955 955 206 188 192 182 171 174 173 177 177 177
"435" 269 290 955 955 179 165 165 955 955 955 955 199 201 178 162 166 170 174 174 174
"436" 104 106 155 180 172 162 162 955 955 955 955 199 197 177 170 173 173 176 176 176
"437" 955 382 955 955 182 167 166 955 955 955 955 195 195 181 176 179 178 179 179 179
"438" 173 80 97 126 122 129 149 955 955 955 955 335 200 182 174 178 178 180 180 180
"439" 143 51 76 74 75 103 116 955 955 955 955 192 194 180 166 172 171 174 174 174
"440" 72 48 59 70 77 101 107 955 955 955 955 194 196 181 179 184 182 184 184 184
"441" 48 50 88 84 88 108 120 955 955 955 955 955 199 181 176 179 179 181 181 181
"442" 85 58 81 121 181 162 162 955 955 955 955 226 200 184 170 176 175 177 177 177
"443" 685 46 752 781 184 164 164 955 955 955 955 201 198 180 177 181 180 182 182 182
"444" 302 52 955 955 182 166 164 955 955 955 955 200 194 178 171 174 172 175 175 175
"445" 443 467 955 955 185 163 163 955 955 955 955 955 345 185 169 178 178 182 182 182
"446" 83 56 78 82 77 79 109 955 955 955 955 250 229 180 172 174 175 178 178 178
"447" 870 955 955 955 176 163 163 955 955 955 955 345 201 183 175 177 176 179 179 179
"448" 83 212 239 256 182 164 164 955 955 955 955 198 195 176 167 171 170 172 172 172
"449" 54 52 68 71 141 163 164 955 955 955 955 199 197 178 170 170 171 172 172 172
"450" 329 955 955 955 182 166 163 955 955 955 955 200 221 185 171 175 177 179 179 179
"451" 768 188 955 955 177 162 162 955 955 955 955 193 191 176 160 167 168 171 171 171
"452" 179 126 955 955 175 163 163 955 955 955 955 194 311 178 169 172 173 176 176 176
"453" 126 112 955 955 186 166 165 955 955 955 955 193 193 179 165 169 170 174 174 174
"454" 580 195 955 955 184 163 163 955 955 955 955 208 208 179 175 178 177 179 179 179
"455" 216 91 121 955 183 165 165 955 955 955 955 201 201 181 178 181 179 181 181 181
"456" 317 288 419 955 185 165 165 955 955 955 196 192 194 179 177 181 180 180 180 180
"457" 219 955 955 955 185 164 164 955 955 955 955 177 184 174 163 164 163 166 166 166
"458" 69 71 955 955 185 165 164 955 955 955 955 189 191 178 162 169 170 175 175 175
"459" 143 94 955 955 186 166 165 955 955 955 955 191 197 182 181 185 185 187 187 187
"460" 258 181 560 592 177 165 165 955 955 955 955 194 195 181 173 177 178 178 178 178
"461" 184 89 182 955 175 164 164 955 955 955 955 195 193 175 166 169 167 170 170 170
"462" 211 56 199 290 176 164 164 955 955 955 955 321 243 182 181 185 187 186 186 186
"463" 251 54 143 147 141 143 165 955 955 955 955 191 194 180 173 177 177 180 180 180
"464" 75 55 73 84 95 110 163 955 955 955 955 193 190 177 171 174 174 177 177 177
"465" 267 888 955 955 182 164 164 955 955 955 955 191 195 178 165 170 171 175 175 175
"466" 355 55 955 955 63 68 162 955 955 955 955 199 198 178 169 173 175 177 177 177
"467" 164 136 176 177 163 162 163 955 955 955 955 191 194 174 157 161 161 165 165 165
"468" 955 98 955 955 183 167 164 955 955 955 955 199 270 180 171 177 176 179 179 179
"469" 345 348 955 955 186 164 164 955 955 955 955 199 198 180 157 161 163 168 168 168
"470" 178 119 142 160 152 163 163 955 955 955 955 288 226 184 173 178 177 180 180 180
"471" 302 305 334 955 184 164 164 955 955 955 955 198 198 177 169 172 172 174 174 174
"472" 955 955 955 955 184 166 166 955 955 955 955 199 194 180 172 173 174 174 174 174
"473" 241 261 305 955 180 163 163 955 955 955 955 214 199 180 169 171 172 175 175 175
"474" 83 90 112 116 118 134 163 955 955 955 955 191 193 179 171 177 178 177 177 177
"475" 81 71 93 112 111 118 125 955 955 955 195 182 188 176 162 163 163 166 166 166
"476" 315 332 851 955 174 163 163 955 955 955 955 289 238 181 170 174 173 178 178 178
"477" 705 93 110 110 103 103 96 955 955 955 201 193 193 176 155 159 157 164 164 164
"478" 256 87 319 955 187 166 165 955 955 955 955 955 195 180 171 174 173 176 176 176
"479" 641 286 658 955 185 166 165 955 955 955 955 198 199 179 170 172 173 177 177 177
"480" 760 603 955 955 180 166 165 955 955 955 955 201 200 177 167 173 173 174 174 174
"481" 553 56 123 955 174 163 163 955 955 955 955 200 197 178 178 183 181 181 181 181
"482" 472 463 955 955 180 167 167 955 955 955 955 348 314 183 173 176 176 180 180 180
"483" 316 308 343 358 186 167 167 955 955 955 955 201 195 178 171 174 176 175 175 175
"484" 378 360 431 436 179 165 164 955 955 955 955 955 292 187 181 183 184 186 186 186
"485" 667 81 955 955 179 164 163 955 955 955 955 200 200 180 163 166 167 174 174 174
"486" 88 91 110 126 126 139 166 955 955 955 955 197 196 179 171 174 175 177 177 177
"487" 331 82 955 955 181 166 166 955 955 955 955 188 193 177 165 169 169 171 171 171
"488" 955 148 955 955 182 163 163 955 955 955 955 199 196 181 181 183 182 182 182 182
"489" 169 125 160 955 177 166 165 955 955 955 955 206 203 185 179 184 182 182 182 182
"490" 955 52 955 955 190 164 164 955 955 955 955 206 202 184 174 178 175 179 179 179
"491" 290 87 901 955 182 163 163 955 955 955 955 266 202 185 179 183 181 184 184 184
"492" 480 493 955 955 186 164 164 955 955 955 955 290 199 183 183 183 183 183 183 183
"493" 146 916 955 955 178 165 165 955 955 955 955 360 208 179 171 176 178 178 178 178
"494" 309 746 955 955 186 167 166 955 955 955 955 194 197 181 176 182 183 184 184 184
"495" 537 84 105 663 185 166 165 955 955 955 190 187 195 174 158 164 165 169 169 169
"496" 289 57 140 159 167 164 164 955 955 955 955 204 201 183 175 178 178 180 180 180
"497" 713 109 955 955 181 166 165 955 955 955 955 199 201 179 166 173 172 177 177 177
"498" 76 152 955 955 179 168 165 955 955 955 955 188 187 176 152 160 163 165 165 165
"499" 183 148 955 955 184 167 167 955 955 955 955 188 188 175 120 145 158 163 163 163
"500" 201 194 293 955 177 164 164 955 955 955 955 955 203 183 171 179 178 181 181 181
