"max_pca1" "max_pca2" "max_pca3" "max_pca5" "max_pca10" "max_pca20" "max_pca40" "min_pca1" "min_pca2" "min_pca3" "min_pca5" "min_pca10" "min_pca20" "min_pca40" "tpca0.8" "tpca0.9" "tpca0.95" "tpca0.99" "tpca0.995" "tpca0.999"
"1" 298 955 955 955 955 955 955 955 180 181 181 181 181 177 180 181 181 175 175 175
"2" 119 57 95 98 94 620 621 955 343 387 346 341 322 236 301 324 322 202 204 209
"3" 498 410 511 430 416 391 391 955 175 176 176 176 177 172 176 177 177 168 169 169
"4" 621 48 955 955 625 534 534 955 181 183 183 182 182 178 180 182 182 177 177 177
"5" 59 49 64 73 86 91 191 955 189 189 188 186 185 179 184 186 185 173 173 173
"6" 955 167 955 955 882 876 877 955 198 199 199 198 198 193 196 197 197 190 189 190
"7" 181 136 955 945 535 532 906 955 280 278 263 260 215 184 191 218 215 175 175 175
"8" 427 302 443 447 282 261 263 955 198 198 197 196 196 191 194 197 197 187 187 187
"9" 43 33 43 82 100 107 127 955 196 243 200 198 194 188 190 192 193 186 186 186
"10" 131 74 132 955 134 369 369 955 181 183 183 182 181 175 178 180 181 169 170 170
"11" 175 249 910 901 893 894 893 955 199 200 199 197 197 190 197 198 197 183 183 183
"12" 307 538 955 652 537 512 509 955 175 176 176 176 176 172 174 175 175 170 170 170
"13" 475 861 955 955 845 844 955 955 197 198 198 198 198 193 196 198 198 187 188 188
"14" 181 90 955 912 901 888 881 955 212 214 197 196 194 185 189 194 193 181 182 182
"15" 192 50 687 671 668 654 656 955 280 337 312 309 282 272 279 309 305 228 254 256
"16" 843 604 852 856 860 913 955 955 209 362 210 208 206 197 200 209 208 192 192 193
"17" 45 75 955 955 741 489 489 955 190 192 192 191 191 186 187 190 190 181 182 182
"18" 297 282 295 283 273 259 255 188 175 176 176 175 176 171 173 175 176 167 167 167
"19" 414 662 796 807 817 848 877 955 210 213 196 193 192 176 184 195 198 169 170 170
"20" 118 45 121 130 189 188 196 955 226 227 227 225 225 188 196 226 224 180 181 181
"21" 857 285 955 955 394 284 285 955 221 224 221 218 219 209 216 220 218 198 199 200
"22" 668 84 688 693 691 691 696 955 294 295 281 278 275 226 273 275 274 174 174 174
"23" 65 49 62 70 77 95 133 955 183 184 185 184 183 178 182 183 183 173 173 173
"24" 433 441 449 463 438 433 437 955 255 257 244 234 233 220 231 248 234 168 172 174
"25" 514 150 538 537 543 436 440 391 324 332 261 258 255 247 252 256 254 186 187 188
"26" 40 41 109 112 125 130 351 194 189 190 189 189 190 184 186 189 190 178 178 178
"27" 149 138 504 505 509 475 525 955 197 198 197 196 196 191 194 196 196 187 187 188
"28" 279 131 369 371 372 360 374 955 185 186 186 183 182 176 181 183 182 172 172 172
"29" 131 91 141 955 473 452 273 201 184 187 186 185 185 180 183 184 184 178 178 178
"30" 422 82 108 375 177 171 167 955 187 187 185 184 181 167 172 181 180 164 164 164
"31" 72 34 77 84 89 100 342 955 186 186 184 184 183 178 181 183 183 177 177 177
"32" 180 398 407 833 412 414 426 955 176 177 178 177 176 172 174 176 176 169 169 170
"33" 427 158 466 612 600 600 607 955 216 218 217 214 214 201 212 214 213 192 192 193
"34" 166 289 955 955 955 857 955 232 184 186 186 184 183 178 182 184 183 174 174 174
"35" 89 64 85 95 96 109 130 179 178 179 180 180 180 176 178 179 179 174 174 174
"36" 495 50 955 955 705 490 795 955 198 198 197 195 195 189 193 196 195 186 186 186
"37" 885 652 955 955 658 654 658 955 177 178 179 178 178 174 177 178 178 170 171 171
"38" 129 105 156 176 182 182 196 186 170 170 171 171 172 168 170 172 170 165 165 165
"39" 662 785 955 955 873 854 832 955 170 170 171 170 169 165 168 170 169 163 163 164
"40" 293 82 775 283 279 267 266 955 185 186 182 182 181 174 179 181 181 170 171 171
"41" 257 251 262 266 266 272 869 955 192 192 190 191 191 186 191 192 191 181 182 182
"42" 87 65 87 126 124 130 134 361 182 183 183 182 182 178 181 182 182 176 176 176
"43" 251 361 430 423 419 413 409 955 179 180 178 179 178 172 176 177 178 168 168 169
"44" 305 130 537 583 509 500 507 955 202 202 200 199 199 194 197 200 200 190 189 189
"45" 84 59 92 112 126 132 436 179 180 186 186 187 191 177 181 188 189 171 171 172
"46" 77 47 64 100 109 955 955 955 309 311 200 199 197 190 195 200 198 185 185 186
"47" 345 423 444 443 446 429 461 955 232 235 203 228 226 190 197 200 201 177 179 180
"48" 271 293 955 955 277 268 267 955 178 179 179 179 178 175 177 178 178 174 174 174
"49" 349 361 365 360 343 323 324 261 200 206 203 201 202 197 198 201 200 184 191 192
"50" 483 180 613 593 462 455 455 955 244 246 245 245 244 238 242 245 243 231 232 232
"51" 730 654 655 657 654 648 649 955 196 195 195 194 193 188 191 193 193 184 184 184
"52" 375 471 484 479 462 442 438 955 188 188 188 187 187 183 186 187 187 182 182 182
"53" 108 70 89 95 424 410 411 955 183 184 184 184 183 180 182 183 183 178 178 178
"54" 157 138 955 153 732 955 735 955 185 184 184 182 181 174 178 181 180 168 168 168
"55" 259 258 266 267 265 259 268 201 176 177 177 177 176 171 174 176 176 167 168 168
"56" 435 491 955 955 479 482 490 955 188 190 187 185 184 179 183 185 185 177 178 177
"57" 86 61 78 87 703 693 692 955 184 191 184 183 184 178 182 186 184 174 175 175
"58" 87 77 102 108 143 783 791 955 193 194 191 190 189 182 188 190 189 176 176 176
"59" 132 364 421 417 415 350 403 955 220 247 217 215 215 205 213 217 216 192 194 194
"60" 282 174 563 539 271 266 268 955 204 207 201 201 201 189 198 204 204 176 177 177
"61" 323 102 955 955 441 438 445 955 228 230 198 198 198 190 196 199 199 177 182 182
"62" 298 955 955 955 955 630 630 955 181 181 181 180 180 175 179 180 179 170 171 171
"63" 107 62 97 107 124 134 139 955 179 181 181 180 180 175 178 180 179 172 172 172
"64" 693 725 772 955 430 417 415 955 249 265 251 246 246 235 246 250 247 185 184 184
"65" 279 222 348 342 339 333 334 955 218 222 217 214 213 200 210 215 213 192 193 193
"66" 863 62 85 847 665 678 700 955 189 190 189 188 189 184 187 189 189 180 181 181
"67" 492 955 955 955 819 787 784 955 195 197 197 195 197 191 194 197 197 186 187 187
"68" 143 367 558 554 433 433 438 955 231 228 226 221 220 206 219 222 221 197 198 199
"69" 111 85 108 118 116 137 143 955 223 224 224 223 223 185 199 224 223 174 175 175
"70" 760 762 877 767 762 843 847 955 237 245 240 237 235 198 232 235 234 190 190 190
"71" 197 398 418 542 549 542 557 955 259 316 215 211 207 193 202 208 208 181 182 182
"72" 465 679 750 668 659 660 666 955 202 202 205 203 202 196 200 202 202 184 183 184
"73" 119 125 861 849 689 389 632 955 201 201 197 195 194 184 193 196 193 176 176 176
"74" 118 50 107 118 122 126 143 955 191 192 190 190 190 184 187 190 190 180 180 180
"75" 265 256 519 552 554 423 425 955 187 191 188 186 184 176 181 183 183 168 169 169
"76" 77 100 365 560 371 368 455 955 193 193 193 192 191 186 190 192 192 183 183 183
"77" 590 614 955 955 955 955 955 955 195 197 196 195 195 188 192 195 195 183 183 183
"78" 160 69 143 154 160 168 186 955 184 184 183 184 184 178 182 183 183 172 172 172
"79" 77 86 707 711 721 197 449 955 183 184 183 184 183 170 181 183 183 164 165 164
"80" 276 65 955 955 951 771 765 955 203 202 202 201 200 192 198 201 201 187 187 187
"81" 87 52 69 79 85 94 147 193 179 182 182 181 181 175 179 181 181 170 171 171
"82" 99 67 110 129 145 130 169 955 190 190 190 190 190 184 187 190 190 183 183 183
"83" 95 95 227 955 955 955 955 955 209 209 196 198 208 192 197 209 209 182 182 182
"84" 109 62 78 86 112 176 274 235 206 208 209 207 206 200 204 206 205 196 196 196
"85" 68 59 78 88 101 187 955 955 174 176 176 175 176 171 175 176 175 168 169 169
"86" 188 162 955 589 185 168 183 196 190 191 190 190 191 186 188 191 191 172 170 165
"87" 134 110 135 141 142 157 169 955 311 358 309 286 276 201 271 285 278 195 195 195
"88" 191 414 955 955 955 903 910 955 193 193 191 190 190 184 187 189 190 179 179 179
"89" 513 72 91 98 112 376 955 955 227 237 227 222 210 189 217 221 221 180 180 181
"90" 285 49 955 955 888 886 955 955 177 178 177 177 177 171 174 177 177 168 168 168
"91" 169 144 196 210 211 229 504 955 197 200 197 195 197 190 193 196 197 185 185 185
"92" 322 350 529 519 363 357 357 955 167 168 168 168 168 164 166 167 167 164 164 164
"93" 566 421 579 601 420 390 388 378 221 223 223 221 220 212 217 219 218 195 195 195
"94" 99 51 90 123 128 128 130 955 177 178 178 178 179 174 177 180 179 170 170 171
"95" 510 745 756 760 591 593 601 955 170 171 171 169 169 165 169 170 170 163 164 164
"96" 311 66 326 338 413 421 434 955 185 186 186 185 185 179 184 185 185 173 173 173
"97" 124 53 593 564 557 483 483 955 199 201 202 200 199 194 197 198 199 181 182 182
"98" 176 177 270 288 286 325 344 955 955 955 955 257 253 242 254 404 258 188 190 191
"99" 221 354 374 955 955 253 254 955 183 184 183 182 181 177 180 181 181 172 172 172
"100" 268 60 192 955 477 446 445 955 171 172 172 171 171 167 170 171 171 167 167 167
"101" 421 476 481 479 478 483 556 955 189 189 188 186 185 179 183 186 186 175 176 176
"102" 762 90 827 840 698 697 955 955 239 240 196 195 194 184 191 194 192 176 177 176
"103" 175 162 197 955 561 466 472 955 170 170 170 169 169 164 168 170 169 162 162 163
"104" 484 53 860 857 425 404 405 955 182 182 182 181 180 176 179 180 180 173 173 173
"105" 387 69 955 955 955 198 197 184 180 181 182 182 182 176 179 182 182 169 169 169
"106" 591 277 691 273 263 252 246 955 191 192 192 192 191 186 188 190 190 182 182 182
"107" 89 45 93 615 98 324 291 304 247 249 251 251 250 240 246 249 248 197 199 199
"108" 58 48 955 955 196 955 955 955 204 204 204 203 203 199 202 203 202 194 195 196
"109" 302 308 955 598 596 327 598 955 235 235 235 231 229 223 229 231 230 203 205 206
"110" 316 77 683 679 361 361 155 955 237 237 231 207 205 193 201 232 209 185 185 186
"111" 389 426 451 454 578 568 573 955 182 183 181 180 180 175 179 180 181 172 172 172
"112" 511 480 714 711 955 475 480 955 199 200 200 198 197 190 195 197 196 186 186 186
"113" 234 237 325 955 766 758 755 955 196 198 197 197 197 192 193 196 196 189 189 189
"114" 275 400 405 393 346 258 262 310 189 188 186 179 180 170 176 187 186 165 165 165
"115" 43 44 155 155 122 109 117 955 200 202 197 196 197 186 191 196 199 176 176 177
"116" 183 122 145 156 154 160 170 955 180 181 180 180 180 175 178 180 179 172 173 173
"117" 124 75 94 110 113 132 158 955 183 184 183 182 181 177 180 182 182 173 173 173
"118" 102 87 124 135 136 557 560 955 238 240 237 233 232 192 231 233 232 184 184 185
"119" 955 955 955 955 508 493 955 955 190 190 191 191 190 186 189 190 190 185 185 185
"120" 524 153 955 955 955 519 940 955 246 250 238 227 222 193 201 225 223 184 184 185
"121" 168 67 116 131 124 127 164 955 216 222 202 203 201 197 199 202 202 194 194 194
"122" 777 180 955 955 162 146 121 955 192 199 195 200 237 185 188 192 191 177 178 177
"123" 96 59 93 109 113 121 759 955 224 226 226 226 224 218 222 223 223 199 200 200
"124" 955 68 955 955 955 282 286 202 180 182 181 180 180 174 177 180 180 169 170 170
"125" 351 940 955 932 811 806 809 955 220 224 224 220 219 208 216 219 218 200 201 201
"126" 66 42 91 103 113 122 135 955 192 194 194 192 191 186 188 190 190 181 182 182
"127" 955 105 955 955 955 955 955 955 197 198 198 197 196 191 193 195 195 187 187 187
"128" 50 49 360 358 282 259 266 955 174 175 175 174 174 171 173 174 174 170 170 170
"129" 522 528 562 544 541 530 531 955 285 287 283 278 263 231 261 278 266 222 222 223
"130" 391 107 430 444 455 457 462 955 273 277 228 224 223 215 220 226 221 200 202 202
"131" 238 82 955 955 397 354 351 955 194 196 194 194 194 189 193 194 194 187 187 187
"132" 104 85 444 439 305 294 297 955 242 261 199 235 198 177 186 240 230 169 169 170
"133" 78 66 83 86 115 113 135 955 200 201 201 199 198 192 196 199 198 186 187 187
"134" 559 624 627 626 617 475 459 202 236 238 236 231 230 220 231 233 231 197 196 197
"135" 175 114 142 150 152 178 199 955 186 189 189 190 189 184 185 187 188 180 179 179
"136" 412 508 955 955 955 955 955 955 191 191 188 187 186 180 184 188 188 175 175 175
"137" 207 345 955 338 293 280 282 253 217 218 217 216 215 199 213 215 216 195 195 196
"138" 151 110 138 870 600 286 287 955 211 214 212 211 211 205 208 211 210 198 199 199
"139" 692 700 955 774 685 268 267 955 196 197 197 196 195 190 194 195 195 186 186 186
"140" 117 112 128 137 135 135 158 189 167 174 167 167 167 162 165 168 169 161 161 161
"141" 350 62 75 76 72 77 77 955 197 198 198 197 197 192 196 197 197 188 188 188
"142" 289 955 955 955 475 320 319 108 178 182 181 182 183 177 178 182 182 162 162 159
"143" 284 356 955 955 821 815 816 955 187 187 186 185 185 177 183 187 186 173 174 174
"144" 147 126 152 164 157 166 195 202 190 191 188 189 190 181 186 190 190 173 174 174
"145" 301 301 340 324 312 304 300 293 187 188 182 182 181 174 179 181 180 171 171 171
"146" 101 55 85 488 423 400 399 955 182 183 182 181 182 176 179 182 182 172 172 172
"147" 177 224 955 414 410 402 402 955 237 240 202 200 200 189 198 232 201 184 184 184
"148" 150 57 135 284 267 146 133 191 178 179 179 178 179 174 178 179 179 170 171 171
"149" 198 41 955 939 874 857 869 955 177 178 177 176 176 171 174 176 175 169 170 170
"150" 466 764 777 955 723 719 719 955 202 237 237 234 232 196 199 206 205 170 172 172
"151" 449 73 146 516 192 172 187 955 190 200 194 194 196 184 188 194 195 174 174 174
"152" 304 779 801 805 905 955 955 192 186 186 186 186 187 181 184 186 185 177 177 178
"153" 104 62 94 113 118 133 441 955 265 271 261 257 253 210 253 260 256 196 196 196
"154" 304 296 955 955 285 285 291 955 232 288 224 216 216 203 217 222 221 196 196 196
"155" 110 120 912 916 508 155 154 955 186 187 186 184 184 179 182 184 185 175 175 175
"156" 119 87 103 113 104 104 132 315 196 196 194 195 194 184 188 193 193 179 179 179
"157" 242 955 955 955 955 955 955 955 183 185 183 182 183 175 180 183 183 170 170 170
"158" 175 549 622 605 506 487 487 955 185 186 186 184 183 176 182 184 182 172 172 172
"159" 98 87 955 955 955 955 955 215 211 211 212 212 212 199 210 211 211 191 191 191
"160" 536 105 126 440 419 420 429 955 182 184 182 181 180 176 178 179 180 173 173 174
"161" 350 111 486 742 701 345 348 955 215 218 218 215 215 205 211 216 215 195 194 194
"162" 327 389 429 404 255 238 236 187 174 175 175 175 174 170 173 174 174 169 169 169
"163" 415 369 711 671 640 478 474 955 197 212 195 191 189 181 187 190 189 176 176 176
"164" 380 52 383 375 363 269 272 192 187 191 192 190 191 183 189 191 190 173 174 174
"165" 58 43 57 68 80 412 412 955 191 191 191 191 191 186 189 191 191 184 184 184
"166" 322 627 955 955 415 404 408 955 210 211 212 210 209 198 205 209 209 191 191 191
"167" 764 578 875 955 335 320 325 289 192 193 192 191 191 185 188 191 191 179 180 180
"168" 232 353 362 343 345 331 333 317 198 198 198 198 198 193 197 198 198 182 183 183
"169" 198 55 955 555 551 551 553 342 211 213 212 209 208 186 206 210 208 180 181 181
"170" 469 99 130 143 678 675 678 955 187 189 189 187 188 183 186 188 188 175 175 175
"171" 906 955 955 955 955 955 955 955 196 201 194 191 193 184 190 195 194 176 176 176
"172" 188 75 142 158 156 146 147 955 207 207 208 208 207 200 204 207 207 182 182 183
"173" 528 113 170 556 550 285 294 955 204 206 205 204 203 195 201 204 203 182 182 183
"174" 406 414 465 466 440 432 430 955 198 199 197 199 199 192 192 197 198 174 176 176
"175" 486 347 687 517 511 509 514 955 187 188 188 187 186 181 184 187 186 177 177 177
"176" 519 592 597 595 591 589 590 955 189 187 187 187 186 182 186 187 187 160 165 167
"177" 188 75 242 206 199 202 227 955 303 306 241 223 219 202 214 220 218 193 193 194
"178" 344 324 537 543 506 497 501 955 191 188 188 187 186 182 185 187 187 180 180 181
"179" 288 289 651 633 520 521 614 955 203 204 203 202 203 198 201 203 203 196 196 196
"180" 598 74 515 511 493 489 493 955 295 360 296 274 263 199 210 274 262 190 190 190
"181" 148 89 116 111 112 122 133 188 180 181 179 179 180 173 178 181 180 169 170 170
"182" 218 320 955 529 526 388 509 194 181 183 184 183 183 178 180 182 181 175 176 176
"183" 324 147 400 403 396 175 168 955 188 188 185 185 186 174 181 186 187 167 168 168
"184" 200 62 282 283 263 263 263 199 172 172 173 173 172 168 171 172 171 167 167 167
"185" 357 49 380 381 363 350 352 955 199 228 195 193 193 181 192 200 196 174 174 174
"186" 158 106 128 160 158 155 458 955 186 186 185 184 185 181 183 185 185 179 179 179
"187" 287 111 152 372 419 154 338 955 203 202 182 181 182 172 178 184 181 168 169 169
"188" 259 266 955 725 499 273 223 182 176 178 177 176 177 170 174 176 176 167 167 167
"189" 167 165 452 454 438 425 422 955 199 297 196 195 195 186 192 194 193 179 179 179
"190" 265 526 955 955 955 358 362 955 203 204 203 203 203 197 201 203 202 192 191 191
"191" 311 312 801 795 769 765 764 955 223 318 226 223 220 206 218 220 219 195 193 194
"192" 213 390 470 472 370 368 379 955 209 304 204 200 199 193 197 200 201 186 186 186
"193" 194 191 205 330 327 325 324 955 199 201 200 198 200 177 198 200 199 169 167 167
"194" 49 42 51 58 59 65 111 955 383 388 224 219 214 202 210 222 221 196 196 196
"195" 914 50 955 955 955 543 547 955 259 260 260 257 256 195 255 258 256 172 172 170
"196" 170 120 160 174 188 197 287 277 221 222 219 216 214 207 213 214 213 202 203 203
"197" 139 284 319 955 942 843 836 955 194 194 194 191 191 184 189 192 190 178 179 179
"198" 704 709 955 727 614 574 569 955 271 284 268 262 259 187 257 262 259 179 179 180
"199" 955 955 955 955 955 955 955 955 209 209 209 208 207 203 206 207 207 202 202 202
"200" 201 216 640 429 416 418 412 955 214 217 214 211 209 188 203 212 210 183 182 182
"201" 520 71 168 441 437 436 443 955 180 181 181 181 181 177 180 180 180 176 176 176
"202" 568 584 619 621 613 612 619 955 239 241 240 239 238 233 236 238 238 228 228 228
"203" 256 84 379 458 357 333 332 955 192 192 180 180 180 174 178 180 181 171 171 171
"204" 136 77 104 143 139 144 362 955 277 282 218 217 215 208 210 216 215 192 192 192
"205" 955 955 955 955 524 515 955 955 246 253 246 243 241 207 242 243 242 174 175 176
"206" 106 74 100 148 148 162 161 198 177 179 178 177 176 171 174 176 175 169 169 170
"207" 93 78 99 428 406 407 414 955 207 209 209 208 207 200 203 206 204 194 194 194
"208" 377 145 552 476 309 304 313 480 196 198 196 195 195 186 192 196 195 180 180 180
"209" 97 310 379 371 357 347 349 586 182 183 182 182 181 176 180 181 181 174 174 174
"210" 630 955 955 955 955 955 955 955 176 175 174 174 174 169 173 175 174 167 168 168
"211" 267 283 856 860 854 296 850 195 193 193 193 192 193 186 192 193 193 179 179 180
"212" 121 59 118 124 73 116 128 484 198 201 195 195 194 189 192 194 195 179 181 181
"213" 372 404 488 479 149 163 170 955 189 189 188 187 187 182 185 187 187 178 178 178
"214" 268 46 101 105 122 955 955 955 184 186 186 185 185 178 183 185 185 174 174 175
"215" 309 385 378 365 356 341 345 955 201 202 201 200 202 194 197 201 202 190 189 190
"216" 281 164 441 437 432 425 301 955 188 231 189 187 187 182 185 187 186 180 180 180
"217" 468 91 383 384 385 388 521 955 259 261 254 250 248 202 248 251 249 185 186 186
"218" 60 47 66 75 75 89 112 198 184 186 185 186 187 181 183 186 186 175 175 175
"219" 60 47 61 65 79 87 315 955 195 197 190 192 195 177 182 195 196 173 173 174
"220" 613 159 186 165 160 158 162 955 193 195 195 195 198 190 193 196 198 183 181 182
"221" 295 372 955 955 955 269 274 210 181 182 181 181 181 175 177 180 179 166 167 168
"222" 59 53 65 75 79 131 296 955 281 282 282 279 238 189 234 280 280 178 178 179
"223" 318 98 132 133 126 159 168 955 194 195 195 194 194 190 192 194 193 189 189 189
"224" 142 50 712 706 707 718 735 955 192 193 192 192 192 188 191 192 192 187 187 187
"225" 290 68 200 547 460 444 443 955 242 244 239 238 238 207 236 240 238 197 198 198
"226" 258 650 650 642 524 514 515 955 216 217 219 217 216 210 214 216 216 206 207 207
"227" 238 65 81 412 355 343 283 955 170 170 170 170 170 167 168 169 170 166 166 166
"228" 632 52 71 77 81 348 350 262 195 198 195 195 195 187 191 195 194 175 175 175
"229" 274 327 334 333 326 319 319 955 185 188 188 186 186 180 183 186 186 175 175 175
"230" 222 955 955 640 614 599 600 955 368 370 361 266 238 201 213 354 266 181 181 181
"231" 200 51 955 955 955 955 955 955 191 193 192 192 191 184 187 191 191 173 173 174
"232" 80 87 117 136 138 135 140 334 185 190 187 186 185 178 182 184 184 174 174 173
"233" 627 75 121 134 137 133 143 173 180 184 185 184 185 177 180 182 183 169 168 168
"234" 55 49 105 123 131 142 177 955 200 201 200 200 201 195 199 201 201 182 182 183
"235" 438 445 955 592 556 548 546 955 206 210 203 200 200 177 198 202 200 171 171 172
"236" 351 104 521 509 506 510 509 955 175 177 177 176 176 171 174 175 176 168 167 168
"237" 98 60 79 94 100 241 243 216 185 186 186 185 184 178 182 183 183 174 174 175
"238" 69 68 110 155 156 167 169 155 200 201 202 201 203 193 200 202 201 165 168 174
"239" 186 96 117 124 367 346 334 955 205 209 201 192 199 173 180 201 203 168 169 169
"240" 104 955 955 955 892 902 955 955 212 228 215 210 209 193 204 208 209 189 189 189
"241" 334 64 411 430 404 396 398 955 198 197 192 185 187 180 185 195 189 178 178 178
"242" 260 274 955 955 955 468 474 189 175 176 176 175 175 170 173 175 175 166 166 166
"243" 955 66 955 781 757 737 735 955 195 207 198 197 194 183 186 193 192 172 173 173
"244" 465 270 480 892 474 468 475 955 179 179 179 178 177 173 176 178 178 171 171 171
"245" 155 57 330 321 308 302 305 955 248 248 244 240 215 197 208 244 217 183 184 185
"246" 307 69 736 732 650 647 654 955 254 269 249 244 241 200 244 247 245 179 180 180
"247" 152 146 181 182 167 179 170 186 178 179 178 178 178 173 177 179 178 169 170 170
"248" 310 396 955 955 298 294 296 955 220 221 220 219 216 193 201 217 216 189 190 190
"249" 76 62 75 673 668 419 422 955 181 183 181 180 180 174 177 180 180 171 171 171
"250" 70 62 86 128 166 174 407 955 175 176 172 173 173 167 170 173 175 166 167 167
"251" 394 391 836 955 350 347 344 955 171 172 170 170 169 164 168 170 169 162 163 163
"252" 955 955 955 955 405 406 414 955 244 245 244 219 216 193 203 240 218 185 186 187
"253" 757 817 955 913 394 386 381 352 178 178 176 175 173 168 172 173 173 167 167 167
"254" 424 413 429 427 506 489 485 533 188 191 190 190 189 181 185 188 188 175 175 175
"255" 88 62 955 955 955 412 411 955 236 240 203 208 207 192 195 207 234 185 186 186
"256" 119 86 616 621 622 118 122 955 211 247 208 208 210 193 206 244 210 177 177 177
"257" 151 115 144 144 150 421 414 955 199 199 198 198 197 189 194 198 197 183 183 184
"258" 625 557 716 802 545 543 533 955 187 188 188 189 190 184 187 190 190 180 180 181
"259" 683 292 803 955 297 292 292 250 192 192 190 192 191 185 188 191 190 180 180 180
"260" 336 325 955 354 354 358 518 955 187 190 176 175 174 167 172 175 175 165 165 165
"261" 181 165 955 955 955 955 955 955 203 205 202 202 202 196 200 202 202 184 186 186
"262" 134 135 579 542 507 507 508 955 236 235 234 232 219 200 218 221 218 185 186 186
"263" 465 913 930 955 955 814 805 955 199 198 195 196 198 188 194 203 201 177 178 178
"264" 783 803 955 572 374 353 346 341 241 242 242 240 239 202 238 241 239 195 196 195
"265" 399 350 437 955 628 615 624 955 179 181 179 178 177 172 175 177 177 168 168 168
"266" 337 77 360 365 358 361 367 374 226 228 224 222 221 214 220 223 222 200 198 197
"267" 599 742 955 725 643 624 624 955 242 246 243 239 225 214 222 237 236 207 208 208
"268" 145 438 494 490 364 359 363 955 215 217 217 214 212 188 194 210 210 183 184 184
"269" 955 55 955 955 955 955 955 955 218 220 218 216 215 200 213 217 214 189 190 191
"270" 75 48 85 722 725 396 398 186 179 180 180 179 179 176 178 179 179 175 175 175
"271" 576 441 670 674 685 444 449 955 198 199 198 197 197 191 195 197 196 176 177 177
"272" 466 450 786 789 791 490 834 955 209 210 207 206 206 187 204 206 206 177 178 178
"273" 955 955 955 950 938 931 933 955 196 200 197 196 196 191 194 195 195 189 189 189
"274" 181 171 188 955 915 183 186 189 182 183 183 183 183 177 181 183 183 172 172 173
"275" 182 808 813 808 777 515 520 189 184 186 185 185 186 180 184 186 186 176 176 177
"276" 119 123 258 269 462 361 360 955 178 180 179 179 179 174 177 179 178 170 171 171
"277" 194 160 213 627 217 288 288 199 199 201 200 203 203 189 188 200 200 180 180 180
"278" 77 81 814 812 267 259 262 208 199 200 200 200 200 196 198 200 200 194 194 194
"279" 422 151 467 465 477 490 798 955 200 202 200 197 195 180 184 193 196 172 173 173
"280" 348 73 684 523 500 486 487 955 173 173 173 172 172 167 171 172 171 166 166 166
"281" 302 106 600 594 571 554 557 955 206 207 205 204 204 197 200 204 205 181 183 184
"282" 244 91 955 955 119 123 271 206 177 178 177 177 177 173 175 177 177 168 168 168
"283" 75 65 81 107 114 514 514 955 176 175 175 174 173 170 173 174 174 169 169 169
"284" 111 350 361 370 381 376 378 955 179 180 178 178 178 173 176 178 177 164 166 166
"285" 79 60 86 955 955 555 555 955 229 253 235 230 227 218 225 228 227 211 212 212
"286" 119 58 113 120 122 123 120 955 192 193 193 193 192 188 190 191 192 184 184 184
"287" 117 95 127 171 183 301 296 955 188 188 186 186 185 177 180 183 183 172 172 173
"288" 244 648 670 955 955 596 621 955 190 192 190 189 189 182 188 190 189 178 179 179
"289" 118 111 430 417 417 416 415 955 291 296 265 226 224 209 224 261 225 190 191 190
"290" 311 63 955 955 600 524 531 237 219 224 225 223 224 213 219 223 223 200 201 202
"291" 805 824 859 955 295 249 250 955 181 182 182 181 182 178 180 182 182 177 177 177
"292" 576 908 955 919 555 552 555 955 182 183 182 180 180 174 178 181 180 169 169 169
"293" 119 57 69 109 113 115 136 955 255 288 250 244 240 192 238 242 239 174 176 176
"294" 381 77 118 454 441 410 408 441 265 334 265 259 256 207 256 259 259 196 196 197
"295" 282 107 955 955 537 541 955 955 165 165 166 166 166 163 165 166 166 162 162 162
"296" 750 871 955 871 730 719 720 955 204 206 205 203 203 195 200 203 203 184 184 185
"297" 267 273 314 320 317 300 299 955 195 196 195 193 193 187 190 193 194 181 181 182
"298" 367 71 130 139 123 126 147 955 219 221 218 214 213 202 209 215 212 185 185 185
"299" 376 63 372 356 346 284 268 201 192 193 192 191 192 187 190 192 192 184 184 184
"300" 101 116 955 955 666 353 337 955 185 185 185 185 184 180 183 184 184 177 177 177
"301" 619 84 379 356 355 353 356 955 178 178 177 176 176 170 176 178 177 167 167 167
"302" 229 172 261 272 955 681 198 192 169 170 170 170 170 166 169 169 169 164 164 164
"303" 256 888 955 955 955 955 955 955 191 192 191 192 190 185 188 190 190 181 181 181
"304" 136 82 126 146 145 159 168 190 176 177 177 177 176 171 174 176 176 168 169 169
"305" 66 53 69 955 955 955 955 955 255 260 262 258 254 240 251 255 253 217 218 218
"306" 93 86 166 173 424 400 395 955 258 260 258 254 251 237 252 255 252 215 220 222
"307" 189 71 948 949 542 538 554 955 179 180 179 179 180 175 178 180 180 173 173 173
"308" 311 955 955 955 955 447 955 189 183 185 185 185 186 181 183 185 185 178 179 179
"309" 379 388 400 390 360 242 242 199 173 174 174 173 173 169 171 173 172 168 168 168
"310" 282 256 268 257 252 251 252 201 183 185 184 183 182 175 179 182 182 168 168 167
"311" 323 402 403 399 396 383 383 955 189 192 191 189 188 182 185 188 187 177 177 178
"312" 267 434 455 452 439 436 437 955 180 182 181 181 181 175 178 180 179 169 170 170
"313" 89 66 86 98 355 347 347 955 185 185 185 185 185 179 183 185 184 176 177 177
"314" 303 106 955 955 588 548 378 955 204 204 203 203 202 187 200 202 202 178 178 178
"315" 463 462 474 471 467 448 453 955 196 196 196 195 195 190 194 196 196 186 186 186
"316" 487 60 512 510 507 507 510 955 323 327 325 320 308 233 306 320 319 190 189 189
"317" 448 529 955 955 541 540 190 955 191 191 192 191 191 186 188 190 190 177 176 177
"318" 723 58 955 884 875 865 863 955 266 269 193 192 194 184 189 198 194 175 175 176
"319" 291 97 474 955 638 267 269 212 196 196 192 191 194 184 192 196 195 172 173 173
"320" 591 598 630 635 114 105 108 955 196 353 198 198 197 189 193 195 197 172 164 163
"321" 168 140 168 187 188 412 412 955 273 278 276 273 271 264 271 273 272 225 227 227
"322" 234 240 501 495 496 549 229 955 361 362 357 339 296 196 204 302 301 187 187 187
"323" 104 54 81 89 93 100 120 955 208 210 207 205 206 193 204 207 206 185 186 186
"324" 96 58 81 101 103 124 953 200 194 195 195 194 194 188 193 195 194 185 185 185
"325" 133 82 131 135 571 582 626 955 241 245 245 244 236 222 232 238 235 190 191 192
"326" 183 479 564 595 616 595 592 955 251 287 250 247 243 200 240 246 244 180 181 182
"327" 312 323 955 333 323 326 333 955 237 263 241 238 235 200 234 236 235 189 190 190
"328" 94 56 94 97 99 99 114 955 181 183 183 183 182 177 179 180 181 173 173 173
"329" 90 74 99 102 114 114 266 246 209 209 209 208 208 195 206 208 208 191 191 191
"330" 107 103 125 614 610 590 287 955 213 217 212 211 210 202 209 211 211 196 196 196
"331" 106 94 859 937 838 831 482 955 192 201 190 192 191 182 188 191 192 172 173 173
"332" 269 50 278 278 309 302 353 955 221 222 218 217 217 209 217 220 218 198 198 198
"333" 169 74 134 146 142 153 173 955 263 263 208 256 211 195 207 257 254 187 188 188
"334" 58 50 91 428 580 532 534 955 190 193 193 191 191 185 187 190 190 181 181 181
"335" 401 66 955 955 643 621 619 955 281 298 283 278 259 248 258 277 276 203 240 240
"336" 362 367 955 955 955 955 742 955 192 193 192 193 193 187 190 192 192 183 183 183
"337" 677 955 955 955 955 714 713 955 191 193 191 191 191 184 188 190 190 179 179 179
"338" 295 372 955 955 348 328 333 955 175 178 178 176 174 168 170 173 173 165 165 165
"339" 799 338 955 955 498 283 280 955 245 249 247 244 243 230 242 245 244 190 193 198
"340" 109 123 316 316 298 297 295 264 192 193 192 191 192 187 191 193 192 182 183 183
"341" 69 56 955 458 448 437 436 955 239 240 225 212 216 192 215 223 217 186 186 186
"342" 733 955 955 955 955 729 730 955 185 187 187 186 186 180 183 184 185 177 177 177
"343" 150 34 130 172 161 164 541 955 191 192 189 187 186 179 184 186 186 175 175 175
"344" 121 264 955 371 325 364 363 955 197 198 197 193 192 184 190 195 194 177 177 178
"345" 60 49 66 82 72 80 88 493 216 214 212 211 210 196 210 211 211 183 183 184
"346" 33 31 44 53 56 64 92 955 206 208 208 206 206 190 201 206 206 178 179 179
"347" 95 88 109 116 110 110 156 955 230 235 231 229 228 217 226 231 229 188 187 186
"348" 67 77 955 955 406 295 399 198 188 190 190 188 188 183 185 187 188 177 178 178
"349" 554 63 127 689 678 685 955 955 289 293 263 260 231 198 226 233 227 188 189 190
"350" 810 75 832 847 798 798 798 955 246 247 245 241 240 196 241 243 241 181 181 182
"351" 329 66 955 955 955 955 955 955 214 217 214 212 211 203 210 213 212 191 191 190
"352" 414 346 721 713 719 719 724 231 181 182 179 179 179 174 178 180 179 168 167 168
"353" 351 357 955 955 835 832 155 955 180 182 181 179 180 174 178 180 181 170 157 159
"354" 122 101 955 955 955 287 278 193 180 182 181 182 182 176 179 182 182 171 171 171
"355" 747 955 955 955 955 399 402 955 185 187 187 187 187 183 184 186 187 179 179 179
"356" 850 85 955 955 955 856 955 955 192 192 192 192 191 187 190 192 191 184 185 185
"357" 646 651 655 656 636 636 645 955 201 205 205 204 203 186 198 201 202 179 180 180
"358" 47 36 58 493 496 400 538 368 187 187 186 186 185 181 184 185 186 177 177 177
"359" 327 331 341 341 334 330 334 955 247 248 218 218 247 195 199 208 247 192 192 192
"360" 137 75 142 200 187 182 179 955 233 237 231 230 227 210 223 229 225 196 195 195
"361" 749 51 955 955 955 955 955 955 255 261 254 253 252 199 250 256 254 186 187 187
"362" 211 46 572 566 509 370 570 955 211 222 222 222 222 196 212 221 221 192 192 192
"363" 300 466 572 574 558 479 547 955 188 190 191 189 191 183 188 191 191 178 178 178
"364" 100 79 139 828 807 804 809 955 187 187 185 184 184 175 181 184 184 169 170 170
"365" 822 45 955 955 414 379 378 955 192 193 192 191 191 184 189 190 191 178 178 178
"366" 98 90 155 891 860 853 857 955 180 181 181 181 181 177 179 180 181 176 176 176
"367" 148 67 171 178 173 153 143 955 196 200 198 198 198 187 190 196 197 178 176 178
"368" 491 461 470 467 459 360 362 955 173 174 175 173 173 169 172 173 173 166 166 166
"369" 721 722 724 726 727 732 738 955 194 198 183 183 184 174 178 186 183 171 172 172
"370" 170 92 129 145 158 179 200 947 234 242 240 239 235 200 230 236 234 191 191 191
"371" 346 720 733 369 302 263 264 955 196 199 195 194 194 185 189 194 194 176 176 176
"372" 60 58 84 94 98 118 142 955 198 200 198 197 198 191 196 199 198 175 177 177
"373" 347 349 717 708 339 335 340 955 195 226 197 190 190 181 187 189 192 177 177 177
"374" 85 64 86 93 90 101 103 955 213 264 263 260 246 205 210 260 257 166 170 173
"375" 373 374 384 380 284 264 260 190 171 172 173 173 172 168 171 171 171 166 167 167
"376" 624 626 660 666 955 354 354 955 178 179 179 177 177 173 176 177 177 172 172 172
"377" 330 272 362 384 322 323 363 955 199 201 199 197 195 187 191 194 194 182 182 182
"378" 138 90 145 471 172 166 169 955 201 277 200 200 202 193 200 204 203 185 186 186
"379" 47 37 145 151 148 158 177 955 221 273 271 271 267 214 217 269 269 198 198 198
"380" 85 61 86 122 137 123 119 955 187 188 187 185 186 181 185 186 185 177 178 178
"381" 292 92 955 492 458 449 450 174 173 173 173 173 173 170 172 173 172 167 167 167
"382" 739 468 818 809 800 796 682 955 195 199 196 195 195 189 191 194 194 184 184 184
"383" 209 223 427 425 425 423 432 510 195 197 196 194 194 189 192 195 195 182 183 183
"384" 116 108 665 662 660 645 645 216 196 199 196 198 200 180 195 201 200 172 172 172
"385" 663 91 955 179 178 181 197 955 184 185 186 185 184 179 182 184 184 174 175 175
"386" 738 930 940 936 892 890 893 955 241 242 188 186 186 177 181 201 238 175 175 175
"387" 240 253 955 955 955 728 728 955 194 197 196 195 195 189 194 195 195 183 183 184
"388" 277 108 294 300 292 300 755 955 223 225 223 211 207 190 208 220 210 173 174 174
"389" 459 476 955 955 813 791 777 955 189 191 190 189 189 183 188 189 188 179 180 180
"390" 289 369 564 565 361 573 629 955 182 187 186 183 182 175 179 181 182 171 171 171
"391" 84 66 82 90 98 126 648 351 218 220 213 211 210 200 210 212 211 187 187 187
"392" 752 523 530 514 361 274 290 197 171 171 171 171 171 167 170 171 171 165 166 166
"393" 435 451 463 425 420 414 414 437 248 250 197 195 194 180 193 199 195 172 173 173
"394" 144 65 82 91 389 357 189 955 204 230 239 201 224 191 199 216 203 182 182 182
"395" 47 47 61 72 84 87 143 955 177 178 178 179 178 173 174 177 179 171 172 172
"396" 428 268 790 784 778 675 674 955 187 188 188 187 187 182 186 187 187 180 180 180
"397" 263 310 318 317 312 291 293 955 184 184 184 183 183 177 181 183 182 172 172 173
"398" 107 103 125 132 131 137 157 955 183 183 183 183 182 177 180 182 182 173 174 174
"399" 96 955 955 955 955 368 361 955 190 191 190 191 190 184 188 189 190 170 170 170
"400" 194 264 286 278 267 258 258 267 210 227 221 213 209 197 201 210 208 192 192 193
"401" 115 606 623 652 668 668 866 955 217 219 218 216 216 210 215 216 216 196 196 197
"402" 323 70 955 955 953 945 945 955 176 176 177 176 178 172 176 179 179 169 170 170
"403" 337 141 955 955 955 195 311 200 189 190 191 190 190 185 188 189 188 182 182 182
"404" 186 171 579 577 563 562 563 955 171 171 172 172 171 168 170 171 171 165 166 166
"405" 90 94 499 477 476 469 478 955 227 227 226 224 223 193 220 226 224 186 186 186
"406" 437 187 955 955 955 194 190 195 174 181 174 174 174 168 172 174 175 166 166 166
"407" 228 76 955 955 343 339 344 955 194 195 194 194 194 187 189 193 194 184 184 184
"408" 180 61 955 955 854 843 850 955 183 183 183 182 182 179 181 183 183 178 178 178
"409" 156 70 107 125 125 147 161 955 240 225 223 222 222 178 194 226 221 169 170 170
"410" 340 409 412 378 367 363 365 955 181 181 181 180 179 174 178 180 179 170 171 171
"411" 99 75 95 105 115 123 132 955 204 282 202 204 202 193 198 202 201 186 186 186
"412" 73 46 76 127 248 245 245 955 195 196 193 191 190 183 189 192 191 177 177 177
"413" 81 75 93 103 98 110 108 178 178 181 181 181 180 176 178 180 179 172 172 172
"414" 227 172 955 955 944 250 258 955 198 200 198 196 196 188 194 197 195 181 181 181
"415" 246 205 282 955 255 234 235 178 171 171 172 172 172 168 169 171 171 166 166 166
"416" 955 955 955 955 955 955 955 955 205 231 208 207 204 195 201 203 203 182 182 182
"417" 354 81 97 402 120 382 384 955 194 194 192 191 191 186 190 192 192 182 182 183
"418" 279 749 955 955 778 756 772 212 178 179 177 177 178 173 177 179 178 169 170 170
"419" 955 626 955 633 623 614 621 201 200 201 201 201 202 195 198 201 200 188 188 188
"420" 487 47 955 955 955 955 955 955 204 206 205 203 204 198 202 205 204 193 193 193
"421" 58 58 677 670 652 368 646 955 186 186 186 185 185 181 184 186 186 179 179 179
"422" 393 432 455 469 394 370 375 955 283 286 257 245 240 205 242 249 244 195 196 197
"423" 296 955 955 955 955 388 955 209 182 182 180 180 179 172 175 178 179 169 169 169
"424" 287 763 955 955 632 320 624 955 245 246 202 205 208 191 201 245 245 185 185 185
"425" 82 91 420 130 114 127 401 394 242 247 245 237 238 227 235 241 239 191 191 191
"426" 184 85 867 870 288 278 282 209 194 194 195 195 195 189 193 195 194 184 185 185
"427" 475 484 510 516 527 564 884 955 207 207 192 190 190 176 189 192 193 172 172 172
"428" 262 147 184 200 377 379 392 955 196 197 197 197 197 192 194 196 196 180 181 182
"429" 155 382 955 955 946 835 903 955 192 193 192 191 190 184 189 191 191 178 178 178
"430" 181 191 546 545 530 438 439 955 194 192 191 190 190 183 190 192 192 176 176 177
"431" 892 922 955 414 300 292 366 955 205 205 202 200 200 182 196 202 202 174 174 175
"432" 243 388 473 470 469 327 327 955 217 220 218 218 217 207 212 215 216 191 192 191
"433" 118 110 641 639 634 509 624 955 191 192 192 194 194 187 189 193 193 182 183 183
"434" 66 48 78 80 80 80 318 955 246 248 244 241 239 228 240 242 241 211 212 212
"435" 267 436 955 955 304 300 302 955 242 244 242 241 240 232 239 241 241 200 194 194
"436" 104 106 155 180 183 174 187 955 188 190 190 188 187 180 184 188 187 173 173 173
"437" 305 315 955 955 382 301 303 955 189 190 190 190 189 183 186 189 188 180 180 180
"438" 172 80 97 126 122 129 149 955 190 189 189 188 188 179 185 188 188 174 174 174
"439" 143 51 76 74 75 103 116 955 239 242 241 237 232 189 191 233 229 185 185 185
"440" 72 48 59 70 77 101 107 955 193 193 190 188 188 180 186 190 190 175 175 175
"441" 48 50 88 84 88 108 120 955 169 170 170 170 170 166 168 169 169 165 165 165
"442" 85 58 81 121 661 657 659 955 195 196 197 196 195 192 194 195 195 189 190 190
"443" 270 46 356 356 311 285 284 396 213 214 214 211 210 203 209 211 210 194 194 194
"444" 254 52 260 260 265 253 256 955 176 177 177 175 175 169 173 175 175 166 166 167
"445" 266 788 801 849 796 580 571 955 196 198 195 194 194 187 192 196 195 183 183 184
"446" 83 56 78 82 77 79 109 955 239 261 230 222 221 214 222 238 235 206 200 201
"447" 465 481 509 507 509 501 502 955 247 250 247 243 197 184 190 201 196 181 181 181
"448" 83 214 237 242 246 248 357 955 210 210 201 201 198 186 195 201 201 176 175 175
"449" 54 52 68 71 141 166 546 955 217 218 219 218 216 205 211 215 215 196 197 197
"450" 447 514 517 508 504 504 508 955 222 223 220 219 217 193 216 219 218 188 188 188
"451" 213 187 394 261 262 275 277 235 188 188 185 187 185 176 180 184 184 171 171 171
"452" 178 126 214 215 220 935 933 955 203 204 206 203 204 198 202 203 203 194 194 194
"453" 126 112 955 384 356 322 317 955 193 194 193 193 192 187 189 191 191 184 183 183
"454" 955 463 955 955 955 955 955 955 206 233 201 229 227 168 172 228 201 165 165 165
"455" 201 91 121 209 198 211 347 955 200 201 199 198 198 190 194 198 197 183 183 184
"456" 509 467 955 955 955 550 548 955 219 219 218 216 217 203 212 221 220 189 190 190
"457" 326 482 507 546 462 448 451 955 178 180 180 179 179 175 177 179 179 171 171 171
"458" 69 71 659 641 627 623 626 955 202 204 202 199 200 189 197 200 200 177 176 177
"459" 143 94 633 632 636 601 602 955 193 193 192 192 193 189 191 193 193 188 188 188
"460" 278 180 657 642 634 182 186 955 229 231 200 195 195 185 191 196 195 177 178 178
"461" 184 89 181 504 183 485 474 955 317 339 338 331 296 205 287 333 304 197 197 197
"462" 210 56 194 211 214 217 230 955 227 228 225 223 222 215 221 223 222 209 209 210
"463" 217 54 143 147 141 143 164 955 186 187 187 186 186 181 183 186 186 177 177 177
"464" 75 55 73 84 95 110 256 224 176 176 177 175 175 170 173 175 174 167 167 167
"465" 249 323 601 589 585 459 464 955 406 410 406 401 395 246 394 400 396 204 207 207
"466" 430 55 571 585 63 68 632 955 193 194 193 190 189 179 188 190 189 175 176 176
"467" 164 136 175 174 160 160 174 955 199 201 200 198 199 191 195 199 200 172 171 170
"468" 268 98 422 427 421 378 378 955 196 195 194 194 195 188 194 196 196 174 174 175
"469" 326 311 314 301 284 277 280 259 195 198 197 196 196 189 192 195 195 183 175 178
"470" 178 119 142 159 152 168 176 266 215 219 205 203 205 189 201 212 204 179 181 181
"471" 581 580 603 955 384 375 377 417 185 183 182 179 179 173 178 181 180 170 170 170
"472" 270 955 955 955 955 955 955 955 208 209 209 208 207 199 204 206 206 181 182 182
"473" 224 251 271 266 274 334 711 955 182 184 183 182 182 178 181 182 182 173 174 174
"474" 83 90 112 116 118 134 357 955 185 186 186 186 185 180 183 184 184 177 177 177
"475" 81 71 93 112 111 118 125 230 225 227 230 229 229 220 225 227 227 194 193 186
"476" 313 378 380 381 379 371 376 955 188 189 187 186 185 180 184 185 185 176 176 176
"477" 295 93 110 110 103 103 96 955 218 220 201 216 215 186 194 216 215 177 177 178
"478" 857 87 628 624 618 538 525 955 183 183 177 177 176 168 173 176 177 164 164 164
"479" 325 347 367 396 322 316 319 955 190 192 189 188 188 180 186 188 188 174 174 174
"480" 439 443 454 609 443 432 437 955 290 292 212 211 210 198 204 210 212 192 192 192
"481" 263 56 123 266 239 232 231 196 168 168 169 168 168 165 167 168 168 163 164 164
"482" 374 366 384 582 476 465 472 955 180 184 180 179 178 171 175 177 177 168 169 169
"483" 420 316 608 603 529 524 523 955 201 247 201 224 223 193 195 224 221 184 183 184
"484" 487 621 843 844 615 395 388 955 182 182 181 181 181 177 179 181 180 175 175 175
"485" 435 81 955 955 955 485 484 955 279 299 282 281 277 195 272 279 276 187 187 188
"486" 88 91 110 126 126 139 271 298 193 196 188 192 194 177 188 194 193 169 168 168
"487" 397 82 955 543 529 530 535 955 188 190 188 186 187 179 185 188 187 172 172 172
"488" 443 148 844 521 521 523 580 955 284 288 287 283 281 236 280 284 281 228 228 229
"489" 169 125 159 723 710 187 516 955 222 225 224 222 220 205 217 221 221 176 177 178
"490" 556 52 955 559 541 536 538 955 196 198 198 197 196 192 194 195 195 186 186 186
"491" 311 87 318 317 308 306 302 249 198 197 196 196 195 182 194 196 196 176 176 176
"492" 722 546 832 864 505 488 501 955 215 217 216 213 212 203 209 212 211 185 186 187
"493" 146 374 955 955 277 277 462 955 181 182 181 181 180 173 178 180 179 169 169 169
"494" 298 300 308 309 301 300 302 955 174 174 174 173 172 168 171 174 174 166 166 166
"495" 375 84 105 375 364 357 356 374 215 218 216 216 217 207 212 219 220 198 197 198
"496" 200 57 140 159 164 159 168 955 191 192 191 189 189 185 188 190 190 182 182 182
"497" 328 109 297 296 286 279 275 264 220 221 218 202 203 191 199 212 206 184 185 185
"498" 76 152 393 386 384 178 167 200 195 197 197 196 196 189 191 194 194 174 176 176
"499" 193 148 955 955 355 349 355 200 176 178 177 177 176 171 174 176 178 165 165 166
"500" 203 193 955 955 337 346 491 955 200 200 197 199 200 188 198 201 200 185 185 185
