"max_pca1" "max_pca2" "max_pca3" "max_pca5" "max_pca10" "max_pca20" "max_pca40" "min_pca1" "min_pca2" "min_pca3" "min_pca5" "min_pca10" "min_pca20" "min_pca40" "tpca0.8" "tpca0.9" "tpca0.95" "tpca0.99" "tpca0.995" "tpca0.999"
"1" 955 955 955 955 955 955 955 955 955 955 955 955 955 955 188 955 955 955 955 955
"2" 119 57 95 98 94 955 955 955 955 955 955 955 955 955 955 955 955 955 955 955
"3" 717 632 955 955 955 955 955 955 955 955 955 955 955 955 955 955 955 955 955 955
"4" 195 48 955 955 955 243 227 955 955 955 955 955 955 955 199 955 955 955 955 955
"5" 59 49 64 73 86 91 190 955 955 955 955 955 955 955 955 955 955 955 955 955
"6" 955 167 955 955 955 955 955 955 955 955 955 955 955 955 955 955 955 955 955 955
"7" 181 136 955 955 955 955 955 955 955 955 955 955 955 955 184 178 173 955 955 955
"8" 437 955 955 955 955 955 955 955 955 955 955 955 955 955 955 955 955 955 955 955
"9" 43 33 43 82 100 107 127 955 955 955 955 955 955 955 955 955 955 955 955 955
"10" 131 74 132 955 134 955 955 955 955 955 955 955 955 955 955 955 955 955 955 955
"11" 174 222 241 252 688 250 955 955 955 955 955 955 955 955 955 955 955 955 955 955
"12" 716 391 955 955 955 955 955 955 955 955 955 955 955 955 955 955 955 955 955 955
"13" 305 693 955 955 955 955 955 955 955 955 955 955 955 955 955 955 955 955 955 955
"14" 180 90 955 955 955 541 552 955 955 955 955 955 955 955 955 955 955 955 955 955
"15" 190 50 552 555 572 668 955 955 955 955 955 955 955 955 955 955 955 955 955 955
"16" 672 371 955 955 955 955 955 955 955 955 955 955 955 955 955 955 955 955 955 955
"17" 45 75 955 955 955 955 955 955 955 955 955 955 955 955 179 189 187 200 200 200
"18" 955 955 955 955 955 955 955 955 955 955 955 955 955 955 173 188 185 201 201 201
"19" 460 450 470 473 955 955 955 955 955 955 955 955 955 955 955 955 955 955 955 955
"20" 118 45 121 130 190 188 197 955 955 955 955 955 955 955 955 955 955 955 955 955
"21" 303 280 314 955 955 955 955 955 955 955 955 955 955 955 197 955 955 955 955 955
"22" 837 84 955 955 955 955 955 955 955 955 955 955 955 955 955 955 955 955 955 955
"23" 65 49 62 70 77 95 133 955 955 955 955 955 955 955 955 955 955 955 955 955
"24" 955 657 810 835 955 955 855 955 955 955 955 955 955 955 153 158 162 175 175 175
"25" 955 150 955 955 955 955 955 955 955 955 955 955 955 955 955 955 955 955 955 955
"26" 40 41 109 112 125 130 955 955 955 955 955 955 955 955 162 171 169 185 185 185
"27" 149 138 955 955 955 955 955 955 955 955 955 955 955 955 955 955 955 955 955 955
"28" 955 131 955 955 955 955 955 955 955 955 955 955 955 955 955 955 955 955 955 955
"29" 131 91 141 955 850 955 955 955 955 955 955 955 955 955 955 955 955 955 955 955
"30" 955 82 108 955 178 172 168 955 955 955 955 955 955 955 955 955 955 955 955 955
"31" 72 34 77 84 89 100 955 955 955 955 955 955 955 955 955 955 955 955 955 955
"32" 193 203 955 955 955 955 955 955 955 955 955 955 955 955 955 955 955 955 955 955
"33" 401 158 955 955 955 955 955 955 955 955 955 955 955 955 955 955 955 955 955 955
"34" 166 207 234 243 252 955 955 955 955 955 955 955 955 955 955 955 955 955 955 955
"35" 89 64 85 95 96 109 130 955 955 955 955 955 955 955 182 196 196 955 955 955
"36" 849 50 955 955 955 955 955 955 955 955 955 955 955 955 955 955 955 955 955 955
"37" 811 645 902 909 909 925 955 955 955 955 955 955 955 955 955 955 955 955 955 955
"38" 129 105 156 178 184 184 955 955 955 955 955 955 955 955 186 197 194 955 955 955
"39" 915 947 955 955 955 955 955 955 955 955 955 955 955 955 955 955 955 955 955 955
"40" 483 82 556 584 955 955 955 955 955 955 955 955 955 955 955 955 955 955 955 955
"41" 397 397 464 480 463 470 493 955 955 955 955 955 955 955 955 955 955 955 955 955
"42" 87 65 87 126 124 130 134 955 955 955 955 955 955 955 955 955 955 955 955 955
"43" 438 955 955 955 955 955 955 955 955 955 955 955 955 955 200 955 955 955 955 955
"44" 460 130 480 489 520 535 556 955 955 955 955 955 955 955 955 955 955 955 955 955
"45" 84 59 92 112 126 132 955 955 955 955 955 955 955 955 172 182 190 955 955 955
"46" 77 47 64 100 109 955 955 955 955 955 955 955 955 955 955 955 955 955 955 955
"47" 640 643 669 671 687 754 955 955 955 955 955 955 955 955 955 955 955 955 955 955
"48" 924 900 955 955 955 955 955 955 955 955 955 955 955 955 181 955 193 955 955 955
"49" 491 482 518 955 955 955 955 955 955 955 955 955 955 955 955 955 955 955 955 955
"50" 418 180 955 955 955 955 955 955 955 955 955 955 955 955 955 955 955 955 955 955
"51" 955 672 955 955 955 955 955 955 955 955 955 955 955 955 955 955 955 955 955 955
"52" 273 254 327 955 955 500 499 955 955 955 955 955 955 955 955 955 955 955 955 955
"53" 108 70 89 95 955 955 278 955 955 955 955 955 955 955 955 955 955 955 955 955
"54" 157 138 955 153 955 955 955 955 955 955 955 955 955 955 955 955 955 955 955 955
"55" 955 955 955 955 955 955 955 955 955 955 955 955 955 955 185 955 955 955 955 955
"56" 669 955 955 955 955 955 955 955 955 955 955 955 955 955 955 955 955 955 955 955
"57" 86 61 78 87 955 955 955 955 955 955 955 955 955 955 955 955 955 955 955 955
"58" 87 77 102 108 143 955 955 955 955 955 955 955 955 955 955 955 955 955 955 955
"59" 132 318 955 955 955 955 955 955 955 955 955 955 955 955 198 955 200 955 955 955
"60" 618 174 955 955 955 955 955 955 955 955 955 955 955 955 186 194 200 955 955 955
"61" 270 102 308 317 324 955 955 955 955 955 955 955 955 955 142 189 183 201 201 201
"62" 430 433 451 460 466 482 501 955 955 955 955 955 955 955 955 955 955 955 955 955
"63" 107 62 97 107 124 134 139 955 955 955 955 955 955 955 179 200 200 955 955 955
"64" 561 555 595 622 955 955 955 955 955 955 955 955 955 955 955 955 955 955 955 955
"65" 515 222 955 955 955 955 955 955 955 955 955 955 955 955 955 955 955 955 955 955
"66" 352 62 85 955 955 955 955 955 955 955 955 955 955 955 955 955 955 955 955 955
"67" 697 702 735 955 955 955 955 955 955 955 955 955 955 955 955 955 955 955 955 955
"68" 143 247 955 955 955 955 955 955 955 955 955 955 955 955 185 955 201 955 955 955
"69" 111 85 108 118 116 137 143 955 955 955 955 955 955 955 168 191 180 955 955 955
"70" 468 471 511 955 955 955 955 955 955 955 955 955 955 955 183 192 196 955 955 955
"71" 195 955 955 955 955 955 955 955 955 955 955 955 955 955 191 955 955 955 955 955
"72" 383 375 400 413 418 430 955 955 955 955 955 955 955 955 176 186 197 955 955 955
"73" 119 125 955 955 955 955 955 955 955 955 955 955 955 955 955 955 955 955 955 955
"74" 118 50 107 118 122 126 143 955 955 955 955 955 955 955 186 197 199 955 955 955
"75" 256 246 955 955 955 955 955 955 955 955 955 955 955 955 191 197 191 955 955 955
"76" 77 100 446 500 483 522 955 955 955 955 955 955 955 955 955 955 955 955 955 955
"77" 305 304 955 955 955 955 955 955 955 955 955 955 955 955 172 190 191 955 955 955
"78" 160 69 143 154 161 168 185 955 955 955 955 955 955 955 955 955 955 955 955 955
"79" 77 86 955 955 955 198 955 955 955 955 955 955 955 955 955 955 955 955 955 955
"80" 955 65 955 955 955 955 955 955 955 955 955 955 955 955 955 955 955 955 955 955
"81" 87 52 69 79 85 94 147 955 955 955 955 955 955 955 955 955 955 955 955 955
"82" 99 67 110 129 145 130 169 955 955 955 955 955 955 955 955 955 955 955 955 955
"83" 95 95 226 955 955 955 955 955 955 955 955 955 955 955 955 955 955 955 955 955
"84" 109 62 78 86 112 175 955 955 955 955 955 955 955 955 195 955 955 955 955 955
"85" 68 59 78 88 101 955 955 955 955 955 955 955 955 955 955 955 955 955 955 955
"86" 188 162 955 955 185 168 183 955 955 955 955 955 955 955 180 187 182 197 197 197
"87" 134 110 135 141 142 157 169 955 955 955 955 955 955 955 955 955 955 955 955 955
"88" 188 527 552 563 955 955 955 955 955 955 955 955 955 955 191 201 188 955 955 955
"89" 240 72 91 98 112 955 955 955 955 955 955 955 955 955 955 955 955 955 955 955
"90" 444 49 526 535 534 538 560 955 955 955 955 955 955 955 955 955 955 955 955 955
"91" 169 144 184 206 210 228 955 955 955 955 955 955 955 955 955 955 955 955 955 955
"92" 955 955 955 955 955 955 955 955 955 955 955 955 955 955 955 955 955 955 955 955
"93" 955 955 955 955 955 955 955 955 955 955 955 955 955 955 955 955 955 955 955 955
"94" 99 51 90 123 128 128 130 955 955 955 955 955 955 955 955 955 955 955 955 955
"95" 955 955 955 955 955 955 955 955 955 955 955 955 955 955 955 955 955 955 955 955
"96" 576 66 955 955 955 955 955 955 955 955 955 955 955 955 955 955 955 955 955 955
"97" 124 53 658 670 668 687 729 955 955 955 955 955 955 955 165 200 191 955 955 955
"98" 175 176 288 955 955 955 955 955 955 955 955 955 955 955 955 955 955 955 955 955
"99" 229 864 955 955 955 955 955 955 955 955 955 955 955 955 195 955 199 955 955 955
"100" 387 60 195 955 955 955 955 955 955 955 955 955 955 955 955 955 955 955 955 955
"101" 877 894 921 955 955 917 896 955 955 955 955 955 955 955 955 955 955 955 955 955
"102" 955 90 955 955 955 955 955 955 955 955 955 955 955 955 955 955 955 955 955 955
"103" 171 161 955 955 955 955 955 955 955 955 955 955 955 955 955 955 955 955 955 955
"104" 707 53 955 955 955 955 955 955 955 955 955 955 955 955 955 955 955 955 955 955
"105" 239 69 254 306 314 197 196 955 955 955 955 955 955 955 153 163 169 188 188 188
"106" 276 274 375 955 955 955 955 955 955 955 955 955 955 955 955 955 955 955 955 955
"107" 89 45 93 955 98 955 289 955 955 955 955 955 955 955 206 955 955 955 955 955
"108" 58 48 955 955 194 955 955 955 955 955 955 955 955 955 955 955 955 955 955 955
"109" 594 605 955 955 955 955 955 955 955 955 955 955 955 955 955 955 955 955 955 955
"110" 616 77 955 955 955 955 155 955 955 955 955 955 955 955 183 955 955 955 955 955
"111" 603 605 710 778 955 955 955 955 955 955 955 955 955 955 955 955 955 955 955 955
"112" 377 370 420 496 522 531 562 955 955 955 955 955 955 955 173 192 189 955 955 955
"113" 707 552 955 955 955 955 955 955 955 955 955 955 955 955 955 955 955 955 955 955
"114" 955 955 955 955 955 955 955 955 955 955 955 955 955 955 955 955 955 955 955 955
"115" 43 44 155 155 122 109 117 955 955 955 955 955 955 955 186 955 955 955 955 955
"116" 178 122 145 156 154 160 171 955 955 955 955 955 955 955 955 955 955 955 955 955
"117" 124 75 94 110 113 132 158 955 955 955 955 955 955 955 955 955 955 955 955 955
"118" 102 87 124 135 136 955 955 955 955 955 955 955 955 955 193 955 955 955 955 955
"119" 955 955 955 955 955 955 955 955 955 955 955 955 955 955 955 955 955 955 955 955
"120" 251 153 955 955 955 955 955 955 955 955 955 955 955 955 181 183 185 955 955 955
"121" 168 67 116 131 124 127 162 955 955 955 955 955 955 955 955 955 955 955 955 955
"122" 952 177 955 955 163 146 121 955 955 955 955 955 955 955 158 165 165 955 955 955
"123" 96 59 93 109 113 121 955 955 955 955 955 955 955 955 955 955 955 955 955 955
"124" 396 68 955 955 955 955 955 955 955 955 955 955 955 955 170 196 190 955 955 955
"125" 955 955 955 955 955 955 955 955 955 955 955 955 955 955 955 955 955 955 955 955
"126" 66 42 91 103 113 122 135 955 955 955 955 955 955 955 955 955 955 955 955 955
"127" 955 105 955 955 955 955 955 955 955 955 955 955 955 955 187 955 186 955 955 955
"128" 50 49 955 955 955 955 955 955 955 955 955 955 955 955 955 955 955 955 955 955
"129" 460 469 955 955 955 955 955 955 955 955 955 955 955 955 955 955 955 955 955 955
"130" 737 107 764 767 742 754 955 955 955 955 955 955 955 955 955 955 955 955 955 955
"131" 261 82 331 364 364 551 557 955 955 955 955 955 955 955 955 955 955 955 955 955
"132" 104 85 722 740 746 753 955 955 955 955 955 955 955 955 198 955 955 955 955 955
"133" 78 66 83 86 115 113 135 955 955 955 955 955 955 955 955 955 955 955 955 955
"134" 380 837 955 955 955 955 955 955 955 955 955 955 955 955 181 189 195 955 955 955
"135" 174 114 142 150 152 178 199 179 955 955 955 955 955 955 187 201 200 955 955 955
"136" 955 955 955 955 955 955 955 955 955 955 955 955 955 955 955 955 955 955 955 955
"137" 221 243 955 955 955 955 955 955 955 955 955 955 955 955 955 955 955 955 955 955
"138" 151 110 138 955 955 955 955 955 955 955 955 955 955 955 955 955 955 955 955 955
"139" 635 712 955 955 955 955 955 955 955 955 955 955 955 955 955 955 955 955 955 955
"140" 117 112 128 137 135 135 158 955 955 955 955 955 955 955 192 955 955 955 955 955
"141" 255 62 75 76 72 77 77 955 955 955 955 955 955 955 201 955 955 955 955 955
"142" 955 955 955 955 955 955 955 108 955 955 955 955 955 955 129 157 157 172 172 172
"143" 447 446 955 955 955 955 955 955 955 955 955 955 955 955 955 955 955 955 955 955
"144" 147 126 152 164 157 166 193 955 955 955 955 955 955 955 955 955 955 955 955 955
"145" 955 955 955 955 955 955 955 955 955 955 955 955 955 955 955 955 955 955 955 955
"146" 101 55 85 582 588 597 955 955 955 955 955 955 955 955 955 955 955 955 955 955
"147" 176 837 955 893 874 884 883 955 955 955 955 955 955 955 955 955 955 955 955 955
"148" 150 57 135 955 955 146 133 955 955 955 955 955 955 955 183 191 170 955 955 955
"149" 195 41 955 955 955 955 955 955 955 955 955 955 955 955 955 955 955 955 955 955
"150" 430 449 654 664 955 955 955 955 955 955 955 955 955 955 955 955 955 955 955 955
"151" 398 73 146 955 192 172 187 955 955 955 955 955 955 955 178 955 955 955 955 955
"152" 491 475 643 955 955 955 955 955 955 955 955 955 955 955 198 955 955 955 955 955
"153" 104 62 94 113 118 133 469 955 955 955 955 955 955 955 955 955 955 955 955 955
"154" 534 437 955 955 955 955 955 955 955 955 955 955 955 955 955 955 955 955 955 955
"155" 110 120 318 324 337 155 154 955 955 955 955 955 955 955 194 955 955 955 955 955
"156" 119 87 103 113 104 104 132 955 955 955 955 955 955 955 955 955 955 955 955 955
"157" 234 234 252 246 253 955 955 955 955 955 955 955 955 955 145 166 176 180 180 180
"158" 175 516 955 955 955 955 946 955 955 955 955 955 955 955 955 955 955 955 955 955
"159" 98 87 955 955 955 955 955 955 955 955 955 955 955 955 955 955 955 955 955 955
"160" 745 105 126 955 201 955 955 955 955 955 955 955 955 955 150 157 150 183 183 183
"161" 642 111 955 955 955 955 955 955 955 955 955 955 955 955 197 955 955 955 955 955
"162" 700 723 955 955 955 955 955 955 955 955 955 955 955 955 181 201 955 955 955 955
"163" 814 955 955 955 955 955 955 955 955 955 955 955 955 955 955 955 955 955 955 955
"164" 955 52 955 955 955 955 955 955 955 955 955 955 955 955 162 192 955 955 955 955
"165" 58 43 57 68 80 314 334 955 955 955 955 955 955 955 201 955 955 955 955 955
"166" 626 631 955 955 955 955 955 955 955 955 955 955 955 955 205 955 955 955 955 955
"167" 651 663 726 955 955 955 955 955 955 955 955 955 955 955 955 955 955 955 955 955
"168" 229 254 955 955 955 955 955 955 955 955 955 955 955 955 955 955 955 955 955 955
"169" 196 55 955 955 955 955 955 955 955 955 955 955 955 955 955 955 955 955 955 955
"170" 242 99 130 143 955 955 955 955 955 955 955 955 955 955 955 955 955 955 955 955
"171" 595 955 955 955 955 955 955 955 955 955 955 955 955 955 177 195 955 955 955 955
"172" 190 75 142 158 156 146 147 955 955 955 955 955 955 955 955 955 955 955 955 955
"173" 747 113 171 955 955 955 955 955 955 955 955 955 955 955 161 175 177 196 196 196
"174" 307 309 320 337 732 742 955 955 955 955 955 955 955 955 199 955 955 955 955 955
"175" 243 244 955 955 955 955 955 955 955 955 955 955 955 955 955 955 955 955 955 955
"176" 439 437 955 955 955 955 955 955 955 955 955 955 955 955 132 154 155 181 181 181
"177" 189 75 239 206 200 202 227 955 955 955 955 955 955 955 189 955 955 955 955 955
"178" 471 955 955 955 955 955 955 955 955 955 955 955 955 955 955 955 955 955 955 955
"179" 955 955 955 955 955 955 955 955 955 955 955 955 955 955 955 955 955 955 955 955
"180" 775 74 944 955 955 955 955 955 955 955 955 955 955 955 955 955 955 955 955 955
"181" 148 89 116 111 112 122 133 955 955 955 955 955 955 955 955 955 955 955 955 955
"182" 221 244 955 955 955 955 955 955 955 955 955 955 955 955 955 955 955 955 955 955
"183" 328 147 955 955 955 955 168 955 955 955 955 955 955 955 170 192 188 955 955 955
"184" 450 62 479 492 578 955 955 955 955 955 955 955 955 955 955 955 955 955 955 955
"185" 329 49 567 955 955 955 955 955 955 955 955 955 955 955 162 181 190 955 955 955
"186" 158 106 128 160 158 155 955 955 955 955 955 955 955 955 955 955 955 955 955 955
"187" 613 111 152 955 955 154 955 955 955 955 955 955 955 955 955 955 955 955 955 955
"188" 336 322 367 377 383 378 955 955 955 955 955 955 955 955 186 955 955 955 955 955
"189" 167 165 212 955 955 955 955 955 955 955 955 955 955 955 190 955 955 955 955 955
"190" 453 448 955 955 955 955 955 955 955 955 955 955 955 955 196 955 955 955 955 955
"191" 354 955 955 955 955 955 955 955 955 955 955 955 955 955 184 197 197 955 955 955
"192" 788 807 955 955 955 955 955 955 955 955 955 955 955 955 955 955 955 955 955 955
"193" 194 191 207 955 955 955 955 955 955 955 955 955 955 955 137 155 166 182 182 182
"194" 49 42 51 58 59 65 111 955 955 955 955 955 955 955 955 955 955 955 955 955
"195" 275 50 301 317 955 955 955 955 955 955 955 955 955 955 186 201 201 955 955 955
"196" 170 120 160 174 185 195 955 955 955 955 955 955 955 955 955 955 955 955 955 955
"197" 139 224 955 955 955 955 955 955 955 955 955 955 955 955 955 955 955 955 955 955
"198" 312 263 296 342 342 343 344 955 955 955 955 955 955 955 955 955 955 955 955 955
"199" 955 955 955 955 955 955 955 955 955 955 955 955 955 955 201 955 955 955 955 955
"200" 200 214 955 955 955 955 955 955 955 955 955 955 955 955 955 955 955 955 955 955
"201" 955 71 168 955 955 955 955 955 955 955 955 955 955 955 955 955 955 955 955 955
"202" 636 646 955 955 955 955 955 955 955 955 955 955 955 955 955 955 955 955 955 955
"203" 336 84 955 955 955 955 955 955 955 955 955 955 955 955 199 955 955 955 955 955
"204" 136 77 104 143 139 144 955 955 955 955 955 955 955 955 955 955 955 955 955 955
"205" 824 955 955 955 955 955 955 955 955 955 955 955 955 955 955 955 955 955 955 955
"206" 106 74 100 148 148 162 161 955 955 955 955 955 955 955 955 955 955 955 955 955
"207" 93 78 99 955 955 955 955 955 955 955 955 955 955 955 955 955 955 955 955 955
"208" 253 145 828 888 898 923 490 955 955 955 955 955 955 955 955 955 955 955 955 955
"209" 97 794 955 955 955 955 955 955 955 955 955 955 955 955 955 955 955 955 955 955
"210" 409 405 438 452 955 955 955 955 955 955 955 955 955 955 955 955 955 955 955 955
"211" 351 357 381 797 955 955 955 955 955 955 955 955 955 955 955 955 955 955 955 955
"212" 121 59 118 124 73 116 128 955 955 955 955 955 955 955 180 955 186 955 955 955
"213" 633 677 709 728 149 163 170 955 955 955 955 955 955 955 955 955 955 955 955 955
"214" 624 46 101 105 122 955 955 955 955 955 955 955 955 955 955 955 955 955 955 955
"215" 394 399 803 807 905 907 955 955 955 955 955 955 955 955 955 955 955 955 955 955
"216" 955 164 955 955 955 955 369 955 955 955 955 955 955 955 955 955 955 955 955 955
"217" 489 91 955 955 955 955 553 955 955 955 955 955 955 955 955 955 955 955 955 955
"218" 60 47 66 75 75 89 112 955 955 955 955 955 955 955 195 955 955 955 955 955
"219" 60 47 61 65 79 87 955 955 955 955 955 955 955 955 167 189 186 955 955 955
"220" 955 159 188 166 160 159 163 955 955 955 955 955 955 955 167 199 955 955 955 955
"221" 450 447 475 482 486 498 955 955 955 955 955 955 955 955 163 172 175 190 190 190
"222" 59 53 65 75 79 131 955 955 955 955 955 955 955 955 202 955 955 955 955 955
"223" 955 98 132 133 126 159 168 955 955 955 955 955 955 955 955 955 955 955 955 955
"224" 142 50 955 955 955 955 955 955 955 955 955 955 955 955 955 955 955 955 955 955
"225" 284 68 197 955 955 955 955 955 955 955 955 955 955 955 955 955 955 955 955 955
"226" 495 519 894 955 955 955 955 955 955 955 955 955 955 955 955 955 955 955 955 955
"227" 421 65 81 418 427 955 955 955 955 955 955 955 955 955 955 955 955 955 955 955
"228" 868 52 71 77 81 874 878 955 955 955 955 955 955 955 955 955 955 955 955 955
"229" 457 468 514 541 582 955 955 955 955 955 955 955 955 955 955 955 955 955 955 955
"230" 370 398 955 955 955 955 955 955 955 955 955 955 955 955 202 955 955 955 955 955
"231" 200 51 259 936 955 955 955 955 955 955 955 955 955 955 170 194 181 955 955 955
"232" 80 87 117 136 138 135 140 955 955 955 955 955 955 955 955 955 955 955 955 955
"233" 743 75 121 134 137 133 143 165 955 955 955 955 955 955 165 186 193 199 199 199
"234" 55 49 105 123 131 142 179 955 955 955 955 955 955 955 955 955 955 955 955 955
"235" 297 294 303 955 955 955 955 955 955 955 955 955 955 955 955 955 955 955 955 955
"236" 328 104 955 955 955 955 955 955 955 955 955 955 955 955 170 175 176 197 197 197
"237" 98 60 79 94 100 955 955 955 955 955 955 955 955 955 955 955 955 955 955 955
"238" 69 68 110 155 156 167 169 155 955 955 955 955 955 955 152 156 163 168 168 168
"239" 187 96 117 124 377 405 404 955 955 955 955 955 955 955 955 955 955 955 955 955
"240" 104 382 955 955 955 955 955 955 955 955 955 955 955 955 170 193 194 955 955 955
"241" 695 64 920 955 955 955 955 955 955 955 955 955 955 955 955 955 955 955 955 955
"242" 419 955 955 955 955 955 955 955 955 955 955 955 955 955 194 955 955 955 955 955
"243" 676 66 955 955 955 955 955 955 955 955 955 955 955 955 955 955 955 955 955 955
"244" 531 544 556 560 582 955 955 955 955 955 955 955 955 955 955 955 955 955 955 955
"245" 155 57 955 955 955 955 955 955 955 955 955 955 955 955 955 955 955 955 955 955
"246" 955 69 955 955 955 955 955 955 955 955 955 955 955 955 955 955 955 955 955 955
"247" 152 146 180 180 168 179 171 955 955 955 955 955 955 955 955 955 955 955 955 955
"248" 468 487 955 955 955 955 955 955 955 955 955 955 955 955 955 955 955 955 955 955
"249" 76 62 75 955 955 955 955 955 955 955 955 955 955 955 955 955 955 955 955 955
"250" 70 62 86 128 166 189 955 955 955 955 955 955 955 955 955 955 955 955 955 955
"251" 317 320 955 955 440 955 955 955 955 955 955 955 955 955 197 955 955 955 955 955
"252" 616 615 955 955 955 955 955 955 955 955 955 955 955 955 955 955 955 955 955 955
"253" 816 824 955 955 955 955 955 955 955 955 955 955 955 955 955 955 955 955 955 955
"254" 239 244 955 955 955 955 955 955 955 955 955 955 955 955 955 955 955 955 955 955
"255" 88 62 442 447 459 955 955 955 955 955 955 955 955 955 955 955 955 955 955 955
"256" 119 86 955 955 955 118 122 955 955 955 955 955 955 955 955 955 955 955 955 955
"257" 151 115 144 144 150 955 955 955 955 955 955 955 955 955 955 955 955 955 955 955
"258" 507 466 509 955 517 479 479 955 955 955 955 955 955 955 955 955 955 955 955 955
"259" 505 939 955 955 955 955 955 955 955 955 955 955 955 955 955 955 955 955 955 955
"260" 319 328 955 955 955 955 955 955 955 955 955 955 955 955 955 955 955 955 955 955
"261" 182 165 955 955 955 955 955 955 955 955 955 955 955 955 955 955 955 955 955 955
"262" 134 135 680 675 670 686 684 955 955 955 955 955 955 955 955 955 955 955 955 955
"263" 590 589 955 955 955 955 955 955 955 955 955 955 955 955 191 195 198 955 955 955
"264" 796 483 955 955 955 955 955 955 955 955 955 955 955 955 955 955 955 955 955 955
"265" 345 858 885 903 929 955 955 955 955 955 955 955 955 955 191 202 955 955 955 955
"266" 367 77 358 369 393 364 955 955 955 955 955 955 955 955 196 955 955 955 955 955
"267" 406 684 955 955 955 955 955 955 955 955 955 955 955 955 955 955 955 955 955 955
"268" 145 289 955 955 955 955 955 955 955 955 955 955 955 955 955 955 955 955 955 955
"269" 504 55 955 955 955 955 955 955 955 955 955 955 955 955 955 955 955 955 955 955
"270" 75 48 85 476 489 955 955 955 955 955 955 955 955 955 955 955 955 955 955 955
"271" 397 955 955 955 955 955 955 955 955 955 955 955 955 955 955 955 955 955 955 955
"272" 563 560 585 601 614 618 626 955 955 955 955 955 955 955 955 955 955 955 955 955
"273" 614 607 664 955 955 955 955 955 955 955 955 955 955 955 198 955 955 955 955 955
"274" 180 171 188 209 203 182 185 955 955 955 955 955 955 955 955 955 955 955 955 955
"275" 182 955 955 955 955 955 955 955 955 955 955 955 955 955 196 955 955 955 955 955
"276" 119 123 955 955 955 955 955 955 955 955 955 955 955 955 955 955 955 955 955 955
"277" 195 160 492 955 955 955 955 955 955 955 955 955 955 955 184 955 955 955 955 955
"278" 77 81 594 955 955 955 955 955 955 955 955 955 955 955 955 955 955 955 955 955
"279" 726 151 708 720 732 955 955 955 955 955 955 955 955 955 955 955 955 955 955 955
"280" 222 73 955 955 955 955 955 955 955 955 955 955 955 955 955 955 955 955 955 955
"281" 322 106 641 654 672 674 688 955 955 955 955 955 955 955 955 955 955 955 955 955
"282" 341 91 955 955 119 123 955 955 955 955 955 955 955 955 186 191 192 955 955 955
"283" 75 65 81 107 114 955 955 955 955 955 955 955 955 955 955 955 955 955 955 955
"284" 111 712 731 747 763 955 955 955 955 955 955 955 955 955 183 194 955 955 955 955
"285" 79 60 86 747 776 782 799 955 955 955 955 955 955 955 955 955 955 955 955 955
"286" 119 58 113 120 122 123 120 955 955 955 955 955 955 955 955 955 955 955 955 955
"287" 117 95 127 171 183 268 291 955 955 955 955 955 955 955 196 955 955 955 955 955
"288" 398 331 420 955 316 292 300 955 955 955 955 955 955 955 199 955 955 955 955 955
"289" 118 111 447 955 955 955 955 955 955 955 955 955 955 955 955 955 955 955 955 955
"290" 638 63 955 955 955 955 955 955 955 955 955 955 955 955 199 955 955 955 955 955
"291" 272 281 525 523 955 955 955 955 955 955 955 955 955 955 201 955 955 955 955 955
"292" 250 229 411 597 613 955 955 955 955 955 955 955 955 955 955 955 955 955 955 955
"293" 119 57 69 109 113 115 136 955 955 955 955 955 955 955 955 955 955 955 955 955
"294" 905 77 118 955 955 955 955 955 955 955 955 955 955 955 955 955 955 955 955 955
"295" 225 107 955 955 955 955 955 955 955 955 955 955 955 955 955 955 955 955 955 955
"296" 345 484 955 955 955 955 955 955 955 955 955 955 955 955 955 955 955 955 955 955
"297" 817 823 955 955 955 955 955 955 955 955 955 955 955 955 955 955 955 955 955 955
"298" 356 71 130 139 123 126 147 955 955 955 955 955 955 955 955 955 955 955 955 955
"299" 610 63 614 955 955 955 955 955 955 955 955 955 955 955 955 955 955 955 955 955
"300" 101 116 405 955 374 360 357 955 955 955 955 955 955 955 955 955 955 955 955 955
"301" 329 84 955 955 955 955 955 955 955 955 955 955 955 955 191 955 955 955 955 955
"302" 292 172 955 955 955 955 955 955 955 955 955 955 955 955 955 955 955 955 955 955
"303" 384 395 955 955 955 955 955 955 955 955 955 955 955 955 184 955 955 955 955 955
"304" 136 82 126 146 145 159 168 955 955 955 955 955 955 955 955 955 955 955 955 955
"305" 66 53 69 690 710 707 955 955 955 955 955 955 955 955 955 955 955 955 955 955
"306" 93 86 166 173 955 955 955 955 955 955 955 955 955 955 955 955 955 955 955 955
"307" 190 71 955 955 955 955 955 955 955 955 955 955 955 955 955 955 955 955 955 955
"308" 251 265 955 955 955 955 955 955 955 955 955 955 955 955 955 955 955 955 955 955
"309" 635 955 955 955 955 955 955 955 955 955 955 955 955 955 195 201 197 955 955 955
"310" 238 578 610 955 955 955 955 955 955 955 955 955 955 955 147 164 173 955 955 955
"311" 288 531 568 955 955 955 955 955 955 955 955 955 955 955 955 955 955 955 955 955
"312" 912 912 939 955 955 955 955 955 955 955 955 955 955 955 955 955 955 955 955 955
"313" 89 66 86 98 955 955 955 955 955 955 955 955 955 955 955 955 955 955 955 955
"314" 364 106 955 955 955 955 955 955 955 955 955 955 955 955 955 955 955 955 955 955
"315" 273 287 955 955 955 955 955 955 955 955 955 955 955 955 955 955 955 955 955 955
"316" 879 60 955 955 955 955 955 955 955 955 955 955 955 955 955 955 955 955 955 955
"317" 520 955 955 955 955 955 192 955 955 955 955 955 955 955 180 192 184 955 955 955
"318" 336 58 428 449 464 955 955 955 955 955 955 955 955 955 955 955 955 955 955 955
"319" 503 97 955 955 955 955 955 955 955 955 955 955 955 955 955 955 955 955 955 955
"320" 597 955 955 955 114 105 108 955 955 955 955 955 955 955 139 161 163 177 177 177
"321" 168 140 167 187 189 955 955 955 955 955 955 955 955 955 955 955 955 955 955 955
"322" 223 862 955 955 955 955 955 955 955 955 955 955 955 955 955 955 955 955 955 955
"323" 104 54 81 89 93 100 120 955 955 955 955 955 955 955 955 955 955 955 955 955
"324" 96 58 81 101 103 124 955 955 955 955 955 955 955 955 955 955 955 955 955 955
"325" 133 82 131 135 955 955 955 955 955 955 955 955 955 955 955 955 955 955 955 955
"326" 184 837 885 955 955 955 955 955 955 955 955 955 955 955 955 955 955 955 955 955
"327" 849 955 955 955 955 955 955 955 955 955 955 955 955 955 955 955 955 955 955 955
"328" 94 56 94 97 99 99 114 955 955 955 955 955 955 955 955 955 955 955 955 955
"329" 90 74 99 102 114 114 955 955 955 955 955 955 955 955 955 955 955 955 955 955
"330" 107 103 125 955 955 955 955 955 955 955 955 955 955 955 955 955 955 955 955 955
"331" 106 94 738 955 955 369 367 955 955 955 955 955 955 955 955 955 955 955 955 955
"332" 265 50 955 955 955 955 955 955 955 955 955 955 955 955 955 955 955 955 955 955
"333" 169 74 134 146 142 153 173 955 955 955 955 955 955 955 955 955 955 955 955 955
"334" 58 50 91 955 955 955 955 955 955 955 955 955 955 955 955 955 955 955 955 955
"335" 431 66 955 955 955 955 955 955 955 955 955 955 955 955 955 955 955 955 955 955
"336" 301 288 350 363 955 955 955 955 955 955 955 955 955 955 955 955 955 955 955 955
"337" 732 955 955 955 955 955 955 955 955 955 955 955 955 955 955 955 955 955 955 955
"338" 461 479 560 831 836 849 955 955 955 955 955 955 955 955 183 183 183 955 955 955
"339" 317 917 955 955 955 955 955 955 955 955 955 955 955 955 159 177 177 955 955 955
"340" 109 123 692 702 713 738 797 955 955 955 955 955 955 955 169 179 181 955 955 955
"341" 69 56 308 334 955 955 955 955 955 955 955 955 955 955 182 184 182 196 196 196
"342" 239 238 801 955 955 955 955 955 955 955 955 955 955 955 955 955 955 955 955 955
"343" 150 34 130 171 161 164 955 955 955 955 955 955 955 955 185 955 955 955 955 955
"344" 121 790 955 955 955 955 955 955 955 955 955 955 955 955 955 955 955 955 955 955
"345" 60 49 66 82 72 80 88 955 955 955 955 955 955 955 955 955 955 955 955 955
"346" 33 31 44 53 56 64 92 955 955 955 955 955 955 955 178 955 199 955 955 955
"347" 95 88 109 116 110 110 156 955 955 955 955 955 955 955 955 955 955 955 955 955
"348" 67 77 955 955 955 955 955 955 955 955 955 955 955 955 955 955 955 955 955 955
"349" 365 63 127 955 955 955 955 955 955 955 955 955 955 955 191 955 955 955 955 955
"350" 955 75 955 955 955 955 955 955 955 955 955 955 955 955 955 955 955 955 955 955
"351" 323 66 512 955 955 955 955 955 955 955 955 955 955 955 955 955 955 955 955 955
"352" 313 336 955 955 955 955 955 955 955 955 955 955 955 955 182 193 195 955 955 955
"353" 368 357 381 390 955 955 155 955 955 955 955 955 955 955 133 148 150 160 160 160
"354" 122 101 925 955 955 955 955 955 955 955 955 955 955 955 955 955 955 955 955 955
"355" 803 955 955 955 955 955 955 955 955 955 955 955 955 955 201 955 955 955 955 955
"356" 410 85 955 955 955 955 955 955 955 955 955 955 955 955 955 955 955 955 955 955
"357" 330 345 955 955 955 955 955 955 955 955 955 955 955 955 159 173 194 955 955 955
"358" 47 36 58 955 955 955 955 955 955 955 955 955 955 955 955 955 955 955 955 955
"359" 311 303 955 311 306 308 312 955 955 955 955 955 955 955 955 955 955 955 955 955
"360" 137 75 142 955 188 183 180 955 955 955 955 955 955 955 955 955 955 955 955 955
"361" 859 51 955 955 955 955 955 955 955 955 955 955 955 955 955 955 955 955 955 955
"362" 211 46 305 955 955 955 955 955 955 955 955 955 955 955 955 955 955 955 955 955
"363" 206 265 298 300 301 335 356 955 955 955 955 955 955 955 149 160 176 192 192 192
"364" 100 79 139 955 955 955 955 955 955 955 955 955 955 955 955 955 955 955 955 955
"365" 249 45 955 955 955 955 955 955 955 955 955 955 955 955 955 955 955 955 955 955
"366" 98 90 155 955 955 955 955 955 955 955 955 955 955 955 199 955 955 955 955 955
"367" 148 67 171 179 174 153 143 955 955 955 955 955 955 955 151 171 174 196 196 196
"368" 612 309 625 653 665 955 955 955 955 955 955 955 955 955 955 955 955 955 955 955
"369" 544 567 649 668 686 704 955 955 955 955 955 955 955 955 955 955 955 955 955 955
"370" 169 92 129 145 158 178 196 955 955 955 955 955 955 955 955 955 955 955 955 955
"371" 955 955 955 955 955 955 955 955 955 955 955 955 955 955 955 955 955 955 955 955
"372" 60 58 84 94 98 118 142 955 955 955 955 955 955 955 955 955 955 955 955 955
"373" 450 458 955 955 955 955 955 955 955 955 955 955 955 955 178 199 955 955 955 955
"374" 85 64 86 93 90 101 103 955 955 955 955 955 955 955 153 168 163 173 173 173
"375" 200 737 955 955 955 955 955 955 955 955 955 955 955 955 955 955 955 955 955 955
"376" 208 295 955 955 955 955 955 955 955 955 955 955 955 955 955 955 955 955 955 955
"377" 343 509 955 955 955 955 955 955 955 955 955 955 955 955 955 955 955 955 955 955
"378" 138 90 145 912 173 166 170 955 955 955 955 955 955 955 200 955 955 955 955 955
"379" 47 37 145 151 148 158 177 955 955 955 955 955 955 955 955 955 955 955 955 955
"380" 85 61 86 122 137 123 119 955 955 955 955 955 955 955 955 955 955 955 955 955
"381" 231 92 955 955 955 955 955 955 955 955 955 955 955 955 174 191 199 955 955 955
"382" 759 533 955 955 955 955 955 955 955 955 955 955 955 955 955 955 955 955 955 955
"383" 955 955 955 955 955 955 955 955 955 955 955 955 955 955 955 955 955 955 955 955
"384" 116 108 955 955 955 955 955 955 955 955 955 955 955 955 198 955 955 955 955 955
"385" 259 91 955 180 179 181 194 955 955 955 955 955 955 955 955 955 955 955 955 955
"386" 955 955 955 955 955 955 955 955 955 955 955 955 955 955 955 955 955 955 955 955
"387" 227 955 955 955 955 955 955 203 955 955 955 955 955 955 189 955 955 955 955 955
"388" 334 108 955 955 955 955 955 955 955 955 955 955 955 955 178 191 189 955 955 955
"389" 549 955 955 955 955 955 955 955 955 955 955 955 955 955 955 955 955 955 955 955
"390" 864 875 955 955 955 955 955 955 955 955 955 955 955 955 198 955 955 955 955 955
"391" 84 66 82 90 98 126 955 955 955 955 955 955 955 955 955 955 955 955 955 955
"392" 308 320 955 955 955 955 955 955 955 955 955 955 955 955 196 955 955 955 955 955
"393" 694 701 725 955 955 955 955 955 955 955 955 955 955 955 955 955 955 955 955 955
"394" 144 65 82 91 955 243 191 955 955 955 955 955 955 955 178 181 184 188 188 188
"395" 47 47 61 72 84 87 143 955 955 955 955 955 955 955 955 955 955 955 955 955
"396" 268 220 243 274 280 282 955 955 955 955 955 955 955 955 955 955 955 955 955 955
"397" 600 593 955 955 955 955 955 955 955 955 955 955 955 955 955 955 955 955 955 955
"398" 107 103 125 132 131 137 157 955 955 955 955 955 955 955 955 955 955 955 955 955
"399" 96 955 955 955 955 955 955 955 955 955 955 955 955 955 174 195 189 955 955 955
"400" 192 252 276 271 267 263 266 955 955 955 955 955 955 955 955 955 955 955 955 955
"401" 115 414 955 791 786 955 955 955 955 955 955 955 955 955 188 955 192 955 955 955
"402" 794 70 955 955 955 955 955 955 955 955 955 955 955 955 200 955 955 955 955 955
"403" 955 141 955 955 955 955 955 955 955 955 955 955 955 955 955 955 955 955 955 955
"404" 376 172 686 955 955 955 424 955 955 955 955 955 955 955 176 181 180 955 955 955
"405" 90 94 955 955 955 955 955 955 955 955 955 955 955 955 955 955 955 955 955 955
"406" 434 440 955 955 955 955 191 955 955 955 955 955 955 955 165 195 955 955 955 955
"407" 234 76 258 955 955 955 955 955 955 955 955 955 955 955 955 955 955 955 955 955
"408" 181 61 362 955 955 955 955 955 955 955 955 955 955 955 955 955 955 955 955 955
"409" 156 70 107 125 125 147 161 955 955 955 955 955 955 955 195 955 955 955 955 955
"410" 618 654 955 955 955 955 955 955 955 955 955 955 955 955 955 955 955 955 955 955
"411" 99 75 95 105 115 123 132 955 955 955 955 955 955 955 955 955 955 955 955 955
"412" 73 46 76 127 955 955 955 955 955 955 955 955 955 955 955 955 955 955 955 955
"413" 81 75 93 103 98 110 108 955 955 955 955 955 955 955 160 170 170 194 194 194
"414" 813 172 955 955 955 955 955 955 955 955 955 955 955 955 955 955 955 955 955 955
"415" 708 710 725 955 955 955 955 955 955 955 955 955 955 955 196 955 955 955 955 955
"416" 955 955 955 955 955 955 955 955 955 955 955 955 955 955 955 955 955 955 955 955
"417" 259 81 97 955 120 955 955 955 955 955 955 955 955 955 955 955 955 955 955 955
"418" 195 234 656 955 955 955 955 955 955 955 955 955 955 955 955 955 955 955 955 955
"419" 955 955 955 955 955 955 955 955 955 955 955 955 955 955 187 188 194 955 955 955
"420" 955 47 955 955 955 955 955 955 955 955 955 955 955 955 197 955 955 955 955 955
"421" 58 58 443 460 460 955 955 955 955 955 955 955 955 955 955 955 955 955 955 955
"422" 414 855 955 955 955 955 955 955 955 955 955 955 955 955 955 955 955 955 955 955
"423" 479 645 751 771 780 955 955 955 955 955 955 955 955 955 955 955 955 955 955 955
"424" 407 376 406 411 407 456 495 955 955 955 955 955 955 955 196 955 955 955 955 955
"425" 82 91 955 130 114 127 955 955 955 955 955 955 955 955 197 197 201 955 955 955
"426" 185 85 955 955 955 955 955 955 955 955 955 955 955 955 168 191 186 955 955 955
"427" 838 955 955 955 955 955 955 955 955 955 955 955 955 955 955 955 955 955 955 955
"428" 281 147 185 955 955 955 955 955 955 955 955 955 955 955 189 955 955 955 955 955
"429" 155 883 955 955 955 955 955 955 955 955 955 955 955 955 955 955 955 955 955 955
"430" 180 190 955 955 955 955 955 955 955 955 955 955 955 955 189 955 955 955 955 955
"431" 671 410 919 931 933 955 955 955 955 955 955 955 955 955 955 955 955 955 955 955
"432" 244 955 955 955 955 955 955 955 955 955 955 955 955 955 201 955 955 955 955 955
"433" 118 110 955 955 955 955 955 955 955 955 955 955 955 955 955 955 955 955 955 955
"434" 66 48 78 80 80 80 955 955 955 955 955 955 955 955 955 955 955 955 955 955
"435" 272 290 955 955 955 955 955 955 955 955 955 955 955 955 167 186 201 955 955 955
"436" 104 106 155 178 182 174 185 955 955 955 955 955 955 955 199 955 955 955 955 955
"437" 955 379 955 955 955 955 955 955 955 955 955 955 955 955 955 955 955 955 955 955
"438" 173 80 97 126 122 129 149 955 955 955 955 955 955 955 955 955 955 955 955 955
"439" 143 51 76 74 75 103 116 955 955 955 955 955 955 955 199 955 955 955 955 955
"440" 72 48 59 70 77 101 107 955 955 955 955 955 955 955 955 955 955 955 955 955
"441" 48 50 88 84 88 108 120 955 955 955 955 955 955 955 955 955 955 955 955 955
"442" 85 58 81 121 531 547 955 955 955 955 955 955 955 955 955 955 955 955 955 955
"443" 686 46 733 772 795 955 305 955 955 955 955 955 955 955 955 955 955 955 955 955
"444" 301 52 955 955 955 955 955 955 955 955 955 955 955 955 197 955 955 955 955 955
"445" 442 460 955 955 955 955 955 955 955 955 955 955 955 955 955 955 955 955 955 955
"446" 83 56 78 82 77 79 109 955 955 955 955 955 955 955 187 955 955 955 955 955
"447" 870 367 955 955 955 955 955 955 955 955 955 955 955 955 955 955 955 955 955 955
"448" 83 213 237 246 252 955 955 955 955 955 955 955 955 955 188 955 955 955 955 955
"449" 54 52 68 71 141 166 955 955 955 955 955 955 955 955 955 955 955 955 955 955
"450" 955 955 955 955 955 955 955 955 955 955 955 955 955 955 955 955 955 955 955 955
"451" 768 188 955 955 955 955 955 955 955 955 955 955 955 955 164 181 192 955 955 955
"452" 178 126 213 215 955 955 955 955 955 955 955 955 955 955 196 955 955 955 955 955
"453" 126 112 955 955 955 955 914 955 955 955 955 955 955 955 172 190 198 955 955 955
"454" 579 195 593 955 955 955 955 955 955 955 955 955 955 955 955 955 955 955 955 955
"455" 218 91 121 211 200 569 955 955 955 955 955 955 955 955 955 955 955 955 955 955
"456" 393 292 321 316 304 298 305 955 955 955 955 955 955 955 955 955 955 955 955 955
"457" 220 955 955 955 955 955 955 955 955 955 955 955 955 955 184 190 190 195 195 195
"458" 69 71 955 955 955 955 955 955 955 955 955 955 955 955 178 201 200 955 955 955
"459" 143 94 955 955 955 955 955 955 955 955 955 955 955 955 955 955 955 955 955 955
"460" 530 181 555 579 592 183 194 955 955 955 955 955 955 955 202 955 955 955 955 955
"461" 185 89 181 955 184 955 955 955 955 955 955 955 955 955 198 955 199 955 955 955
"462" 212 56 194 213 216 218 229 955 955 955 955 955 955 955 955 955 955 955 955 955
"463" 257 54 143 147 141 143 165 955 955 955 955 955 955 955 955 955 955 955 955 955
"464" 75 55 73 84 95 110 955 955 955 955 955 955 955 955 955 955 955 955 955 955
"465" 270 331 955 955 955 955 955 955 955 955 955 955 955 955 190 955 955 955 955 955
"466" 348 55 380 955 63 68 955 955 955 955 955 955 955 955 955 955 955 955 955 955
"467" 164 136 175 175 160 160 175 955 955 955 955 955 955 955 158 172 169 190 190 190
"468" 955 98 955 955 955 955 955 955 955 955 955 955 955 955 955 955 955 955 955 955
"469" 344 345 539 548 563 955 955 955 955 955 955 955 955 955 158 169 176 955 955 955
"470" 177 119 142 159 152 168 176 955 955 955 955 955 955 955 955 955 955 955 955 955
"471" 287 287 317 336 338 344 955 955 955 955 955 955 955 955 204 955 955 955 955 955
"472" 955 267 955 955 955 955 955 955 955 955 955 955 955 955 204 955 955 955 955 955
"473" 236 252 266 272 277 955 955 955 955 955 955 955 955 955 200 955 955 955 955 955
"474" 83 90 112 116 118 134 955 955 955 955 955 955 955 955 955 955 955 955 955 955
"475" 81 71 93 112 111 118 125 955 955 955 955 955 955 955 168 170 169 181 181 181
"476" 306 320 846 955 955 955 955 955 955 955 955 955 955 955 955 955 955 955 955 955
"477" 704 93 110 110 103 103 96 955 955 955 955 955 955 955 155 170 160 187 187 187
"478" 255 87 317 955 955 955 955 955 955 955 955 955 955 955 955 955 955 955 955 955
"479" 640 279 654 659 955 955 955 955 955 955 955 955 955 955 199 955 201 955 955 955
"480" 760 594 955 955 955 955 955 955 955 955 955 955 955 955 193 955 204 955 955 955
"481" 551 56 123 955 192 191 195 955 955 955 955 955 955 955 955 955 955 955 955 955
"482" 471 460 542 955 955 955 955 955 955 955 955 955 955 955 955 955 955 955 955 955
"483" 312 306 338 350 359 955 955 955 955 955 955 955 955 955 955 955 955 955 955 955
"484" 380 363 424 382 387 394 412 955 955 955 955 955 955 955 955 955 955 955 955 955
"485" 442 81 196 955 955 955 955 955 955 955 955 955 955 955 167 183 194 955 955 955
"486" 88 91 110 126 126 139 955 955 955 955 955 955 955 955 955 955 955 955 955 955
"487" 331 82 955 955 955 955 955 955 955 955 955 955 955 955 189 201 201 955 955 955
"488" 955 148 955 955 955 955 955 955 955 955 955 955 955 955 955 955 955 955 955 955
"489" 168 125 159 955 955 186 955 955 955 955 955 955 955 955 955 955 955 955 955 955
"490" 955 52 955 955 955 955 955 955 955 955 955 955 955 955 955 955 955 955 955 955
"491" 287 87 863 907 955 955 955 955 955 955 955 955 955 955 955 955 955 955 955 955
"492" 479 491 930 955 955 955 955 955 955 955 955 955 955 955 955 955 955 955 955 955
"493" 146 910 955 955 955 955 955 955 955 955 955 955 955 955 193 955 955 955 955 955
"494" 306 745 955 955 955 955 955 955 955 955 955 955 955 955 955 955 955 955 955 955
"495" 538 84 105 649 643 674 688 955 955 955 955 955 955 955 161 194 194 955 955 955
"496" 232 57 140 159 163 159 168 955 955 955 955 955 955 955 955 955 955 955 955 955
"497" 712 109 955 955 955 955 955 955 955 955 955 955 955 955 200 955 955 955 955 955
"498" 76 152 955 955 955 179 167 955 955 955 955 955 955 955 152 167 174 185 185 185
"499" 180 148 650 361 316 347 358 955 955 955 955 955 955 955 120 145 159 176 176 176
"500" 204 193 283 294 292 955 955 955 955 955 955 955 955 955 955 955 955 955 955 955
