"Fault1" "Fault2" "Fault3" "Fault4" "Fault5" "Fault6" "Fault7" "Fault8" "Fault9" "Fault10" "Fault11" "Fault12" "Fault13" "Fault14" "Fault15" "Fault16" "Fault17" "Fault18" "Fault19" "Fault20"
162 170 956 156 157 156 156 176 851 229 167 162 199 158 851 204 230 214 162 204
161 169 956 156 158 156 156 189 956 612 166 167 196 159 956 699 190 218 169 167
161 170 269 156 157 156 156 169 269 206 165 159 196 157 269 268 182 210 177 174
15 15 15 15 15 15 15 15 15 15 15 15 15 15 15 15 15 15 15 15
161 168 956 156 157 156 156 208 641 388 162 159 197 158 640 526 188 178 163 230
117 117 117 117 117 117 117 117 117 117 117 117 117 117 117 117 117 117 117 117
48 48 48 48 48 48 48 48 48 48 48 48 48 48 48 48 48 48 48 48
162 169 871 156 157 156 156 173 871 268 165 163 183 157 956 503 178 215 163 207
162 171 361 156 157 156 156 200 361 334 166 166 203 157 361 355 201 204 170 202
162 169 956 156 157 156 156 187 956 230 165 162 179 156 956 318 194 246 184 208
161 172 854 156 157 156 156 181 854 608 162 161 203 158 854 853 173 246 163 203
45 45 45 45 45 45 45 45 45 45 45 45 45 45 45 45 45 45 45 45
161 172 857 156 157 156 156 192 857 381 164 165 236 157 857 341 188 186 199 182
160 171 956 156 157 156 156 179 956 479 187 161 202 157 956 249 190 210 180 198
161 170 956 156 157 156 156 198 956 622 163 165 183 157 956 270 210 218 163 230
151 151 151 151 151 151 151 151 151 151 151 151 151 151 151 151 151 151 151 151
68 68 68 68 68 68 68 68 68 68 68 68 68 68 68 68 68 68 68 68
161 170 956 156 157 156 156 174 956 227 160 161 199 157 956 490 168 191 190 171
162 169 775 156 157 156 156 178 775 329 161 164 208 157 775 775 184 196 187 200
161 171 796 156 157 156 156 174 795 269 163 171 186 157 796 229 218 216 185 229
162 170 851 156 156 156 156 170 851 356 166 162 228 158 357 428 200 226 199 198
161 166 706 156 157 156 156 180 706 703 161 167 194 157 919 171 203 192 166 234
161 169 671 156 157 156 156 181 671 270 166 165 192 157 671 418 192 194 173 211
162 168 559 156 157 156 156 186 559 291 162 166 187 157 559 518 182 188 168 238
161 169 956 156 157 156 156 172 956 359 161 163 239 157 956 231 172 215 178 183
162 173 456 156 157 156 156 202 456 323 173 162 225 156 455 456 206 249 163 215
162 170 519 156 158 156 156 180 519 416 164 162 206 158 519 519 208 232 173 202
162 170 411 156 157 156 156 185 410 409 162 166 271 157 411 430 187 188 159 191
43 43 43 43 43 43 43 43 43 43 43 43 43 43 43 43 43 43 43 43
161 168 467 156 157 156 156 174 180 221 172 171 196 157 421 419 204 196 165 187
162 172 481 156 157 156 156 171 481 215 161 161 185 158 481 359 196 212 184 214
161 167 217 156 157 156 156 172 217 256 159 177 197 159 217 258 225 215 158 190
161 168 813 156 157 156 156 178 812 217 190 165 187 157 812 635 187 267 168 177
162 171 956 156 157 156 156 174 956 531 158 163 185 158 956 805 184 172 182 194
162 170 275 156 157 156 156 176 275 691 161 167 223 157 275 249 184 226 177 204
70 70 70 70 70 70 70 70 70 70 70 70 70 70 70 70 70 70 70 70
37 37 37 37 37 37 37 37 37 37 37 37 37 37 37 37 37 37 37 37
161 168 572 156 157 156 156 177 572 236 158 163 207 157 572 383 195 204 167 198
162 170 252 156 158 156 156 186 252 252 168 164 198 158 252 252 206 192 176 174
161 168 935 156 157 156 156 175 935 235 164 163 213 157 935 381 200 217 172 215
44 44 44 44 44 44 44 44 44 44 44 44 44 44 44 44 44 44 44 44
162 168 956 156 157 156 156 190 956 235 166 166 227 157 956 687 194 238 167 236
162 170 373 156 157 156 156 195 373 247 160 163 205 157 373 247 172 187 185 258
161 172 467 156 158 156 156 178 467 467 164 163 182 158 467 430 169 190 163 213
159 171 217 156 157 156 156 173 217 216 159 162 188 157 159 216 173 196 159 188
161 170 488 156 158 156 156 181 490 354 161 163 180 159 488 237 184 171 170 193
11 11 11 11 11 11 11 11 11 11 11 11 11 11 11 11 11 11 11 11
24 24 24 24 24 24 24 24 24 24 24 24 24 24 24 24 24 24 24 24
162 169 919 156 157 156 156 189 919 252 170 168 190 157 919 280 182 200 173 198
162 171 190 156 158 156 156 176 190 190 160 167 186 157 190 190 180 189 188 190
160 172 483 156 158 156 156 171 483 483 160 161 189 158 483 289 230 202 175 201
162 167 302 157 157 156 156 178 302 218 171 166 184 158 301 300 227 233 184 218
160 163 671 156 157 156 156 178 373 305 162 163 234 157 671 320 179 190 163 172
65 65 65 65 65 65 65 65 65 65 65 65 65 65 65 65 65 65 65 65
29 29 29 29 29 29 29 29 29 29 29 29 29 29 29 29 29 29 29 29
161 168 956 156 157 156 156 177 956 378 174 163 196 157 956 617 168 189 164 207
160 172 279 156 157 156 156 183 557 423 161 161 233 158 279 279 226 222 184 199
162 170 956 156 157 156 156 187 956 746 165 163 194 157 956 427 195 212 166 220
162 170 956 156 157 156 156 181 956 251 159 166 193 158 540 461 171 224 159 196
161 171 525 156 157 156 156 175 525 268 160 163 181 157 525 331 167 178 167 180
74 74 74 74 74 74 74 74 74 74 74 74 74 74 74 74 74 74 74 74
139 139 139 139 139 139 139 139 139 139 139 139 139 139 139 139 139 139 139 139
161 169 315 156 157 156 156 171 315 447 171 171 275 158 315 315 202 176 204 205
161 169 215 156 157 157 156 169 215 214 159 161 193 157 214 214 215 201 162 214
163 169 672 156 157 156 156 181 672 251 165 163 196 157 672 463 185 260 201 203
159 167 419 156 156 156 156 171 201 201 161 166 180 157 419 201 172 275 185 191
162 173 722 156 157 156 156 181 725 722 163 165 209 157 363 363 180 224 176 208
119 119 119 119 119 119 119 119 119 119 119 119 119 119 119 119 119 119 119 119
162 169 956 156 158 156 156 186 956 399 160 169 212 158 355 719 211 170 173 196
162 168 397 157 157 156 156 174 397 396 161 159 250 157 397 401 189 182 166 177
162 168 499 156 157 156 156 175 374 373 169 161 248 157 499 374 179 191 166 194
161 169 956 156 157 156 156 184 956 237 164 165 194 157 956 443 183 258 167 210
161 170 187 156 158 156 156 182 187 187 161 171 187 157 187 187 189 187 186 179
163 169 922 156 157 156 156 174 922 262 167 161 212 157 956 262 175 212 196 186
162 171 218 156 157 156 156 172 296 218 161 161 198 157 296 218 201 194 178 215
161 169 956 156 157 156 156 179 956 369 160 162 183 157 956 531 201 178 241 230
162 170 194 156 157 156 156 174 194 194 162 167 194 157 194 194 179 194 165 194
161 167 956 156 157 156 156 175 882 279 162 164 191 157 956 723 174 176 166 190
161 172 206 156 157 156 156 177 206 206 179 163 200 158 206 483 208 206 173 206
161 169 798 156 157 156 156 178 798 508 168 159 202 158 798 508 187 176 165 202
157 157 157 156 157 156 156 157 157 157 157 157 157 156 157 157 157 157 157 157
162 167 446 156 157 156 156 172 447 204 160 162 201 158 446 445 188 194 177 202
162 172 241 156 157 156 156 187 241 241 163 164 197 157 241 241 186 185 217 184
162 167 513 156 157 156 156 174 861 239 163 162 184 156 513 246 231 191 167 215
162 168 298 156 157 156 156 181 298 331 159 164 215 158 298 331 198 212 161 203
71 71 71 71 71 71 71 71 71 71 71 71 71 71 71 71 71 71 71 71
161 171 274 156 157 156 156 180 273 243 163 169 206 158 273 207 170 236 191 228
161 168 228 156 158 156 156 171 228 228 166 164 210 158 228 226 215 212 172 179
161 171 651 156 158 156 156 171 651 400 164 166 190 157 652 377 186 203 181 215
161 170 187 156 157 156 156 176 187 187 161 170 187 158 187 187 187 187 186 187
160 167 818 156 157 156 156 177 818 490 164 160 206 157 956 643 176 226 185 184
162 171 383 156 157 156 156 184 383 242 164 164 204 158 383 383 203 198 186 169
160 169 956 156 157 156 156 174 956 258 158 163 178 158 956 207 170 240 161 174
162 169 479 156 158 156 156 177 479 208 159 163 185 158 208 208 171 175 163 242
160 166 168 156 157 156 156 168 168 168 165 168 168 157 168 168 168 168 164 168
161 168 163 156 157 156 156 163 163 163 163 162 163 157 163 163 163 163 160 163
162 170 268 156 158 156 156 176 268 268 162 166 172 159 268 268 175 244 164 188
161 170 956 156 158 156 156 178 956 443 163 164 198 158 843 310 219 240 184 206
159 171 956 156 157 156 156 175 956 215 165 162 200 157 956 956 179 263 159 191
162 170 486 156 158 156 156 189 486 241 160 165 201 157 486 344 216 194 165 193
162 170 612 156 157 156 156 172 409 236 158 164 216 158 464 378 174 199 172 211
162 171 665 156 157 156 156 169 665 376 165 163 245 158 664 347 168 188 164 208
90 90 90 90 90 90 90 90 90 90 90 90 90 90 90 90 90 90 90 90
160 169 204 156 157 156 156 201 203 204 159 169 187 157 203 203 187 202 180 196
161 170 612 156 157 156 156 169 612 226 159 166 216 158 612 241 192 223 169 221
161 169 206 156 157 156 156 183 206 206 166 160 185 158 206 206 172 206 175 186
162 169 465 156 158 156 156 170 465 313 164 160 240 158 465 462 205 210 173 222
161 170 297 156 157 156 156 176 297 242 165 165 204 157 297 297 199 206 202 192
162 171 302 156 157 156 156 171 302 291 161 164 196 157 203 302 184 200 176 234
161 167 617 156 157 156 156 171 617 300 159 161 203 157 616 515 174 190 167 194
160 168 956 156 157 156 156 172 956 279 159 162 192 157 487 340 234 217 168 173
161 170 188 156 157 156 156 171 188 418 162 159 187 158 188 557 188 188 163 188
161 168 401 156 157 156 156 168 401 401 158 164 169 157 401 400 199 204 164 193
158 169 956 156 157 156 156 198 956 207 165 165 207 157 159 207 170 254 157 207
161 170 863 156 157 156 156 177 630 357 161 161 217 158 630 590 206 195 193 185
160 168 467 156 158 156 156 182 467 414 171 167 191 157 440 243 205 216 170 192
162 168 956 156 158 156 156 175 956 220 164 160 192 157 956 956 194 198 208 200
162 169 956 156 157 156 156 183 956 530 164 177 216 157 956 901 173 220 162 186
162 171 265 156 157 156 156 172 265 264 163 166 215 158 265 265 173 217 178 217
162 169 906 156 156 156 156 199 956 282 171 164 188 157 781 406 167 198 162 214
161 168 269 156 157 156 156 174 269 266 165 163 211 157 269 269 177 217 178 212
81 81 81 81 81 81 81 81 81 81 81 81 81 81 81 81 81 81 81 81
160 170 338 156 156 156 156 180 338 324 161 165 223 157 338 324 213 204 184 182
87 87 87 87 87 87 87 87 87 87 87 87 87 87 87 87 87 87 87 87
161 168 956 156 157 156 156 174 956 290 161 169 227 157 956 363 208 221 183 210
162 168 460 156 157 156 156 197 460 242 164 171 179 157 460 399 174 257 237 208
22 22 22 22 22 22 22 22 22 22 22 22 22 22 22 22 22 22 22 22
162 169 956 156 158 156 156 176 956 251 164 168 204 158 956 643 213 184 182 182
162 171 505 156 156 156 156 173 505 504 161 161 182 157 505 237 214 224 158 203
161 168 497 156 157 156 156 180 497 318 168 163 200 156 182 182 201 244 163 182
73 73 73 73 73 73 73 73 73 73 73 73 73 73 73 73 73 73 73 73
162 170 956 156 158 156 156 185 956 263 163 161 195 157 956 338 188 172 201 243
162 168 227 156 158 156 156 184 227 226 162 165 220 157 227 227 170 220 168 206
161 169 558 156 157 156 156 173 558 449 161 161 220 157 558 349 183 187 162 226
160 169 956 156 157 156 156 172 956 231 163 163 215 157 956 231 210 192 161 198
88 88 88 88 88 88 88 88 88 88 88 88 88 88 88 88 88 88 88 88
161 172 518 156 157 156 156 185 518 261 174 160 206 159 518 443 170 186 185 198
161 169 553 156 157 156 156 176 557 227 161 160 181 159 400 237 178 252 190 207
123 123 123 123 123 123 123 123 123 123 123 123 123 123 123 123 123 123 123 123
160 170 956 156 157 156 156 178 956 341 161 171 173 157 956 311 185 198 175 218
161 172 327 156 157 156 156 171 327 322 162 167 242 159 327 325 167 209 173 208
105 105 105 105 105 105 105 105 105 105 105 105 105 105 105 105 105 105 105 105
37 37 37 37 37 37 37 37 37 37 37 37 37 37 37 37 37 37 37 37
162 164 956 156 158 156 156 172 956 484 163 171 198 157 956 630 167 208 167 242
162 169 956 156 157 156 156 207 956 298 171 163 216 157 956 521 166 229 159 223
79 79 79 79 79 79 79 79 79 79 79 79 79 79 79 79 79 79 79 79
161 170 815 156 158 156 156 170 815 307 170 161 197 160 633 367 208 232 231 186
161 170 370 156 157 156 156 177 369 202 160 160 209 160 370 242 168 224 162 204
161 168 956 156 158 156 156 175 956 387 159 167 187 159 956 437 227 205 161 212
161 170 262 156 157 156 156 174 262 261 173 164 174 157 261 262 197 205 166 210
162 167 557 156 156 156 156 176 557 410 163 160 193 156 557 390 213 206 164 211
159 159 159 156 157 156 156 159 159 159 159 159 159 157 956 159 159 159 158 159
133 133 133 133 133 133 133 133 133 133 133 133 133 133 133 133 133 133 133 133
95 95 95 95 95 95 95 95 95 95 95 95 95 95 95 95 95 95 95 95
160 161 161 156 158 156 156 161 161 161 161 161 161 157 224 161 161 161 160 161
39 39 39 39 39 39 39 39 39 39 39 39 39 39 39 39 39 39 39 39
161 166 262 156 156 156 156 190 355 309 160 163 240 157 262 220 190 226 182 195
162 171 374 156 157 156 156 170 374 322 164 168 190 158 374 374 175 198 193 220
162 172 839 156 157 156 156 172 839 839 164 164 193 158 839 401 171 192 162 213
162 173 228 156 157 156 156 174 228 194 161 169 206 157 227 229 183 211 194 225
160 170 221 156 157 156 156 191 221 221 170 161 203 157 221 221 174 194 176 207
160 168 956 156 157 156 156 178 956 213 163 159 209 157 956 406 174 194 160 210
160 165 497 156 157 156 156 178 497 415 166 162 190 157 495 493 185 240 165 198
162 170 956 156 157 156 156 179 831 253 165 163 202 157 266 253 200 247 178 203
161 165 956 156 157 156 156 177 744 211 165 164 185 157 212 212 190 193 162 210
162 166 956 156 156 156 156 178 956 255 173 161 176 157 956 956 190 228 166 181
133 133 133 133 133 133 133 133 133 133 133 133 133 133 133 133 133 133 133 133
162 168 799 156 157 156 156 168 799 319 165 177 228 157 798 234 207 203 168 190
161 170 293 156 157 156 156 190 293 293 163 161 196 157 199 199 208 210 195 196
160 168 189 156 156 156 156 167 189 188 163 169 188 157 189 200 189 189 172 188
161 168 708 156 156 156 156 178 708 472 157 160 184 157 472 472 187 197 168 181
161 170 956 156 158 156 156 180 956 369 167 166 229 157 956 432 194 266 163 185
162 168 773 156 158 156 156 177 773 253 166 167 182 157 773 773 210 206 163 204
43 43 43 43 43 43 43 43 43 43 43 43 43 43 43 43 43 43 43 43
161 164 956 156 157 156 156 174 956 226 164 160 227 157 438 341 181 245 164 220
73 73 73 73 73 73 73 73 73 73 73 73 73 73 73 73 73 73 73 73
161 168 559 156 157 156 156 180 559 557 164 164 224 158 559 458 205 241 164 202
160 169 651 156 157 156 156 171 651 469 160 164 176 156 571 263 208 266 173 187
160 168 645 156 157 156 156 173 645 333 166 164 197 157 645 333 177 182 170 197
162 169 377 156 157 156 156 186 377 377 165 163 219 158 377 376 207 177 184 209
162 168 701 156 157 156 156 176 700 250 161 162 189 157 701 426 178 192 168 214
161 168 429 156 157 156 156 168 412 281 166 163 172 157 412 362 206 224 169 241
162 168 764 156 157 156 156 182 764 325 164 163 201 158 764 269 208 181 163 212
160 167 246 156 157 156 156 169 173 235 167 163 219 157 246 225 194 246 173 206
161 165 165 156 158 156 156 165 165 165 163 165 165 157 165 206 165 165 165 165
162 172 359 156 158 156 156 180 359 351 166 158 190 157 359 359 198 170 192 182
162 169 889 156 156 156 156 172 889 304 160 185 206 156 889 689 194 245 187 196
161 168 366 156 157 156 156 192 366 231 165 172 254 156 366 348 204 221 173 226
162 168 956 156 156 156 156 172 956 336 167 162 205 157 956 359 185 200 169 209
161 167 329 156 157 156 156 168 327 326 160 162 224 158 329 327 182 196 162 246
136 136 136 136 136 136 136 136 136 136 136 136 136 136 136 136 136 136 136 136
17 17 17 17 17 17 17 17 17 17 17 17 17 17 17 17 17 17 17 17
117 117 117 117 117 117 117 117 117 117 117 117 117 117 117 117 117 117 117 117
161 168 956 156 157 156 156 176 956 415 161 159 215 157 956 273 161 213 169 256
120 120 120 120 120 120 120 120 120 120 120 120 120 120 120 120 120 120 120 120
162 168 337 156 157 157 156 178 337 233 164 163 184 159 337 336 166 186 171 230
162 170 597 156 158 156 156 175 597 265 160 174 169 157 597 597 210 182 195 192
162 167 681 156 159 156 156 183 681 219 160 164 188 158 219 678 191 178 167 206
154 154 154 154 154 154 154 154 154 154 154 154 154 154 154 154 154 154 154 154
93 93 93 93 93 93 93 93 93 93 93 93 93 93 93 93 93 93 93 93
162 169 956 156 157 156 156 189 956 305 162 164 198 156 956 488 178 225 171 214
161 167 389 156 157 156 156 170 359 333 160 161 196 157 389 389 160 182 166 201
161 166 207 156 158 156 156 181 207 207 161 170 207 157 207 207 166 203 168 204
160 168 956 156 157 157 156 185 956 226 164 159 204 158 655 282 230 222 160 210
160 166 719 156 157 156 156 187 226 271 161 166 195 157 719 303 206 223 161 220
161 169 327 156 158 156 156 185 327 282 165 161 206 158 327 327 182 190 170 173
162 169 956 156 158 156 156 194 956 229 161 160 198 157 956 467 178 194 169 243
161 169 283 156 157 156 156 167 283 249 159 161 180 157 283 527 174 184 163 223
160 167 432 156 158 156 156 175 431 265 162 161 203 157 431 265 172 208 162 190
162 170 956 156 157 156 156 190 956 255 160 160 176 157 956 543 192 219 177 204
161 169 314 156 157 156 156 172 498 498 167 159 182 156 498 314 184 199 174 201
162 170 387 156 157 156 156 195 387 387 177 162 210 158 210 209 192 229 170 202
162 170 403 156 158 156 156 179 403 308 162 168 214 158 403 363 178 262 193 174
161 168 956 156 158 156 156 184 956 692 164 159 212 158 956 385 178 224 187 206
160 169 291 156 157 156 156 185 292 289 161 168 226 158 290 290 183 232 202 180
161 170 418 156 157 156 156 178 418 248 163 162 205 157 418 219 201 232 169 219
162 167 372 156 157 156 156 187 372 261 162 169 223 158 372 372 227 228 177 245
161 171 956 156 157 156 156 189 956 318 161 164 192 157 956 519 176 169 183 192
162 166 712 157 157 156 156 174 293 291 160 161 200 157 293 201 184 213 165 194
160 168 956 156 157 156 156 206 478 372 171 162 189 157 956 478 170 182 168 200
19 19 19 19 19 19 19 19 19 19 19 19 19 19 19 19 19 19 19 19
162 170 946 156 158 156 156 172 946 426 161 164 173 157 946 759 187 178 181 181
115 115 115 115 115 115 115 115 115 115 115 115 115 115 115 115 115 115 115 115
161 170 248 156 157 156 156 171 248 530 170 162 242 158 248 246 190 225 183 194
161 166 445 156 158 156 156 172 623 247 161 161 183 157 445 437 205 207 165 238
162 170 801 156 157 156 156 184 801 398 172 161 219 157 801 460 197 222 173 194
149 149 149 149 149 149 149 149 149 149 149 149 149 149 149 149 149 149 149 149
161 164 317 156 158 156 156 187 317 292 172 162 195 157 317 316 201 197 162 228
161 171 956 156 157 156 156 197 956 313 162 158 214 157 793 956 227 245 170 203
161 166 225 156 157 156 156 181 225 297 171 160 188 160 225 202 225 198 166 198
162 171 348 156 157 156 156 174 348 222 168 174 203 157 348 345 216 246 190 216
161 170 956 156 157 156 156 186 823 299 160 163 195 159 820 205 172 224 163 194
161 166 626 156 157 156 156 182 626 626 169 159 211 157 626 624 189 187 168 223
152 152 152 152 152 152 152 152 152 152 152 152 152 152 152 152 152 152 152 152
162 172 267 156 157 156 156 173 267 267 159 158 238 157 267 267 174 202 167 192
161 166 956 156 157 156 156 168 956 498 164 169 206 159 956 956 187 191 189 199
162 171 648 156 157 156 156 175 496 226 172 178 179 158 496 496 188 230 162 190
162 166 182 156 157 156 156 176 182 182 160 159 182 157 183 182 176 182 178 182
149 149 149 149 149 149 149 149 149 149 149 149 149 149 149 149 149 149 149 149
160 173 438 156 157 156 156 179 438 247 159 162 221 157 438 247 176 171 177 186
161 171 195 156 157 157 156 165 195 243 160 162 196 157 195 195 182 183 165 195
160 168 520 156 157 156 156 195 520 417 176 162 223 157 520 229 167 189 163 204
160 169 621 156 156 156 156 167 621 379 171 165 214 156 621 621 162 194 167 200
162 171 412 156 158 156 156 171 412 411 167 169 210 158 411 243 169 184 177 207
160 171 956 156 157 156 156 177 956 271 162 162 190 157 956 437 211 195 162 214
117 117 117 117 117 117 117 117 117 117 117 117 117 117 117 117 117 117 117 117
161 169 393 156 157 156 156 171 393 393 167 163 170 156 393 368 214 199 186 252
162 171 176 156 158 156 156 177 176 176 169 164 176 158 176 177 176 176 174 175
162 167 956 156 157 156 156 185 956 411 172 162 181 158 956 577 178 219 163 189
161 170 731 156 157 156 156 175 731 315 166 161 190 157 731 315 209 200 216 214
161 168 469 156 157 156 156 175 469 219 158 166 193 157 469 219 210 243 187 198
160 170 313 156 157 156 156 184 313 282 167 167 189 156 313 313 195 173 169 182
161 168 948 156 157 156 156 175 948 301 162 159 206 158 947 590 220 226 168 210
161 172 464 156 157 156 156 178 464 463 164 173 199 158 463 295 183 237 179 211
161 169 821 156 157 156 156 179 433 293 161 158 190 157 433 348 164 192 167 212
160 167 622 156 157 156 156 175 622 476 161 159 194 157 179 476 181 178 167 223
162 171 542 156 157 156 156 168 542 264 160 159 174 157 338 416 185 204 158 215
162 168 634 156 157 156 156 179 634 377 163 164 200 157 634 377 179 226 168 235
162 170 956 156 157 156 156 175 956 225 162 163 211 157 956 485 188 201 169 218
161 169 476 156 157 156 156 167 476 263 168 168 206 157 335 336 221 201 172 206
162 172 319 156 157 156 156 181 319 319 158 162 172 157 319 199 176 180 196 218
161 171 257 156 158 156 156 176 257 257 163 164 204 158 257 257 180 193 159 219
161 164 359 156 157 156 156 192 359 252 172 161 174 157 176 253 182 194 164 188
161 169 384 156 157 156 156 172 384 274 169 163 184 157 384 382 222 195 162 191
162 170 236 156 157 156 156 180 236 236 161 167 180 157 236 236 168 193 162 203
161 171 321 156 156 156 156 178 321 361 162 172 186 156 956 318 172 242 175 216
162 172 395 156 157 156 156 172 395 341 163 161 228 159 395 656 190 205 201 225
161 172 532 156 157 156 156 179 532 343 163 162 197 156 532 367 174 240 237 233
163 169 515 156 158 156 156 175 515 387 164 165 208 159 515 401 193 192 195 208
163 169 498 156 156 156 156 176 498 245 173 162 175 156 498 245 185 211 164 180
162 168 180 156 157 156 156 178 180 180 177 170 180 157 178 180 176 180 167 180
162 170 956 156 157 156 156 178 956 475 162 166 262 157 956 475 201 201 178 191
161 174 759 156 157 156 156 170 291 483 158 163 178 157 759 291 176 228 162 210
47 47 47 47 47 47 47 47 47 47 47 47 47 47 47 47 47 47 47 47
160 170 633 156 157 156 156 174 337 208 160 162 187 157 336 337 207 186 176 197
161 169 291 156 157 156 156 174 291 291 165 163 210 157 310 280 190 228 161 224
162 172 518 156 157 156 156 180 405 518 167 164 198 157 516 401 238 198 176 233
77 77 77 77 77 77 77 77 77 77 77 77 77 77 77 77 77 77 77 77
21 21 21 21 21 21 21 21 21 21 21 21 21 21 21 21 21 21 21 21
161 171 271 156 158 156 156 183 271 271 169 163 200 158 271 271 188 186 180 171
162 167 214 156 157 156 156 184 214 214 163 164 214 158 213 214 213 175 169 203
143 143 143 143 143 143 143 143 143 143 143 143 143 143 143 143 143 143 143 143
161 172 956 156 157 156 156 171 956 304 160 169 179 156 956 578 181 174 207 188
161 172 357 156 158 156 156 200 356 229 164 161 208 159 357 356 186 248 191 214
161 167 208 156 157 156 156 206 208 208 161 161 227 157 208 208 208 177 181 195
161 169 274 156 157 156 156 194 274 274 167 164 192 157 274 274 199 222 182 234
92 92 92 92 92 92 92 92 92 92 92 92 92 92 92 92 92 92 92 92
161 170 956 156 157 156 156 196 956 495 161 166 183 156 956 305 174 255 163 211
160 168 712 156 157 156 156 198 712 379 162 163 173 157 712 504 181 206 159 203
162 168 511 156 157 156 156 176 510 271 158 163 222 157 511 356 208 239 201 202
161 169 956 156 157 156 156 168 956 409 164 163 201 158 956 267 191 187 161 178
161 171 917 156 157 156 156 173 917 539 159 163 187 157 917 454 181 226 173 211
162 168 956 156 157 156 156 175 956 338 160 159 182 157 956 408 211 218 162 209
162 169 221 156 157 156 156 173 221 221 163 175 188 158 221 221 215 209 164 200
160 167 457 156 157 156 156 195 457 208 162 167 241 157 457 295 172 209 163 199
162 167 512 156 158 156 156 170 513 345 165 159 197 158 512 511 177 232 171 196
160 170 786 156 158 156 156 177 786 261 162 161 231 157 786 498 172 176 163 215
161 170 206 156 157 156 156 189 206 206 163 163 188 159 206 206 177 206 203 198
162 170 657 156 157 156 156 169 657 307 159 172 205 158 657 307 204 208 162 173
160 171 315 156 157 156 156 175 315 220 164 162 190 157 315 228 189 198 162 181
157 170 247 156 156 156 156 175 247 232 161 160 185 157 247 247 164 174 157 211
162 167 388 156 157 156 156 187 388 388 162 165 189 157 387 387 182 193 167 224
117 117 117 117 117 117 117 117 117 117 117 117 117 117 117 117 117 117 117 117
162 170 444 156 156 156 156 174 444 333 166 172 209 159 444 209 168 223 175 222
68 68 68 68 68 68 68 68 68 68 68 68 68 68 68 68 68 68 68 68
162 171 457 156 157 156 156 171 457 333 163 171 234 159 457 277 162 252 168 230
162 172 928 156 158 156 156 184 796 281 163 159 221 157 796 363 190 213 167 212
67 67 67 67 67 67 67 67 67 67 67 67 67 67 67 67 67 67 67 67
161 168 829 156 158 156 156 173 829 234 164 163 190 157 829 829 180 196 181 188
161 163 223 156 157 156 156 174 223 218 187 163 182 159 223 223 173 220 192 178
160 171 179 156 157 156 156 177 179 179 160 163 179 157 179 179 179 179 179 179
161 170 377 156 157 156 156 174 377 376 164 178 209 156 377 377 210 224 211 228
162 171 956 156 157 156 156 174 956 423 159 164 182 157 956 282 187 186 163 185
160 168 333 156 157 156 156 178 333 331 162 168 174 157 333 333 179 197 174 195
162 169 956 156 157 156 156 171 849 229 163 163 195 158 263 262 225 193 183 177
162 168 553 156 158 156 156 171 553 498 165 173 196 158 553 318 205 232 169 245
162 167 629 156 157 156 156 168 255 239 162 159 196 158 255 255 176 220 169 220
162 169 589 156 157 156 156 178 589 342 161 168 206 158 589 528 190 238 176 223
161 171 871 156 157 156 156 172 871 231 163 163 182 158 871 231 204 222 189 202
161 169 451 156 157 156 156 177 451 441 171 168 176 157 451 451 172 235 162 198
161 166 639 156 157 156 156 173 639 330 165 172 246 157 638 638 189 269 169 189
161 170 184 156 157 156 156 180 184 184 171 163 184 158 184 184 179 184 171 178
161 167 175 156 157 156 156 171 175 175 160 167 175 156 175 175 175 175 167 175
161 168 476 156 157 156 156 189 476 322 163 165 194 157 956 322 230 188 177 174
162 171 561 156 158 156 156 181 564 311 166 165 222 158 561 413 185 234 182 196
27 27 27 27 27 27 27 27 27 27 27 27 27 27 27 27 27 27 27 27
161 173 548 156 157 156 156 169 548 287 164 163 174 158 548 524 171 277 167 203
161 167 333 156 157 156 156 167 333 300 160 167 217 157 333 333 172 211 162 241
161 166 447 156 157 156 156 179 447 246 162 160 207 157 447 447 195 211 176 200
161 166 456 156 158 156 156 166 456 345 161 161 180 157 456 344 172 227 161 189
160 167 956 156 157 156 156 185 956 298 169 162 219 158 956 299 219 189 159 202
161 169 337 156 157 156 156 182 337 330 164 161 200 156 337 200 174 214 165 191
161 167 956 156 157 156 156 173 956 493 159 160 198 158 697 617 204 270 172 190
159 170 912 156 157 156 156 172 912 245 163 168 223 157 912 419 185 199 211 217
129 129 129 129 129 129 129 129 129 129 129 129 129 129 129 129 129 129 129 129
99 99 99 99 99 99 99 99 99 99 99 99 99 99 99 99 99 99 99 99
161 167 171 156 157 156 156 170 171 171 160 160 171 158 171 171 171 171 162 171
17 17 17 17 17 17 17 17 17 17 17 17 17 17 17 17 17 17 17 17
161 170 956 156 157 156 156 174 956 262 165 172 222 157 478 262 188 192 176 228
161 169 217 156 157 157 156 178 217 214 168 160 176 158 217 217 206 208 166 217
55 55 55 55 55 55 55 55 55 55 55 55 55 55 55 55 55 55 55 55
161 167 600 156 157 156 156 180 600 538 167 165 186 158 600 409 198 247 165 213
162 171 441 156 157 156 156 175 441 441 161 176 206 157 441 439 174 229 172 189
162 167 295 156 157 156 156 174 295 196 174 160 196 159 294 247 176 202 169 229
160 167 604 156 157 156 156 186 604 270 167 165 220 157 604 604 204 200 162 217
162 172 917 156 157 156 156 192 917 393 160 165 229 158 874 363 230 193 163 191
160 167 607 156 157 156 156 179 607 315 163 163 182 157 393 231 174 239 162 237
48 48 48 48 48 48 48 48 48 48 48 48 48 48 48 48 48 48 48 48
162 170 769 156 157 156 156 174 769 523 163 162 224 157 685 685 185 242 161 212
162 172 956 156 157 156 156 174 956 272 166 162 178 157 956 399 193 237 174 227
125 125 125 125 125 125 125 125 125 125 125 125 125 125 125 125 125 125 125 125
162 167 641 156 157 156 156 180 641 213 162 178 190 157 641 641 185 215 167 233
110 110 110 110 110 110 110 110 110 110 110 110 110 110 110 110 110 110 110 110
161 165 168 156 157 156 156 168 168 168 167 165 168 157 168 168 168 168 165 168
161 167 956 156 156 156 156 189 956 254 162 161 201 157 912 254 180 238 171 181
162 172 507 156 158 156 156 170 507 229 165 164 187 157 507 229 200 190 169 200
162 171 822 156 157 156 156 191 822 424 172 160 223 157 821 372 198 216 167 216
161 169 956 156 158 156 156 191 956 378 164 163 243 158 705 685 198 186 165 210
162 170 209 156 157 156 156 178 209 209 164 161 184 157 209 209 208 209 183 209
162 170 956 156 158 156 156 169 956 262 162 163 189 157 501 227 184 256 160 198
161 171 243 156 157 156 156 183 243 243 176 167 202 158 243 243 178 198 161 175
162 172 310 156 157 156 156 172 311 431 167 161 186 156 310 307 217 220 183 219
162 165 351 156 157 156 156 168 257 256 162 162 215 157 257 350 202 184 162 182
162 170 956 156 157 156 156 189 956 448 161 182 197 158 956 356 200 200 193 241
162 170 689 156 158 156 156 186 689 274 167 167 258 158 689 312 191 212 172 199
20 20 20 20 20 20 20 20 20 20 20 20 20 20 20 20 20 20 20 20
161 169 956 156 157 156 156 171 956 446 163 160 241 157 956 750 189 200 178 174
162 166 956 156 158 156 156 179 956 323 165 162 208 156 956 324 179 180 164 217
146 146 146 146 146 146 146 146 146 146 146 146 146 146 146 146 146 146 146 146
160 167 803 156 157 156 156 178 803 445 159 159 219 158 803 717 208 182 275 192
102 102 102 102 102 102 102 102 102 102 102 102 102 102 102 102 102 102 102 102
161 170 500 156 157 156 156 183 500 459 166 163 202 159 500 497 182 189 187 213
113 113 113 113 113 113 113 113 113 113 113 113 113 113 113 113 113 113 113 113
160 168 365 156 157 156 156 181 333 329 160 162 176 157 333 333 224 277 167 239
161 171 614 156 158 156 156 188 614 212 172 163 206 158 614 614 182 206 173 192
99 99 99 99 99 99 99 99 99 99 99 99 99 99 99 99 99 99 99 99
161 170 397 156 157 156 156 169 397 319 169 170 207 159 252 252 172 170 162 194
162 171 956 156 157 156 156 181 956 432 159 172 199 157 804 220 193 177 184 199
162 169 415 156 156 156 156 194 415 384 172 162 226 158 415 414 165 204 163 207
161 168 211 156 158 156 156 173 211 211 164 165 208 157 211 211 177 192 173 211
143 143 143 143 143 143 143 143 143 143 143 143 143 143 143 143 143 143 143 143
160 170 315 156 157 156 156 170 315 310 158 164 173 157 315 315 201 200 173 217
161 170 837 156 158 156 156 179 837 412 167 161 208 158 837 398 184 258 231 192
155 155 155 155 155 155 155 155 155 155 155 155 155 155 155 155 155 155 155 155
162 169 956 156 158 156 156 175 893 632 165 164 186 157 893 632 226 247 178 220
162 173 956 156 157 156 156 176 956 320 168 162 198 158 538 298 180 208 177 201
44 44 44 44 44 44 44 44 44 44 44 44 44 44 44 44 44 44 44 44
160 170 956 156 157 156 156 181 956 407 159 164 213 157 956 272 170 192 173 204
160 165 719 156 157 156 156 186 719 255 160 161 174 158 719 547 188 192 165 214
160 169 956 156 157 156 156 177 956 607 164 162 208 157 956 354 174 212 161 237
161 168 350 156 157 156 156 172 350 348 163 162 200 157 350 350 203 202 168 234
161 172 631 156 157 156 156 183 631 223 158 162 179 157 489 616 201 200 166 228
161 169 390 156 157 156 156 171 390 261 162 160 186 157 390 390 184 246 184 213
122 122 122 122 122 122 122 122 122 122 122 122 122 122 122 122 122 122 122 122
161 171 239 156 158 156 156 179 239 239 159 159 236 157 239 239 190 215 162 221
158 169 881 156 156 156 156 170 881 249 167 169 199 157 881 753 205 273 161 220
162 168 225 156 157 156 156 168 225 223 166 167 214 158 225 225 208 200 202 221
161 170 751 156 158 156 156 172 751 227 175 160 187 158 751 751 186 268 197 182
161 170 469 156 157 156 156 173 469 354 168 165 178 158 469 284 217 208 189 208
158 165 168 156 156 156 156 168 168 168 164 160 168 156 168 168 168 168 165 168
160 171 215 156 157 156 156 191 215 215 176 169 174 157 215 215 173 195 177 215
161 169 956 156 158 156 156 186 956 314 167 166 215 157 956 465 214 213 176 201
161 167 295 156 157 156 156 171 295 253 162 165 189 158 469 253 196 187 185 228
162 170 373 156 157 156 156 172 334 334 160 165 211 159 373 373 177 199 182 192
161 165 165 156 157 156 156 165 165 165 162 165 165 157 165 165 165 165 164 165
162 169 344 156 158 156 156 173 345 213 161 162 197 158 328 210 170 178 163 192
160 169 179 156 157 156 156 174 179 179 162 162 179 156 179 179 169 179 170 174
162 172 402 156 157 156 156 183 402 333 163 161 191 159 402 333 178 194 176 212
162 169 657 156 158 156 156 193 657 244 163 162 220 157 657 449 171 212 171 192
162 174 535 156 158 156 156 171 535 272 160 165 179 157 535 454 170 220 193 180
162 170 333 156 157 156 156 177 399 333 170 166 210 157 333 182 203 206 179 249
161 170 199 156 157 156 156 189 198 199 160 170 199 157 199 199 185 199 162 196
161 166 305 156 157 156 156 176 305 333 165 163 178 157 305 282 216 220 163 192
161 165 956 156 157 156 156 187 385 278 164 162 174 158 385 385 196 212 163 250
53 53 53 53 53 53 53 53 53 53 53 53 53 53 53 53 53 53 53 53
13 13 13 13 13 13 13 13 13 13 13 13 13 13 13 13 13 13 13 13
161 168 712 156 157 156 156 168 712 349 164 161 204 157 712 682 193 264 166 184
162 170 519 156 157 156 156 188 519 241 169 159 216 157 519 220 195 188 188 205
161 164 169 156 158 156 156 169 169 169 164 164 169 158 169 170 169 169 169 169
88 88 88 88 88 88 88 88 88 88 88 88 88 88 88 88 88 88 88 88
89 89 89 89 89 89 89 89 89 89 89 89 89 89 89 89 89 89 89 89
162 172 373 156 157 156 156 180 373 291 163 163 228 158 374 334 179 187 175 209
161 170 434 156 157 156 156 178 434 265 166 170 212 158 434 434 190 218 215 212
81 81 81 81 81 81 81 81 81 81 81 81 81 81 81 81 81 81 81 81
161 165 645 156 157 156 156 181 645 353 162 161 232 161 645 788 195 167 166 239
162 167 956 156 157 156 156 167 956 272 164 164 182 157 956 512 198 171 164 182
162 170 677 156 157 156 156 173 677 173 166 170 186 156 677 340 167 188 162 190
162 171 313 156 157 156 156 175 956 539 159 161 196 157 313 313 223 190 182 220
160 168 199 156 157 156 156 170 199 198 162 160 192 158 198 199 193 199 168 199
161 170 763 156 158 156 156 190 763 369 183 161 231 158 370 412 211 199 173 222
161 169 956 156 157 156 156 170 956 256 165 163 230 157 956 381 187 206 172 229
161 170 698 156 157 156 156 171 698 281 170 165 182 157 697 210 205 204 169 212
135 135 135 135 135 135 135 135 135 135 135 135 135 135 135 135 135 135 135 135
161 168 629 156 158 156 156 181 242 293 165 163 200 157 241 239 209 183 168 214
162 170 597 156 157 156 156 175 597 510 170 178 210 157 597 341 200 225 170 204
98 98 98 98 98 98 98 98 98 98 98 98 98 98 98 98 98 98 98 98
162 170 674 156 157 156 156 185 674 253 162 161 180 157 674 452 193 199 186 188
161 170 764 156 157 156 156 174 764 301 176 165 219 158 764 654 196 183 170 229
162 171 212 156 157 156 156 184 213 212 162 164 199 157 212 212 206 212 187 212
161 169 956 156 158 156 156 187 956 232 163 166 190 157 956 360 179 190 173 194
162 171 840 156 157 156 156 170 840 310 162 166 198 157 839 684 223 190 190 203
161 169 956 156 156 156 156 183 956 373 163 160 193 157 373 373 188 189 169 220
162 172 927 156 157 156 156 174 927 255 162 162 220 158 927 511 212 182 175 191
162 170 956 156 157 156 156 173 530 288 168 160 210 157 530 529 189 208 192 220
161 170 281 156 157 156 156 174 281 216 165 167 208 158 281 281 188 198 183 186
162 168 893 156 157 156 156 175 893 324 162 167 230 157 893 893 199 232 162 223
162 170 431 156 157 156 156 170 431 431 165 160 219 157 431 298 210 182 174 205
161 169 553 156 157 156 156 177 553 344 165 168 280 158 553 401 198 223 168 202
161 163 163 156 158 156 156 163 163 163 163 163 163 156 163 163 163 163 162 163
162 168 956 156 158 156 156 173 956 217 174 164 198 158 956 307 184 198 210 206
162 170 493 156 157 156 156 174 493 345 161 163 207 157 512 491 216 204 171 210
161 169 327 156 157 156 156 172 327 273 170 164 232 157 327 326 179 187 168 206
161 167 814 156 157 156 156 178 814 319 158 160 198 156 814 239 173 202 162 202
161 171 553 156 157 156 156 175 552 364 160 160 192 158 552 552 181 267 161 177
162 170 237 156 158 156 156 173 237 237 160 163 205 158 237 237 197 198 197 233
162 169 956 156 157 156 156 167 956 521 162 166 207 157 956 206 176 223 177 188
136 136 136 136 136 136 136 136 136 136 136 136 136 136 136 136 136 136 136 136
58 58 58 58 58 58 58 58 58 58 58 58 58 58 58 58 58 58 58 58
161 169 408 156 157 156 156 178 408 403 157 169 178 157 408 394 222 185 169 240
158 159 159 156 157 156 156 159 159 159 159 159 159 157 159 159 159 159 159 159
161 167 301 156 157 156 156 168 301 300 165 181 196 158 301 301 220 195 167 208
161 164 713 156 158 156 156 192 713 327 162 164 189 157 713 328 185 182 162 203
85 85 85 85 85 85 85 85 85 85 85 85 85 85 85 85 85 85 85 85
162 168 712 156 158 156 156 173 712 247 166 162 210 158 712 712 179 179 181 192
161 163 318 156 157 156 156 178 318 317 163 172 216 158 318 318 171 226 200 225
160 169 186 156 157 156 156 186 186 379 170 162 186 157 186 381 180 186 167 186
162 168 579 156 156 156 156 189 579 359 164 162 197 157 579 206 218 193 180 194
153 153 153 153 153 153 153 153 153 153 153 153 153 153 153 153 153 153 153 153
162 168 863 156 157 156 156 181 863 243 158 168 194 158 956 691 207 245 192 178
161 164 355 156 157 156 156 199 355 271 161 172 230 158 355 355 167 230 164 192
162 163 556 156 158 156 156 173 556 658 166 163 203 156 556 556 179 195 163 228
37 37 37 37 37 37 37 37 37 37 37 37 37 37 37 37 37 37 37 37
161 166 493 156 157 156 156 176 493 324 163 162 215 158 493 303 208 202 163 197
73 73 73 73 73 73 73 73 73 73 73 73 73 73 73 73 73 73 73 73
156 166 956 156 156 156 156 182 454 274 161 166 192 156 956 454 168 169 156 206
53 53 53 53 53 53 53 53 53 53 53 53 53 53 53 53 53 53 53 53
162 171 360 156 158 156 156 193 360 297 166 167 192 156 358 294 200 199 199 202
39 39 39 39 39 39 39 39 39 39 39 39 39 39 39 39 39 39 39 39
161 168 336 156 158 156 156 171 336 190 163 163 224 157 336 188 190 192 158 226
143 143 143 143 143 143 143 143 143 143 143 143 143 143 143 143 143 143 143 143
161 165 454 156 158 156 156 180 454 216 161 163 226 157 454 380 197 196 165 189
55 55 55 55 55 55 55 55 55 55 55 55 55 55 55 55 55 55 55 55
161 168 953 156 157 156 156 175 845 470 172 163 237 157 845 845 173 244 167 195
162 171 175 156 157 156 156 171 175 175 173 159 175 156 175 175 175 175 167 175
162 167 674 156 158 156 156 177 674 542 165 163 181 158 545 542 174 200 178 214
162 171 956 156 158 156 156 179 956 272 165 161 197 157 385 384 210 213 198 209
96 96 96 96 96 96 96 96 96 96 96 96 96 96 96 96 96 96 96 96
161 167 363 156 157 156 156 172 363 361 176 165 221 158 361 363 214 214 166 246
162 167 199 156 157 156 156 182 199 199 164 165 199 157 199 197 172 199 168 188
162 168 956 156 157 156 156 170 956 340 177 160 235 157 627 627 228 210 163 186
162 169 318 157 157 156 156 171 318 277 157 163 195 157 318 313 173 191 162 202
69 69 69 69 69 69 69 69 69 69 69 69 69 69 69 69 69 69 69 69
162 171 182 156 157 156 156 178 182 182 169 159 182 157 182 182 182 182 174 182
162 166 359 156 157 156 156 178 359 262 165 166 206 157 359 728 223 253 166 204
161 170 677 156 157 156 156 187 677 262 160 160 205 157 677 677 200 226 168 220
161 168 489 156 157 156 156 172 489 231 166 165 200 156 489 273 215 259 173 210
161 169 413 156 158 156 156 177 413 249 169 162 250 157 413 382 219 200 166 188
63 63 63 63 63 63 63 63 63 63 63 63 63 63 63 63 63 63 63 63
160 168 956 156 157 156 156 179 956 275 161 166 236 158 549 357 183 172 163 212
162 171 573 156 157 156 156 181 573 426 172 164 202 157 573 444 185 190 186 214
