"max_pca1" "max_pca2" "max_pca3" "max_pca5" "max_pca10" "max_pca20" "max_pca40" "min_pca1" "min_pca2" "min_pca3" "min_pca5" "min_pca10" "min_pca20" "min_pca40" "tpca0.8" "tpca0.9" "tpca0.95" "tpca0.99" "tpca0.995" "tpca0.999"
"1" 184 179 178 174 173 173 172 166 169 168 167 167 168 165 160 160 160 161 161 161
"2" 119 57 95 98 94 173 172 169 171 169 169 169 169 166 161 160 161 162 162 162
"3" 181 177 177 175 174 173 172 168 170 169 168 168 170 166 160 160 160 161 161 161
"4" 180 48 176 173 173 172 172 171 170 169 169 169 169 166 161 161 161 162 162 162
"5" 59 49 64 73 86 91 172 170 171 170 170 169 169 166 161 161 161 162 162 162
"6" 185 179 177 173 172 171 171 167 171 169 169 169 169 166 161 161 161 162 162 162
"7" 187 136 176 173 173 172 172 169 171 169 169 168 169 166 160 160 160 161 161 161
"8" 186 180 177 174 174 172 171 170 171 170 169 169 170 166 161 161 161 162 162 162
"9" 43 33 43 82 100 107 127 168 171 170 171 170 170 165 161 161 161 162 162 162
"10" 131 74 132 174 134 172 171 167 170 170 169 169 170 166 161 161 161 162 162 162
"11" 186 181 179 174 174 173 172 171 172 171 171 170 171 165 161 161 161 162 162 162
"12" 185 181 179 174 174 173 172 169 171 170 170 169 170 166 160 161 161 161 161 161
"13" 183 179 178 174 174 172 172 167 170 168 168 168 170 166 161 160 160 161 161 161
"14" 186 90 177 174 173 171 171 171 173 171 172 170 170 166 161 161 161 162 162 162
"15" 188 50 178 175 174 173 172 167 171 169 169 169 170 166 161 161 161 162 162 162
"16" 182 177 176 174 173 172 172 168 170 169 169 169 169 166 161 161 161 161 161 161
"17" 45 75 175 173 173 172 171 167 169 168 167 168 168 165 160 160 160 161 161 161
"18" 195 181 178 174 173 172 172 167 170 169 169 168 169 166 159 159 159 160 160 160
"19" 184 180 178 173 172 172 171 172 172 170 171 171 171 166 161 161 161 162 162 162
"20" 118 45 121 130 173 172 172 166 170 169 169 169 170 166 161 161 161 162 162 162
"21" 190 180 178 174 174 172 172 167 170 169 169 168 170 165 160 160 161 162 162 162
"22" 182 84 176 173 172 171 170 165 168 168 168 167 169 166 160 160 160 161 161 161
"23" 65 49 62 70 77 95 133 168 171 170 170 170 170 166 161 161 161 162 162 162
"24" 190 185 179 174 174 173 172 167 169 168 169 168 170 166 153 157 159 160 160 160
"25" 191 150 179 175 174 172 172 167 170 169 169 168 169 165 161 160 161 162 162 162
"26" 40 41 109 112 125 130 172 168 169 168 167 168 169 166 159 159 159 160 160 160
"27" 149 138 178 174 174 173 172 170 172 171 171 170 171 166 161 161 161 162 162 162
"28" 184 131 178 173 173 172 171 169 170 169 170 169 169 166 161 161 161 162 162 162
"29" 131 91 141 172 172 171 171 169 171 170 170 169 170 166 162 161 162 162 162 162
"30" 188 82 108 174 174 172 172 170 172 170 170 169 169 166 160 160 160 161 161 161
"31" 72 34 77 84 89 100 173 169 172 170 170 170 170 166 161 160 161 162 162 162
"32" 184 178 178 174 173 172 172 169 171 170 169 169 170 166 161 161 161 162 162 162
"33" 184 157 177 173 173 172 171 171 172 171 171 170 170 166 162 161 162 163 163 163
"34" 189 180 178 174 174 173 173 169 170 170 170 169 169 166 160 160 161 161 161 161
"35" 89 64 85 95 96 109 130 169 171 170 169 169 170 166 160 160 160 161 161 161
"36" 181 50 177 174 173 172 172 172 173 171 170 169 170 166 160 160 160 161 161 161
"37" 192 183 179 174 174 173 172 165 168 167 167 168 169 165 161 161 161 162 162 162
"38" 129 105 156 174 174 172 171 170 170 169 168 169 170 166 160 160 160 161 161 161
"39" 188 176 176 173 173 172 172 169 171 170 170 169 170 166 160 160 161 162 162 162
"40" 186 82 178 174 174 172 172 168 170 169 169 169 169 166 160 160 160 161 161 161
"41" 185 180 178 175 174 173 172 169 170 170 170 169 170 166 161 161 161 162 162 162
"42" 87 65 87 126 124 130 134 168 170 169 168 168 169 166 160 160 160 162 162 162
"43" 191 182 178 174 174 173 172 171 171 170 170 169 170 166 160 160 161 161 161 161
"44" 189 130 178 173 173 172 171 168 170 169 168 168 169 166 161 161 161 162 162 162
"45" 84 59 92 112 126 132 172 163 168 168 169 169 169 166 159 159 160 160 160 160
"46" 77 47 64 100 109 172 172 169 171 170 171 170 171 166 161 161 161 162 162 162
"47" 181 179 179 175 175 173 173 169 171 169 169 169 169 166 161 161 161 162 162 162
"48" 191 179 177 174 173 172 171 167 170 170 170 169 170 165 160 160 160 161 161 161
"49" 187 181 178 175 174 173 172 170 172 170 170 169 170 166 160 160 160 161 161 161
"50" 187 180 178 174 174 173 173 168 170 169 170 169 169 166 161 161 161 162 162 162
"51" 184 181 178 173 173 172 171 171 173 170 171 170 170 166 161 161 161 162 162 162
"52" 190 182 179 174 173 172 171 167 170 169 170 169 169 165 161 161 161 162 162 162
"53" 108 70 89 95 173 172 171 168 171 170 170 170 170 165 161 161 161 162 162 162
"54" 157 138 178 153 174 173 173 169 170 169 169 169 169 166 160 160 160 161 161 161
"55" 187 178 177 175 174 173 172 167 170 168 168 168 169 166 158 160 160 161 161 161
"56" 192 179 177 172 172 172 171 168 170 170 170 168 168 165 160 161 161 162 162 162
"57" 86 61 78 87 174 173 173 168 171 169 169 169 170 165 160 160 160 161 161 161
"58" 87 77 102 108 143 172 172 169 171 169 169 168 169 166 161 161 161 162 162 162
"59" 132 177 177 174 174 173 173 169 170 169 169 169 170 165 160 160 160 161 161 161
"60" 190 181 178 175 175 174 173 170 171 170 170 169 170 166 160 160 161 162 162 162
"61" 191 102 177 174 173 172 171 170 172 170 169 169 170 165 142 159 159 160 160 160
"62" 189 182 178 173 173 172 172 171 171 170 171 170 170 165 161 161 161 162 162 162
"63" 107 62 97 107 124 134 139 167 169 168 169 169 169 166 160 160 160 161 161 161
"64" 182 180 179 174 173 171 171 169 172 169 169 169 170 166 161 160 160 161 161 161
"65" 190 179 177 174 174 172 172 170 170 169 168 168 170 165 160 160 161 162 162 162
"66" 184 62 85 174 173 172 171 170 171 169 169 169 170 165 161 161 161 162 162 162
"67" 184 179 178 175 174 173 173 168 169 168 168 168 169 166 161 161 161 162 162 162
"68" 143 179 178 174 174 173 173 167 169 167 168 168 169 165 160 160 160 161 161 161
"69" 111 85 108 118 116 137 143 169 171 169 170 169 170 166 160 160 160 161 161 161
"70" 189 180 178 174 173 172 172 170 172 170 171 169 170 166 160 160 160 161 161 161
"71" 190 181 178 174 173 173 172 171 173 171 171 170 170 166 161 161 161 162 162 162
"72" 188 182 179 175 174 173 172 169 171 170 170 170 170 166 159 159 160 161 161 161
"73" 119 125 176 173 173 172 172 169 172 170 170 169 169 165 160 160 160 162 162 162
"74" 118 50 107 118 122 126 143 169 170 169 168 168 169 166 160 160 160 161 161 161
"75" 186 180 179 174 174 173 173 165 169 169 170 169 169 165 161 161 161 162 162 162
"76" 77 100 177 173 173 171 171 167 169 168 169 168 169 166 160 160 161 162 162 162
"77" 192 176 177 175 174 173 172 165 169 168 168 168 169 166 158 159 159 160 160 160
"78" 160 69 143 154 174 173 172 168 170 169 169 169 170 166 161 161 161 162 162 162
"79" 77 86 177 173 173 172 171 170 171 169 169 169 169 166 161 160 161 162 162 162
"80" 185 65 178 173 173 171 171 171 172 171 171 170 170 165 161 161 161 162 162 162
"81" 87 52 69 79 85 94 147 167 170 169 170 169 170 166 161 161 161 162 162 162
"82" 99 67 110 129 145 130 172 171 172 170 169 169 169 166 162 161 161 162 162 162
"83" 95 95 176 173 172 171 171 169 171 169 168 168 169 167 161 160 161 162 162 162
"84" 109 62 78 86 112 172 171 171 172 171 171 170 170 166 161 161 161 162 162 162
"85" 68 59 78 88 101 171 171 168 171 170 170 169 170 165 161 161 161 162 162 162
"86" 185 178 177 173 173 171 171 168 170 168 166 167 168 164 159 159 159 160 160 160
"87" 134 110 135 141 142 157 171 167 170 169 170 170 170 166 161 161 161 162 162 162
"88" 183 178 177 173 172 171 171 171 173 170 170 169 169 166 160 160 160 161 161 161
"89" 184 72 91 98 112 171 171 170 171 170 170 169 169 166 161 161 161 162 162 162
"90" 194 49 178 175 174 173 172 169 171 169 169 169 170 166 161 161 161 162 162 162
"91" 184 144 177 173 173 172 172 170 171 170 170 169 170 166 161 161 161 162 162 162
"92" 186 180 179 175 174 173 173 170 172 170 169 169 170 166 162 161 162 163 163 163
"93" 181 178 176 172 172 171 171 168 169 168 169 169 169 166 160 160 161 162 162 162
"94" 99 51 90 123 128 128 130 168 171 169 170 169 171 165 161 161 161 162 162 162
"95" 182 177 176 173 173 172 171 171 172 170 169 168 169 166 161 161 161 162 162 162
"96" 185 66 177 174 173 172 172 169 171 169 169 169 170 166 162 162 162 163 163 163
"97" 124 53 177 174 173 172 172 168 169 168 168 168 168 165 159 159 159 160 160 160
"98" 188 182 179 176 175 174 174 169 171 169 169 169 170 165 162 161 162 163 163 163
"99" 183 177 176 174 174 173 172 171 172 170 170 169 169 166 160 160 160 161 161 161
"100" 189 60 178 175 175 174 173 168 171 170 171 170 170 166 161 160 161 162 162 162
"101" 187 182 178 174 174 172 172 172 174 172 172 171 171 166 160 160 161 162 162 162
"102" 189 90 177 173 173 172 171 169 172 170 171 170 170 166 161 161 161 162 162 162
"103" 186 178 177 174 173 173 172 167 170 169 170 169 169 166 160 160 161 162 162 162
"104" 187 53 178 174 173 172 172 173 173 172 170 170 171 166 162 161 162 162 162 162
"105" 188 69 178 174 174 173 173 169 172 170 170 169 170 166 153 158 159 160 160 160
"106" 179 178 177 174 174 172 172 169 171 170 171 170 170 166 160 160 160 161 161 161
"107" 89 45 93 175 98 173 172 170 172 171 172 171 171 166 161 161 161 162 162 162
"108" 58 48 178 174 174 172 172 170 171 170 170 169 169 166 160 161 161 162 162 162
"109" 194 175 176 173 173 172 171 170 171 170 170 170 170 165 162 162 162 163 163 163
"110" 185 77 179 175 174 173 155 171 172 171 171 169 170 166 160 160 160 162 162 162
"111" 184 181 177 173 173 172 172 171 171 169 168 169 169 166 160 160 160 161 161 161
"112" 189 181 178 174 174 172 172 173 173 171 172 171 171 165 159 160 160 161 161 161
"113" 188 178 177 174 174 172 171 167 169 168 168 167 169 166 161 161 161 162 162 162
"114" 190 179 177 174 174 173 172 170 172 170 169 169 170 166 160 160 160 161 161 161
"115" 43 44 155 155 122 109 117 165 169 168 169 168 170 165 160 160 161 161 161 161
"116" 185 122 145 156 154 173 172 167 169 168 168 169 170 165 161 161 161 162 162 162
"117" 124 75 94 110 113 132 158 171 172 171 171 171 171 166 161 161 161 162 162 162
"118" 102 87 124 135 136 172 172 172 173 171 171 170 170 166 160 160 160 161 161 161
"119" 189 177 176 173 172 171 172 168 170 169 169 169 170 166 161 161 161 162 162 162
"120" 185 153 178 175 174 173 173 169 171 170 170 169 170 165 160 159 160 161 161 161
"121" 163 67 116 131 124 127 172 169 171 169 169 169 170 165 161 161 161 162 162 162
"122" 183 179 177 173 173 146 121 167 170 168 168 169 169 166 158 159 159 161 161 161
"123" 96 59 93 109 113 121 172 168 171 170 171 170 170 165 161 160 161 161 161 161
"124" 183 68 177 173 173 172 172 170 171 170 169 168 169 166 159 159 159 160 160 160
"125" 186 180 177 173 172 171 171 168 171 169 169 169 170 166 161 161 161 162 162 162
"126" 66 42 91 103 113 122 135 167 170 169 170 170 170 165 160 160 160 161 161 161
"127" 184 105 176 173 173 172 171 169 173 170 170 170 170 166 159 160 159 160 160 160
"128" 50 49 178 174 174 173 172 168 170 169 169 168 169 165 161 161 161 162 162 162
"129" 189 177 177 175 174 173 173 168 170 169 169 169 169 165 161 161 161 162 162 162
"130" 189 107 179 174 174 173 172 170 171 170 171 170 170 165 161 161 161 162 162 162
"131" 190 82 177 174 174 172 172 170 171 170 169 169 170 166 160 161 161 162 162 162
"132" 104 85 178 174 174 173 172 166 169 168 167 168 169 166 159 160 160 161 161 161
"133" 78 66 83 86 115 113 135 171 171 170 170 170 170 165 161 161 161 162 162 162
"134" 196 179 176 173 173 171 171 169 170 169 170 169 170 166 160 160 161 161 161 161
"135" 185 114 142 150 152 172 171 171 171 170 171 170 170 166 160 160 161 161 161 161
"136" 189 177 177 173 173 172 172 168 170 169 168 168 168 165 160 160 160 161 161 161
"137" 186 178 178 175 175 174 173 171 172 170 171 170 170 165 161 161 161 162 162 162
"138" 151 110 138 173 172 171 171 172 173 170 170 169 170 166 161 161 160 161 161 161
"139" 191 177 177 174 173 172 172 168 170 170 170 170 170 166 160 160 160 161 161 161
"140" 117 112 128 137 135 135 158 167 170 168 168 168 169 165 160 160 160 161 161 161
"141" 187 62 75 76 72 77 77 169 171 169 169 168 169 166 160 160 160 161 161 161
"142" 185 180 178 174 173 172 171 108 168 167 167 167 169 165 129 156 157 160 160 160
"143" 194 172 175 173 173 171 171 170 172 169 169 169 170 165 160 160 161 162 162 162
"144" 147 126 152 173 157 172 172 166 168 167 167 168 169 166 161 161 161 162 162 162
"145" 188 182 179 175 174 174 173 167 169 168 168 168 169 166 161 161 161 161 161 161
"146" 101 55 85 174 174 172 172 168 170 169 169 168 169 166 161 161 161 162 162 162
"147" 186 179 177 174 173 172 171 168 171 169 169 169 169 166 160 161 161 162 162 162
"148" 150 57 135 174 173 146 133 171 172 170 169 169 170 166 158 159 158 161 161 161
"149" 185 41 177 173 173 172 171 170 171 169 170 170 170 166 161 161 161 162 162 162
"150" 186 181 179 175 175 174 173 168 171 170 169 169 170 165 161 161 161 162 162 162
"151" 184 73 146 174 173 172 172 165 169 168 168 169 169 166 160 160 160 161 161 161
"152" 193 182 178 173 173 172 171 171 172 170 170 170 170 166 161 160 160 161 161 161
"153" 104 62 94 113 118 133 171 169 170 170 170 169 169 166 160 160 161 162 162 162
"154" 168 178 176 173 172 172 171 171 172 170 170 169 170 166 161 161 161 162 162 162
"155" 110 120 161 174 173 155 154 169 171 170 169 168 169 166 161 161 161 162 162 162
"156" 119 87 103 113 104 104 132 169 171 169 169 169 169 166 161 161 161 162 162 162
"157" 192 176 177 173 172 171 171 169 172 169 169 169 169 165 145 158 159 160 160 160
"158" 191 183 180 174 174 173 173 168 171 170 170 169 169 165 160 160 160 161 161 161
"159" 98 87 178 174 174 173 172 167 170 169 170 169 169 165 161 161 161 162 162 162
"160" 190 105 126 175 174 172 172 169 171 169 169 168 169 165 150 157 150 159 159 159
"161" 180 111 174 173 172 172 171 167 170 169 168 167 168 165 160 160 160 161 161 161
"162" 191 179 177 173 173 172 171 168 171 170 171 169 170 166 160 160 160 161 161 161
"163" 184 180 178 174 174 172 172 168 170 169 169 169 170 166 161 161 161 162 162 162
"164" 184 52 178 174 174 173 172 167 170 169 169 168 169 166 158 159 160 161 161 161
"165" 58 43 57 68 80 170 169 171 171 169 169 169 170 166 161 161 161 162 162 162
"166" 189 182 179 175 175 173 173 168 170 168 169 169 169 166 161 161 161 162 162 162
"167" 188 178 175 173 173 173 173 170 170 170 169 170 170 165 160 160 161 161 161 161
"168" 189 183 179 175 175 173 173 171 172 170 169 169 170 165 161 160 161 162 162 162
"169" 187 55 178 173 173 171 171 171 171 170 171 170 170 166 161 161 161 162 162 162
"170" 181 99 130 143 173 172 171 171 171 170 169 169 170 166 162 161 162 163 163 163
"171" 191 182 178 175 173 172 172 167 171 169 168 167 169 166 160 160 161 162 162 162
"172" 189 75 142 158 156 146 147 169 171 169 169 170 170 166 161 161 161 162 162 162
"173" 185 113 159 174 174 173 173 167 170 168 169 170 170 166 158 160 160 161 161 161
"174" 194 178 177 174 173 172 171 169 171 169 170 170 169 165 161 161 160 161 161 161
"175" 189 179 177 171 171 170 170 173 173 171 171 169 169 166 161 161 161 162 162 162
"176" 183 178 176 174 173 172 172 169 170 169 169 168 169 164 132 154 155 160 160 160
"177" 188 75 178 175 174 173 172 170 172 170 169 170 170 165 161 161 161 162 162 162
"178" 182 180 178 173 173 172 171 169 171 169 169 169 170 166 161 161 161 162 162 162
"179" 187 177 177 174 173 173 172 169 171 169 169 169 170 166 161 161 161 162 162 162
"180" 189 74 177 173 173 172 172 168 172 170 170 170 170 166 161 161 161 162 162 162
"181" 148 89 116 111 112 122 133 169 170 169 168 168 169 166 161 161 161 161 161 161
"182" 187 182 179 175 173 173 172 167 170 170 170 169 169 166 161 160 161 162 162 162
"183" 194 147 177 173 172 171 171 167 170 168 167 167 168 165 159 159 160 161 161 161
"184" 219 62 179 175 174 173 172 170 172 170 171 171 170 166 161 161 161 162 162 162
"185" 173 49 174 172 172 171 171 169 171 170 169 169 170 166 158 159 160 161 161 161
"186" 157 106 128 174 159 155 173 170 171 169 168 168 168 166 160 160 160 161 161 161
"187" 180 111 152 173 172 154 172 169 170 169 168 168 169 165 160 160 160 161 161 161
"188" 182 178 177 174 173 171 171 168 170 169 169 168 169 165 160 160 160 161 161 161
"189" 166 181 178 174 174 172 171 170 172 170 169 169 169 166 159 160 160 161 161 161
"190" 187 176 176 173 173 172 171 170 171 170 169 169 169 166 160 160 161 162 162 162
"191" 190 179 178 174 173 172 172 167 169 168 169 168 169 166 160 160 160 161 161 161
"192" 186 180 178 173 173 172 172 167 169 169 170 169 169 165 161 161 161 162 162 162
"193" 187 179 177 174 173 172 172 166 171 169 169 169 170 165 137 155 158 160 160 160
"194" 49 42 51 58 59 65 111 169 171 170 169 169 169 166 161 161 161 162 162 162
"195" 179 50 176 173 173 172 172 167 170 168 168 168 169 165 160 160 160 161 161 161
"196" 185 120 160 174 174 173 172 168 170 169 169 169 169 166 161 161 161 162 162 162
"197" 139 179 177 173 173 172 171 170 172 170 170 170 170 165 161 161 161 162 162 162
"198" 186 180 178 174 174 173 173 169 170 169 168 168 169 166 161 161 161 162 162 162
"199" 189 182 177 173 173 172 171 169 170 169 169 168 169 166 161 161 161 162 162 162
"200" 189 180 177 175 174 173 172 170 172 170 169 169 170 166 160 161 161 162 162 162
"201" 183 71 178 174 174 172 172 170 171 170 170 169 170 166 160 160 161 162 162 162
"202" 186 180 178 173 172 171 171 173 173 171 172 170 170 166 161 161 161 162 162 162
"203" 187 84 179 175 174 173 172 171 172 170 170 169 169 166 160 160 161 162 162 162
"204" 136 77 104 143 139 144 171 168 169 169 169 170 170 166 161 161 161 162 162 162
"205" 177 176 175 172 172 171 171 169 170 169 168 169 169 166 161 161 161 162 162 162
"206" 106 74 100 148 148 172 171 169 171 170 170 170 170 166 161 161 161 162 162 162
"207" 93 78 99 174 173 172 172 167 171 170 170 169 170 166 161 161 161 162 162 162
"208" 183 145 176 174 173 172 172 169 172 170 169 169 170 165 161 160 161 162 162 162
"209" 97 180 178 174 173 172 171 169 171 170 170 169 170 165 160 160 160 161 161 161
"210" 179 177 176 173 173 172 172 169 169 168 167 168 169 166 161 160 161 162 162 162
"211" 184 177 176 173 172 171 171 169 171 170 169 168 169 166 161 161 161 162 162 162
"212" 121 59 118 124 73 116 128 169 171 169 169 169 170 166 159 159 159 161 161 161
"213" 189 182 178 174 149 173 172 167 170 169 169 169 170 165 161 161 161 162 162 162
"214" 187 46 101 105 122 173 173 171 172 170 170 169 170 165 160 160 161 162 162 162
"215" 192 182 179 174 173 172 171 168 170 168 168 167 168 166 160 160 160 161 161 161
"216" 185 181 179 174 174 173 172 168 171 170 171 170 170 166 161 161 161 162 162 162
"217" 189 91 179 175 174 173 172 168 171 169 169 169 169 166 160 160 161 162 162 162
"218" 60 47 66 75 75 89 112 171 172 170 170 169 170 166 160 160 161 161 161 161
"219" 60 47 61 65 79 87 172 166 170 169 169 169 169 166 159 160 160 161 161 161
"220" 186 159 177 173 160 158 162 166 169 168 167 167 169 165 159 160 160 161 161 161
"221" 184 173 174 172 172 170 170 168 170 168 168 168 169 165 158 159 159 160 160 160
"222" 59 53 65 75 79 131 172 166 169 167 167 168 169 166 160 160 160 161 161 161
"223" 186 98 132 133 126 159 172 169 171 170 169 169 170 166 161 161 161 162 162 162
"224" 142 50 176 173 172 171 171 169 171 169 169 168 169 166 161 161 161 162 162 162
"225" 184 68 176 173 172 171 171 173 173 172 171 171 171 166 161 161 161 162 162 162
"226" 192 178 177 173 173 172 171 168 170 169 169 169 169 165 161 161 161 162 162 162
"227" 189 65 81 174 174 172 172 169 171 169 169 169 169 166 161 161 161 161 161 161
"228" 187 52 71 77 81 173 172 169 171 170 170 170 170 166 161 161 161 162 162 162
"229" 186 179 176 173 173 173 172 169 171 170 170 169 170 166 161 161 161 162 162 162
"230" 188 179 178 174 173 172 172 168 170 170 170 169 170 166 161 161 161 162 162 162
"231" 188 51 178 175 174 173 172 168 169 168 168 168 169 166 159 160 160 161 161 161
"232" 80 87 117 136 138 135 140 170 172 171 170 169 170 166 161 160 161 162 162 162
"233" 169 75 121 134 137 133 143 168 170 169 170 169 170 166 159 160 160 161 161 161
"234" 55 49 105 123 131 142 171 171 172 170 170 169 169 166 161 161 161 162 162 162
"235" 184 180 179 175 175 174 173 168 170 169 169 169 170 166 161 161 161 162 162 162
"236" 185 104 179 175 174 173 172 169 171 170 169 169 170 166 160 159 160 161 161 161
"237" 98 60 79 94 100 171 171 167 170 170 171 170 170 166 161 161 161 162 162 162
"238" 69 68 110 155 156 172 171 155 169 169 167 169 170 166 152 156 158 159 159 159
"239" 188 96 117 124 173 172 172 170 171 170 170 169 170 166 161 161 161 162 162 162
"240" 104 178 176 173 173 172 171 170 172 170 171 169 170 166 159 160 160 161 161 161
"241" 185 64 177 173 173 171 171 167 169 168 168 167 168 166 161 161 161 162 162 162
"242" 190 182 179 175 174 173 172 169 171 170 170 170 170 166 160 160 161 161 161 161
"243" 185 66 179 175 174 174 173 169 172 170 171 170 170 165 161 161 161 161 161 161
"244" 194 178 177 174 173 172 171 168 170 169 169 169 170 166 161 161 161 162 162 162
"245" 155 57 177 174 174 173 173 169 172 170 170 170 170 165 161 161 161 162 162 162
"246" 189 69 179 174 174 173 172 168 169 169 169 169 170 166 160 160 161 162 162 162
"247" 152 146 177 173 172 171 171 168 170 168 168 168 169 165 160 160 160 161 161 161
"248" 194 181 179 175 174 173 173 168 170 169 170 170 170 166 161 161 161 162 162 162
"249" 76 62 75 174 173 172 172 168 170 169 170 169 169 166 161 160 161 161 161 161
"250" 70 62 86 128 173 173 172 169 171 169 169 169 170 165 161 161 161 162 162 162
"251" 190 182 179 175 174 172 172 171 172 170 170 169 170 165 160 160 160 161 161 161
"252" 189 181 179 174 174 172 172 168 170 169 169 168 169 166 161 160 160 162 162 162
"253" 185 177 176 174 173 172 171 169 171 169 170 169 169 166 161 161 161 162 162 162
"254" 187 176 176 173 173 172 172 167 169 169 169 169 170 165 160 161 161 162 162 162
"255" 88 62 177 174 173 173 172 166 170 169 169 168 170 166 160 160 161 161 161 161
"256" 119 86 176 173 172 118 122 169 171 169 169 168 169 166 161 161 161 162 162 162
"257" 151 115 144 144 150 172 172 168 170 169 169 169 170 166 161 160 161 162 162 162
"258" 186 182 178 174 174 172 172 168 170 168 168 169 170 166 160 160 161 162 162 162
"259" 186 180 178 174 174 172 172 171 171 169 168 169 170 166 161 161 161 162 162 162
"260" 187 177 176 174 173 172 172 168 170 168 168 168 170 166 160 161 161 162 162 162
"261" 187 180 179 175 175 174 173 167 169 168 167 168 169 166 160 160 161 161 161 161
"262" 134 135 177 174 174 172 172 167 170 168 168 168 169 166 160 161 161 161 161 161
"263" 187 178 177 173 172 171 170 168 170 168 167 167 168 166 161 161 161 161 161 161
"264" 185 181 179 174 174 173 172 169 170 169 169 169 169 166 160 160 160 161 161 161
"265" 183 182 179 174 174 173 173 172 173 172 172 170 170 167 160 160 161 162 162 162
"266" 187 77 177 174 174 172 172 171 171 170 170 169 170 165 160 160 161 161 161 161
"267" 183 178 176 174 173 172 172 169 171 169 168 169 170 166 162 161 162 162 162 162
"268" 145 180 178 174 174 173 172 170 171 169 170 169 170 165 160 160 160 161 161 161
"269" 196 55 177 174 174 173 173 170 172 171 172 171 171 165 161 161 161 162 162 162
"270" 75 48 85 175 174 174 173 172 172 171 171 169 170 166 161 161 161 162 162 162
"271" 187 181 178 175 174 172 172 168 170 169 169 169 169 166 161 161 161 162 162 162
"272" 186 181 178 174 174 172 172 170 171 170 171 170 171 165 160 161 161 162 162 162
"273" 189 179 178 175 175 173 173 170 171 170 170 169 170 166 161 161 161 162 162 162
"274" 185 178 177 173 173 172 172 169 171 170 171 169 170 166 161 161 161 162 162 162
"275" 178 176 177 173 173 172 172 166 168 167 167 167 168 165 160 160 161 161 161 161
"276" 119 123 177 174 173 172 171 168 172 170 170 169 170 165 161 161 161 162 162 162
"277" 189 160 179 174 174 172 171 165 168 168 169 169 170 165 159 160 160 161 161 161
"278" 77 81 177 174 174 173 172 168 170 169 168 169 169 166 160 160 161 162 162 162
"279" 185 151 177 173 173 172 171 169 171 170 170 169 170 165 160 160 160 161 161 161
"280" 190 73 177 174 174 173 173 170 172 171 171 170 170 166 161 161 161 162 162 162
"281" 190 106 178 173 172 172 172 170 171 170 170 169 170 166 161 160 161 161 161 161
"282" 198 91 176 174 119 123 172 169 171 169 168 168 169 165 160 160 160 161 161 161
"283" 75 65 81 107 114 173 173 169 170 168 168 168 169 165 161 161 161 162 162 162
"284" 111 176 176 173 173 172 172 167 169 168 168 168 169 165 160 160 160 161 161 161
"285" 79 60 86 175 174 173 172 171 172 171 171 169 169 165 161 161 161 162 162 162
"286" 119 58 113 120 122 123 120 170 171 170 171 170 170 166 161 161 161 162 162 162
"287" 117 95 127 174 174 172 173 167 169 167 167 168 169 166 160 160 160 161 161 161
"288" 187 180 179 174 174 173 173 168 171 170 170 169 170 166 161 161 161 162 162 162
"289" 118 111 176 173 173 172 171 168 170 169 169 169 170 166 161 161 161 162 162 162
"290" 192 63 178 173 173 171 171 167 170 169 169 169 170 165 160 161 161 162 162 162
"291" 187 182 179 175 174 173 173 167 170 169 169 168 169 165 160 160 160 161 161 161
"292" 188 181 178 173 173 172 172 168 170 169 169 169 170 166 161 161 161 162 162 162
"293" 119 57 69 109 113 115 136 168 169 169 170 170 171 165 161 161 162 163 163 163
"294" 191 77 118 174 174 173 173 166 170 169 168 169 170 166 161 161 161 162 162 162
"295" 188 107 179 175 174 173 172 167 169 168 168 168 170 166 160 160 160 161 161 161
"296" 183 183 179 174 173 172 172 172 172 170 170 170 170 166 161 161 161 162 162 162
"297" 182 177 176 173 172 171 171 168 170 169 169 169 169 165 161 161 161 162 162 162
"298" 183 71 130 139 123 126 147 168 170 169 168 168 169 166 160 161 161 162 162 162
"299" 185 63 179 175 174 172 172 171 172 171 171 169 169 166 161 160 161 162 162 162
"300" 101 116 178 174 174 173 173 167 170 169 169 170 171 165 160 161 161 162 162 162
"301" 186 84 175 173 173 172 172 166 170 168 168 168 169 165 159 160 161 161 161 161
"302" 187 180 177 173 173 172 171 170 172 170 170 169 170 165 161 161 161 162 162 162
"303" 189 183 179 174 174 173 173 170 171 170 170 170 171 166 160 160 160 162 162 162
"304" 136 82 126 146 145 159 172 172 172 171 171 170 170 166 161 161 161 162 162 162
"305" 66 53 69 174 173 172 172 168 171 170 170 169 170 165 161 161 161 162 162 162
"306" 93 86 180 175 175 174 173 167 170 169 170 169 170 165 161 161 161 162 162 162
"307" 191 71 179 175 174 173 173 168 170 168 168 169 169 165 161 161 161 162 162 162
"308" 191 179 178 174 173 172 172 170 172 170 169 169 170 166 161 161 161 162 162 162
"309" 181 179 178 174 174 173 173 168 169 168 168 168 169 165 160 160 160 161 161 161
"310" 185 177 176 174 174 172 172 170 172 170 170 169 169 166 147 159 159 161 161 161
"311" 190 179 177 174 174 172 172 170 172 171 171 170 170 166 161 161 161 162 162 162
"312" 183 177 176 173 172 171 171 171 172 170 170 170 170 165 161 161 161 162 162 162
"313" 89 66 86 98 175 174 173 167 169 168 169 170 170 166 161 161 161 162 162 162
"314" 181 106 176 173 173 172 172 171 172 170 171 170 170 166 160 160 160 162 162 162
"315" 184 180 178 174 173 171 171 172 172 169 168 169 170 166 160 160 160 161 161 161
"316" 189 60 178 173 173 172 171 168 170 169 169 168 169 166 160 160 161 162 162 162
"317" 188 181 178 175 174 172 172 170 172 170 171 169 170 166 159 160 160 161 161 161
"318" 191 58 178 173 173 172 172 169 171 170 170 170 170 166 161 161 161 162 162 162
"319" 191 97 178 173 173 172 172 169 170 168 168 168 170 166 161 161 161 162 162 162
"320" 186 181 179 175 114 105 108 168 170 169 169 168 168 165 139 158 158 160 160 160
"321" 187 140 176 174 173 172 172 170 171 169 168 169 169 165 161 161 161 162 162 162
"322" 187 181 178 174 173 172 171 167 169 168 169 169 170 166 161 161 161 162 162 162
"323" 104 54 81 89 93 100 120 169 171 170 169 169 169 166 161 160 161 162 162 162
"324" 96 58 81 101 103 124 172 169 171 170 169 169 170 166 161 161 161 162 162 162
"325" 133 82 131 135 173 172 172 170 171 169 170 170 170 165 161 160 161 162 162 162
"326" 193 183 180 175 175 174 173 167 170 169 169 169 170 166 160 160 160 161 161 161
"327" 187 178 177 174 174 172 172 170 171 170 169 168 169 166 160 160 161 162 162 162
"328" 94 56 94 97 99 99 114 168 170 169 168 168 169 166 162 162 162 162 162 162
"329" 90 74 99 102 114 114 171 169 170 169 169 169 170 166 161 161 161 162 162 162
"330" 107 103 125 174 174 173 172 168 171 170 168 169 170 166 161 161 161 162 162 162
"331" 106 94 176 173 173 172 172 168 169 168 169 169 169 166 161 161 161 162 162 162
"332" 195 50 178 173 173 172 172 173 173 171 171 170 171 166 162 161 162 163 163 163
"333" 186 74 134 146 142 153 171 169 171 169 167 168 170 166 161 161 161 162 162 162
"334" 58 50 91 172 171 170 170 169 172 170 170 170 170 166 161 160 161 161 161 161
"335" 192 66 179 174 174 172 172 169 171 170 170 169 170 165 160 160 160 161 161 161
"336" 187 182 179 175 175 173 173 170 172 170 170 170 171 166 161 161 161 162 162 162
"337" 187 179 177 174 174 172 172 167 169 168 169 168 169 166 161 161 161 162 162 162
"338" 188 182 179 175 174 173 173 167 170 169 169 169 169 166 160 160 160 161 161 161
"339" 186 180 178 174 174 172 172 167 170 169 169 169 170 166 158 159 160 161 161 161
"340" 109 123 175 174 173 172 171 170 171 169 168 168 169 165 159 159 160 161 161 161
"341" 69 56 179 174 174 173 172 169 170 168 167 167 168 166 160 160 160 161 161 161
"342" 187 179 179 174 174 173 172 167 170 169 170 169 169 166 160 160 160 161 161 161
"343" 150 34 130 174 173 172 172 169 170 169 169 168 169 166 160 160 160 161 161 161
"344" 121 180 177 173 173 172 171 170 171 170 170 169 170 165 161 161 161 162 162 162
"345" 60 49 66 82 72 80 88 170 171 169 168 168 169 166 162 161 162 163 163 163
"346" 33 31 44 53 56 64 92 168 170 169 169 169 170 166 160 160 160 161 161 161
"347" 95 88 109 116 110 110 156 170 170 170 170 168 169 166 161 161 161 162 162 162
"348" 67 77 175 173 173 172 172 168 170 169 169 169 169 166 161 161 161 162 162 162
"349" 186 63 127 174 174 173 172 168 170 168 169 169 170 165 160 160 160 161 161 161
"350" 185 75 178 175 175 173 173 168 170 169 168 168 169 166 161 161 161 162 162 162
"351" 189 66 177 173 173 171 171 172 173 171 171 169 170 166 161 161 162 162 162 162
"352" 187 184 180 176 175 173 172 172 172 171 169 169 170 166 160 160 160 162 162 162
"353" 189 184 179 174 174 172 155 168 170 169 168 168 168 165 133 148 150 158 158 158
"354" 122 101 179 173 173 172 171 171 171 170 169 169 170 166 161 161 161 162 162 162
"355" 188 178 176 172 172 170 171 168 170 169 170 169 170 165 161 161 161 162 162 162
"356" 182 85 177 174 174 173 173 167 169 168 168 169 170 165 162 161 162 163 163 163
"357" 182 177 177 173 173 172 172 166 170 168 169 169 169 166 157 159 159 160 160 160
"358" 47 36 58 173 173 172 172 169 171 169 169 169 169 166 161 161 161 162 162 162
"359" 192 181 178 173 173 172 171 169 172 170 171 169 170 166 161 161 161 161 161 161
"360" 137 75 142 173 173 172 171 170 171 170 171 170 170 166 161 161 161 162 162 162
"361" 183 51 179 176 174 173 173 169 171 169 169 169 170 166 160 160 160 161 161 161
"362" 183 46 178 174 174 172 172 169 170 170 170 169 170 166 161 161 161 162 162 162
"363" 187 182 179 175 174 173 172 169 171 169 169 168 169 165 149 157 159 160 160 160
"364" 100 79 139 174 174 173 172 168 170 169 170 169 169 166 160 160 160 161 161 161
"365" 188 45 177 175 174 173 172 169 171 170 169 169 170 166 160 160 160 161 161 161
"366" 98 90 155 173 173 173 172 168 170 168 168 169 169 165 160 160 160 161 161 161
"367" 148 67 178 174 173 153 143 169 170 169 170 169 169 166 151 159 160 161 161 161
"368" 183 178 178 174 174 172 171 169 171 170 170 169 170 166 161 161 162 163 163 163
"369" 182 180 178 175 174 172 172 167 169 168 168 168 168 166 161 161 161 161 161 161
"370" 185 92 129 145 173 172 172 165 168 168 168 168 169 165 161 161 161 162 162 162
"371" 186 178 177 173 172 171 171 168 170 169 169 169 169 165 160 160 160 161 161 161
"372" 60 58 84 94 98 118 142 168 169 168 169 169 169 166 161 161 161 162 162 162
"373" 190 179 178 173 173 172 172 169 172 171 171 169 170 166 160 160 161 162 162 162
"374" 85 64 86 93 90 101 103 166 168 168 168 168 169 165 153 159 158 160 160 160
"375" 185 179 177 174 174 172 172 173 173 170 171 170 171 166 161 161 161 162 162 162
"376" 189 179 177 173 173 172 171 169 172 170 170 169 170 166 161 161 161 162 162 162
"377" 190 181 179 174 174 172 172 169 172 170 171 170 170 165 160 160 161 162 162 162
"378" 138 90 145 173 172 171 171 166 170 168 166 167 168 166 159 159 160 161 161 161
"379" 47 37 145 151 148 158 172 169 171 170 170 169 170 166 160 160 160 161 161 161
"380" 85 61 86 122 137 123 119 167 171 169 169 168 169 166 160 160 160 161 161 161
"381" 186 92 177 174 173 171 171 168 170 168 168 168 168 165 160 160 160 161 161 161
"382" 186 181 179 176 175 173 173 168 170 169 170 169 170 166 160 160 161 161 161 161
"383" 187 178 177 173 173 172 171 168 170 169 169 169 169 166 160 160 160 161 161 161
"384" 116 108 175 173 173 172 171 166 169 168 167 168 169 165 161 161 161 162 162 162
"385" 188 91 177 174 173 172 172 170 171 169 169 169 169 166 161 161 161 162 162 162
"386" 183 177 177 174 173 172 172 169 170 169 169 168 169 165 160 160 161 162 162 162
"387" 187 177 177 173 173 171 171 171 172 170 170 169 170 165 160 160 161 162 162 162
"388" 194 108 177 173 173 172 172 172 172 171 172 170 171 166 160 160 160 161 161 161
"389" 194 177 176 173 173 171 171 168 170 169 169 169 169 166 161 160 161 162 162 162
"390" 184 180 179 174 173 173 172 167 169 168 169 169 169 166 160 160 160 161 161 161
"391" 84 66 82 90 98 126 171 170 171 170 170 169 170 166 161 161 161 162 162 162
"392" 186 182 179 175 174 173 172 169 170 168 168 168 170 166 160 160 161 162 162 162
"393" 187 180 177 173 172 171 171 170 170 169 169 169 169 165 160 160 160 161 161 161
"394" 144 65 82 91 172 170 168 173 172 171 171 170 170 166 160 160 161 161 161 161
"395" 47 47 61 72 84 87 143 169 170 168 168 168 169 166 161 161 161 162 162 162
"396" 184 178 177 173 173 172 171 167 171 170 170 170 170 166 161 161 161 162 162 162
"397" 183 178 176 173 173 172 172 170 171 170 169 168 169 166 161 160 161 162 162 162
"398" 107 103 125 132 131 137 157 169 171 169 169 169 169 165 160 160 161 161 161 161
"399" 96 182 179 174 173 173 173 170 172 170 170 170 171 166 159 160 160 161 161 161
"400" 185 178 176 173 173 172 170 170 171 170 170 170 170 166 161 161 161 162 162 162
"401" 115 178 177 174 173 172 171 167 170 168 168 168 169 166 160 160 160 161 161 161
"402" 184 70 175 173 172 171 170 169 171 170 169 168 169 166 160 160 161 162 162 162
"403" 192 141 178 175 174 173 173 167 170 168 169 169 170 165 161 161 161 162 162 162
"404" 189 178 177 174 174 173 172 166 170 169 169 168 168 166 159 160 160 161 161 161
"405" 90 94 178 174 174 173 172 170 171 170 169 169 169 166 161 160 161 162 162 162
"406" 190 179 177 174 173 172 171 169 170 169 168 168 169 166 159 160 160 161 161 161
"407" 185 76 177 174 174 173 172 167 169 168 168 168 169 165 161 161 161 162 162 162
"408" 191 61 179 175 174 173 173 170 171 170 170 168 169 166 161 161 161 162 162 162
"409" 156 70 107 125 125 147 172 171 172 170 170 169 169 165 160 160 160 161 161 161
"410" 188 179 177 174 174 172 172 169 171 170 170 169 170 165 160 160 161 162 162 162
"411" 99 75 95 105 115 123 132 169 170 168 168 169 169 165 161 161 161 162 162 162
"412" 73 46 76 127 172 171 171 169 172 170 170 169 170 165 160 160 160 161 161 161
"413" 81 75 93 103 98 110 108 168 170 169 169 169 169 166 158 159 159 160 160 160
"414" 188 179 177 173 173 172 171 168 170 169 169 170 170 166 161 161 161 162 162 162
"415" 183 179 178 174 174 172 171 167 169 168 167 168 169 166 160 160 160 161 161 161
"416" 196 182 178 174 173 173 172 167 171 170 170 170 170 166 160 160 160 161 161 161
"417" 186 81 97 175 120 173 172 171 172 171 170 170 170 166 162 162 162 163 163 163
"418" 185 178 178 173 173 172 172 168 171 169 167 168 170 166 160 160 161 161 161 161
"419" 178 175 175 172 172 170 170 171 171 171 170 169 170 166 160 159 160 161 161 161
"420" 182 47 176 173 172 171 171 170 171 170 170 168 169 166 160 160 161 162 162 162
"421" 58 58 177 174 174 172 172 168 170 169 169 168 169 166 161 161 161 162 162 162
"422" 187 181 178 174 174 173 173 169 171 170 171 170 170 166 161 161 161 162 162 162
"423" 191 174 176 173 173 172 171 169 172 170 169 168 168 166 162 161 161 162 162 162
"424" 177 170 172 171 171 169 169 168 170 168 168 168 169 165 160 160 160 161 161 161
"425" 82 91 175 130 114 127 171 168 170 169 168 167 168 166 160 160 160 161 161 161
"426" 188 85 179 176 176 174 173 166 169 168 168 168 169 166 158 159 159 160 160 160
"427" 188 179 178 174 174 173 172 169 172 170 169 169 169 166 161 161 161 162 162 162
"428" 189 147 178 175 174 173 172 166 169 168 169 169 169 165 160 160 160 161 161 161
"429" 155 180 179 175 174 173 172 168 171 170 170 170 170 165 161 161 161 162 162 162
"430" 187 179 179 174 173 173 172 168 170 169 168 168 169 166 160 160 161 162 162 162
"431" 193 180 178 173 173 172 172 170 172 170 170 169 169 165 160 160 160 161 161 161
"432" 189 180 178 174 174 174 173 167 169 168 169 169 169 166 161 161 161 162 162 162
"433" 118 110 176 173 173 172 171 171 172 170 168 169 170 166 160 160 160 161 161 161
"434" 66 48 78 80 80 80 172 167 169 169 168 168 170 166 161 161 161 162 162 162
"435" 189 179 179 175 174 173 172 167 170 169 169 169 170 166 158 159 160 161 161 161
"436" 104 106 155 174 173 172 171 168 169 169 169 169 169 166 160 160 160 161 161 161
"437" 190 184 180 175 174 173 172 169 171 170 171 170 170 166 161 161 161 162 162 162
"438" 190 80 97 126 122 129 149 170 171 169 169 170 170 166 161 161 161 162 162 162
"439" 143 51 76 74 75 103 116 166 169 168 168 167 168 165 160 160 160 161 161 161
"440" 72 48 59 70 77 101 107 168 170 168 167 168 169 165 161 161 161 162 162 162
"441" 48 50 88 84 88 108 120 170 171 169 170 169 169 166 161 161 161 162 162 162
"442" 85 58 81 121 172 171 171 169 171 169 170 170 170 165 160 160 160 161 161 161
"443" 185 46 177 173 173 172 172 170 172 170 170 170 170 166 161 161 161 162 162 162
"444" 190 52 176 172 172 172 172 170 172 170 169 168 169 165 160 160 160 161 161 161
"445" 183 178 177 173 173 172 172 170 171 170 170 169 170 166 160 161 161 162 162 162
"446" 83 56 78 82 77 79 109 167 170 169 169 169 170 166 161 161 161 162 162 162
"447" 185 180 179 175 174 173 173 169 171 170 169 169 170 166 161 161 161 162 162 162
"448" 83 179 177 173 173 171 171 171 172 171 171 170 170 166 160 161 161 161 161 161
"449" 54 52 68 71 141 172 171 168 170 169 169 169 170 166 160 160 160 161 161 161
"450" 195 184 179 174 174 172 170 171 173 170 170 170 170 166 161 161 161 162 162 162
"451" 189 179 178 174 173 172 171 169 171 168 169 169 170 166 159 160 160 161 161 161
"452" 190 126 179 175 174 173 172 167 170 168 169 168 170 166 160 160 160 161 161 161
"453" 126 112 175 173 173 172 171 167 169 168 168 168 169 166 160 160 160 161 161 161
"454" 189 179 177 174 173 172 172 170 172 170 170 170 170 166 161 161 161 162 162 162
"455" 188 91 121 175 174 172 172 170 172 170 170 169 170 165 161 161 161 162 162 162
"456" 188 177 177 174 173 172 171 168 171 169 169 169 170 166 161 161 161 162 162 162
"457" 188 178 177 173 173 172 171 168 170 168 167 166 167 165 160 160 160 160 160 160
"458" 69 71 176 173 173 171 171 169 171 169 169 168 169 166 159 160 160 161 161 161
"459" 143 94 178 174 173 171 171 167 170 168 167 168 170 166 161 161 161 162 162 162
"460" 188 180 178 174 173 172 171 171 172 171 171 170 170 166 161 161 161 162 162 162
"461" 186 89 177 173 173 172 172 167 169 168 167 167 168 165 160 160 160 161 161 161
"462" 185 56 178 174 173 171 171 170 171 170 171 170 171 166 162 162 162 163 163 163
"463" 189 54 143 147 141 143 172 168 170 169 169 169 169 166 161 161 161 162 162 162
"464" 75 55 73 84 95 110 172 168 170 168 169 168 169 165 160 160 160 161 161 161
"465" 186 181 178 174 174 173 172 170 171 169 169 169 170 165 160 160 160 161 161 161
"466" 185 55 175 173 63 68 172 167 170 169 169 169 169 165 160 160 160 161 161 161
"467" 164 136 178 174 160 160 171 166 169 168 169 167 168 165 157 159 159 160 160 160
"468" 186 98 178 174 174 173 173 168 171 168 168 169 170 166 161 161 161 162 162 162
"469" 195 181 177 174 173 172 172 170 172 170 170 169 169 166 157 159 159 161 161 161
"470" 184 119 142 173 152 172 172 172 172 170 171 171 171 165 160 160 161 162 162 162
"471" 188 184 179 175 174 172 172 170 172 170 170 169 169 166 160 160 160 161 161 161
"472" 188 182 179 175 174 173 172 170 172 170 169 169 169 166 160 160 160 161 161 161
"473" 187 177 177 173 172 172 171 169 172 171 171 169 170 166 160 160 160 161 161 161
"474" 83 90 112 116 118 134 172 166 168 168 168 168 169 165 160 160 161 161 161 161
"475" 81 71 93 112 111 118 125 172 173 171 170 169 170 166 159 159 159 161 161 161
"476" 188 182 180 175 174 173 173 167 171 170 171 170 171 166 161 160 161 162 162 162
"477" 189 93 110 110 103 103 96 169 171 169 169 169 169 166 155 158 158 160 160 160
"478" 188 87 178 175 174 173 172 168 170 168 168 168 169 165 160 160 160 161 161 161
"479" 186 176 177 174 173 172 171 169 171 170 171 169 170 166 160 160 161 162 162 162
"480" 193 178 176 173 173 171 171 170 172 170 170 169 170 165 160 160 160 161 161 161
"481" 183 56 123 173 173 171 171 169 170 169 169 169 169 166 161 161 161 162 162 162
"482" 188 180 179 174 174 172 172 169 171 170 170 170 170 165 160 160 161 162 162 162
"483" 187 181 177 174 173 172 172 169 171 170 171 170 171 166 161 160 161 162 162 162
"484" 194 179 176 173 173 172 172 168 171 170 170 170 171 166 162 162 162 163 163 163
"485" 185 81 177 173 173 171 171 170 171 170 170 169 170 166 159 160 160 161 161 161
"486" 88 91 110 126 126 139 172 168 170 169 168 169 170 166 160 160 161 162 162 162
"487" 182 82 178 174 173 172 172 169 171 170 169 169 170 166 160 160 160 161 161 161
"488" 185 148 178 173 173 171 171 171 173 171 171 170 169 165 161 161 161 162 162 162
"489" 189 125 159 175 174 173 172 169 171 170 170 170 170 166 161 161 162 162 162 162
"490" 187 52 179 174 174 173 172 168 171 170 170 170 170 166 161 161 161 162 162 162
"491" 193 87 178 175 174 173 173 169 172 170 170 170 170 166 161 161 161 162 162 162
"492" 186 182 179 174 174 173 172 172 173 171 171 170 171 166 162 161 161 162 162 162
"493" 146 178 178 174 174 173 172 166 170 170 170 170 170 166 160 161 161 162 162 162
"494" 184 180 178 174 174 173 173 169 171 169 170 169 170 166 161 161 162 162 162 162
"495" 187 84 105 174 174 173 172 163 168 168 167 167 169 166 158 159 159 160 160 160
"496" 188 57 140 173 173 159 172 169 172 170 171 169 170 165 161 161 161 162 162 162
"497" 185 109 177 173 173 172 172 169 170 169 169 169 170 166 160 160 161 162 162 162
"498" 76 152 177 173 173 172 172 167 170 168 168 168 168 166 152 158 159 160 160 160
"499" 184 148 177 175 174 173 173 166 168 168 167 168 168 166 120 145 157 159 159 159
"500" 187 178 177 174 174 173 173 166 168 168 167 168 169 166 160 160 160 162 162 162
