"max_pca1" "max_pca2" "max_pca3" "max_pca5" "max_pca10" "max_pca20" "max_pca40" "min_pca1" "min_pca2" "min_pca3" "min_pca5" "min_pca10" "min_pca20" "min_pca40" "tpca0.8" "tpca0.9" "tpca0.95" "tpca0.99" "tpca0.995" "tpca0.999"
"1" 955 710 269 262 246 244 228 955 955 955 178 182 955 177 161 163 164 165 165 165
"2" 119 57 95 98 94 274 246 955 955 955 955 355 955 182 169 170 170 173 173 173
"3" 718 628 702 712 343 302 249 955 955 955 955 196 955 183 163 166 167 170 170 170
"4" 196 48 268 271 265 228 226 955 955 955 202 194 955 179 167 171 171 173 173 173
"5" 59 49 64 73 86 91 187 955 955 955 955 955 955 180 165 168 170 174 174 174
"6" 614 169 297 955 406 296 262 955 955 955 955 955 955 183 171 173 173 174 174 174
"7" 186 136 955 955 311 300 250 955 955 955 201 199 955 177 162 161 161 163 163 163
"8" 435 955 514 955 504 501 259 955 955 955 955 955 955 193 175 178 178 180 180 180
"9" 43 33 43 82 100 107 127 955 955 955 955 334 955 191 175 178 177 180 180 180
"10" 131 74 132 955 134 293 267 955 955 955 955 955 955 183 168 169 169 173 173 173
"11" 241 228 228 239 242 238 238 955 955 955 955 955 955 191 169 170 170 175 175 175
"12" 714 719 316 321 306 294 254 955 955 955 955 955 955 183 166 170 169 172 172 172
"13" 691 693 366 955 341 303 271 955 955 955 190 194 955 185 166 166 167 170 170 170
"14" 184 90 198 509 497 461 237 955 955 955 955 955 955 183 170 170 171 174 174 174
"15" 189 50 369 542 359 330 267 955 955 955 955 955 955 187 170 173 172 174 174 174
"16" 830 369 394 955 411 383 292 955 955 955 955 190 955 177 166 169 169 170 170 170
"17" 45 75 409 414 390 263 258 955 955 955 955 200 955 180 164 165 165 166 166 166
"18" 955 955 309 317 307 269 254 955 955 955 955 955 955 186 160 164 164 168 168 168
"19" 451 450 459 460 329 275 248 955 955 955 955 348 955 188 169 172 172 175 175 175
"20" 118 45 121 130 281 278 245 955 955 955 955 346 955 187 169 172 172 174 174 174
"21" 272 222 225 225 254 257 254 955 955 955 955 197 955 184 166 169 170 171 171 171
"22" 837 84 955 955 955 955 295 955 955 955 955 187 955 175 163 164 163 165 165 165
"23" 65 49 62 70 77 95 133 955 955 955 955 355 955 185 166 170 171 175 175 175
"24" 805 657 800 800 733 278 260 955 955 955 193 194 955 184 153 157 159 163 163 163
"25" 955 150 637 955 352 322 286 955 955 955 955 955 955 184 168 169 169 173 173 173
"26" 40 41 109 112 125 130 197 212 955 955 183 183 955 177 158 161 160 163 163 163
"27" 149 138 327 323 285 280 258 955 955 955 955 955 955 184 166 169 168 172 172 172
"28" 955 131 384 367 298 284 257 955 955 955 955 955 955 184 168 171 172 174 174 174
"29" 131 91 141 955 429 350 291 955 955 955 955 955 955 183 168 169 170 172 172 172
"30" 236 82 108 239 232 228 218 955 955 955 955 352 955 188 169 168 169 172 172 172
"31" 72 34 77 84 89 100 280 955 955 955 955 955 955 189 172 173 171 176 176 176
"32" 200 176 290 955 542 253 237 955 955 955 955 955 955 183 168 170 169 172 172 172
"33" 398 159 219 333 282 261 247 955 955 955 955 318 356 186 169 173 173 177 177 177
"34" 166 204 210 221 230 233 239 955 955 955 955 201 955 180 168 169 168 171 171 171
"35" 89 64 85 95 96 109 130 955 955 955 201 201 955 182 162 163 163 167 167 167
"36" 840 50 852 955 524 338 278 955 955 955 955 955 955 186 164 166 166 170 170 170
"37" 682 645 660 886 830 659 218 955 955 955 190 187 955 185 169 171 172 173 173 173
"38" 129 105 156 183 196 196 229 955 955 955 191 190 955 175 161 162 162 164 164 164
"39" 914 940 941 955 487 310 261 955 955 955 955 955 955 188 164 165 167 172 172 172
"40" 481 82 329 497 417 325 309 955 955 955 955 955 955 184 164 166 167 171 171 171
"41" 394 397 404 432 344 312 282 955 955 955 955 197 955 184 167 169 169 172 172 172
"42" 87 65 87 126 124 130 134 955 955 955 955 198 955 182 165 168 167 173 173 173
"43" 955 955 955 955 342 298 271 955 955 955 955 955 955 180 166 169 170 173 173 173
"44" 462 130 255 276 251 252 236 955 955 955 955 955 955 178 163 165 166 170 170 170
"45" 84 59 92 112 126 132 251 159 955 955 194 195 955 180 160 161 163 164 164 164
"46" 77 47 64 100 109 280 252 955 955 955 955 340 955 186 167 170 169 174 174 174
"47" 206 642 663 660 645 361 211 955 955 955 955 198 955 181 165 168 168 171 171 171
"48" 912 898 943 536 307 302 237 955 955 955 955 325 955 186 163 166 166 170 170 170
"49" 490 485 323 499 319 298 240 955 955 955 955 955 955 184 165 165 167 169 169 169
"50" 417 566 527 570 355 296 253 955 955 955 955 195 955 182 167 170 169 172 172 172
"51" 955 671 709 955 338 324 276 955 955 955 955 349 955 185 167 169 169 175 175 175
"52" 269 254 254 278 255 257 227 955 955 955 955 199 354 184 168 170 171 173 173 173
"53" 108 70 89 95 274 240 235 955 955 955 955 955 955 191 170 172 171 174 174 174
"54" 157 138 158 153 350 332 272 955 955 955 955 201 955 180 164 164 166 169 169 169
"55" 955 955 364 379 298 291 246 955 955 955 955 196 955 181 159 164 165 170 170 170
"56" 669 955 507 955 317 319 256 955 955 955 955 200 955 179 165 167 168 170 170 170
"57" 86 61 78 87 314 300 242 955 955 955 955 195 354 189 167 169 170 174 174 174
"58" 87 77 102 108 143 270 256 955 955 955 955 333 955 184 171 173 174 178 178 178
"59" 132 312 298 311 309 300 243 955 955 955 955 955 955 183 164 165 166 169 169 169
"60" 617 177 835 955 453 352 292 955 955 955 191 190 955 186 166 169 171 174 174 174
"61" 271 102 262 283 275 249 234 955 955 955 955 955 955 184 142 162 162 165 165 165
"62" 429 427 430 443 356 290 247 955 955 955 955 204 955 185 169 170 171 173 173 173
"63" 107 62 97 107 124 134 139 955 955 955 955 199 955 184 162 164 165 167 167 167
"64" 562 550 538 551 560 275 266 955 955 955 955 955 955 180 167 168 167 170 170 170
"65" 516 220 225 955 955 223 224 955 955 955 955 955 955 191 168 171 172 176 176 176
"66" 354 62 85 955 369 308 275 955 955 955 955 955 955 187 168 171 172 174 174 174
"67" 697 700 295 312 265 247 220 955 955 955 955 201 955 182 168 170 171 173 173 173
"68" 143 243 247 247 242 267 235 955 955 955 186 183 198 178 161 164 164 167 167 167
"69" 111 85 108 118 116 137 143 955 955 955 955 955 955 184 162 164 165 167 167 167
"70" 466 409 396 510 268 263 226 955 955 955 955 314 955 186 163 163 165 168 168 168
"71" 286 955 567 955 332 316 276 955 955 955 955 955 955 188 166 169 169 174 174 174
"72" 383 376 291 306 293 268 220 955 955 955 955 955 955 181 160 161 163 166 166 166
"73" 119 125 955 955 389 297 275 955 955 955 955 339 955 183 166 168 169 172 172 172
"74" 118 50 107 118 122 126 143 955 955 955 201 198 955 181 163 164 165 168 168 168
"75" 655 267 296 288 236 253 228 189 955 955 328 198 320 183 164 166 164 167 167 167
"76" 77 100 410 435 277 264 241 955 955 955 955 350 955 180 165 168 168 172 172 172
"77" 309 300 282 297 284 270 241 955 955 955 193 195 955 181 159 160 161 163 163 163
"78" 160 69 143 154 175 189 210 955 955 955 955 290 323 182 166 168 169 171 171 171
"79" 77 86 255 280 266 248 238 955 955 955 955 955 955 184 168 168 168 171 171 171
"80" 955 65 296 955 286 286 266 955 955 955 955 955 955 183 167 169 170 172 172 172
"81" 87 52 69 79 85 94 147 955 955 955 202 193 955 180 167 168 169 172 172 172
"82" 99 67 110 129 145 130 195 955 955 955 955 955 955 187 174 175 176 177 177 177
"83" 95 95 206 231 225 226 224 955 955 955 196 197 955 185 163 165 165 172 172 172
"84" 109 62 78 86 112 291 279 955 955 955 955 354 955 190 166 170 170 172 172 172
"85" 68 59 78 88 101 310 273 955 955 955 955 955 955 188 172 173 173 176 176 176
"86" 188 162 195 197 190 181 198 955 955 955 190 193 955 179 163 163 163 166 166 166
"87" 134 110 135 141 142 157 236 955 955 955 955 955 955 187 170 172 174 176 176 176
"88" 526 526 326 531 461 319 313 955 955 955 955 955 955 186 164 166 165 168 168 168
"89" 886 72 91 98 112 228 218 955 955 955 955 198 955 176 163 165 165 167 167 167
"90" 450 49 468 481 458 305 285 955 955 955 955 955 955 189 174 173 173 174 174 174
"91" 172 144 196 216 216 224 224 955 955 955 955 955 955 192 170 173 174 178 178 178
"92" 955 955 955 955 314 264 249 955 955 955 955 212 955 183 170 172 172 177 177 177
"93" 955 955 955 362 301 290 244 955 955 955 955 955 955 185 168 172 172 176 176 176
"94" 99 51 90 123 128 128 130 955 955 955 955 199 955 187 174 176 178 181 181 181
"95" 955 955 955 955 304 291 257 955 955 955 955 193 955 180 166 167 167 170 170 170
"96" 179 66 586 955 316 297 261 955 955 955 955 195 955 185 171 176 176 179 179 179
"97" 124 53 307 316 306 287 264 955 955 955 200 193 201 174 159 163 162 165 165 165
"98" 248 265 260 270 257 258 226 955 955 955 955 200 955 186 173 174 174 176 176 176
"99" 231 862 874 955 361 240 238 955 955 955 955 199 955 183 164 165 165 167 167 167
"100" 181 60 955 955 375 338 246 955 955 955 955 354 955 187 167 169 170 174 174 174
"101" 874 887 270 275 262 255 242 955 955 955 955 314 352 188 165 169 169 173 173 173
"102" 955 90 719 955 468 274 287 955 955 955 955 955 955 182 166 167 167 171 171 171
"103" 176 161 191 595 267 258 224 955 955 955 955 195 955 185 164 166 168 172 172 172
"104" 706 53 881 920 312 303 267 955 955 955 955 955 955 182 168 170 170 173 173 173
"105" 243 69 220 243 242 215 215 955 955 955 955 955 955 183 153 161 164 167 167 167
"106" 274 268 271 288 320 311 288 955 955 955 955 955 955 180 165 168 168 170 170 170
"107" 89 45 93 955 98 276 260 955 955 955 955 955 955 190 168 170 169 172 172 172
"108" 58 48 955 955 346 307 232 955 955 955 955 338 955 189 168 172 173 177 177 177
"109" 603 604 602 955 374 335 279 955 955 955 955 955 955 187 172 174 176 178 178 178
"110" 471 77 630 327 230 228 155 955 955 955 955 199 955 183 162 165 166 170 170 170
"111" 497 597 588 596 347 318 252 955 955 955 955 955 955 184 169 170 170 173 173 173
"112" 376 370 371 370 297 296 263 955 955 955 955 320 955 182 161 165 167 174 174 174
"113" 591 234 237 776 688 268 240 955 955 955 192 193 955 181 169 171 171 173 173 173
"114" 955 567 593 955 955 308 247 955 955 955 955 955 955 192 167 171 172 176 176 176
"115" 43 44 155 155 122 109 117 955 955 955 955 322 955 189 167 171 172 173 173 173
"116" 189 122 145 156 154 180 229 955 955 955 955 196 955 181 170 171 171 173 173 173
"117" 124 75 94 110 113 132 224 955 955 955 955 296 336 190 167 170 170 172 172 172
"118" 102 87 124 135 136 311 271 955 955 955 955 955 955 184 163 164 165 168 168 168
"119" 955 310 314 289 227 222 217 955 955 955 955 315 955 195 173 175 175 180 180 180
"120" 266 153 651 659 284 271 237 955 955 955 955 955 955 195 164 165 165 170 170 170
"121" 166 67 116 131 124 127 246 955 955 955 955 348 955 190 173 175 174 176 176 176
"122" 953 236 327 341 310 146 121 955 955 955 955 955 955 182 158 161 161 165 165 165
"123" 96 59 93 109 113 121 251 955 955 955 955 955 955 189 168 170 171 176 176 176
"124" 399 68 400 424 429 329 259 955 955 955 955 955 955 179 161 163 163 166 166 166
"125" 955 955 955 955 335 272 243 955 955 955 955 955 955 188 171 174 174 177 177 177
"126" 66 42 91 103 113 122 135 955 955 955 955 200 955 181 165 167 167 168 168 168
"127" 955 105 199 548 365 316 285 955 955 955 955 955 955 187 161 168 165 172 172 172
"128" 50 49 252 254 311 252 249 955 955 955 955 955 955 185 170 172 172 174 174 174
"129" 463 470 469 482 342 264 228 955 955 955 955 196 955 180 167 169 170 172 172 172
"130" 737 107 345 360 344 321 273 955 955 955 955 955 955 189 174 175 173 176 176 176
"131" 258 82 264 283 273 272 247 955 955 955 955 195 955 182 165 166 167 171 171 171
"132" 104 85 670 689 343 344 228 955 955 955 187 197 955 180 160 164 165 168 168 168
"133" 78 66 83 86 115 113 135 955 955 955 955 203 955 190 171 173 173 176 176 176
"134" 380 383 428 439 363 334 271 955 955 955 955 198 955 180 164 165 166 169 169 169
"135" 174 114 142 150 152 205 208 955 955 955 955 955 955 178 164 167 167 170 170 170
"136" 955 955 358 955 242 254 225 955 955 955 955 198 955 177 165 168 168 172 172 172
"137" 200 804 417 405 253 243 211 955 955 955 955 955 955 187 172 175 175 178 178 178
"138" 151 110 138 391 366 342 298 955 955 955 955 955 955 182 163 166 165 168 168 168
"139" 703 712 955 955 349 299 247 955 955 955 955 341 955 187 166 167 168 171 171 171
"140" 117 112 128 137 135 135 212 955 955 955 197 194 955 182 166 170 170 172 172 172
"141" 266 62 75 76 72 77 77 955 955 955 955 200 955 183 165 167 168 170 170 170
"142" 955 955 955 955 955 285 271 108 955 955 183 187 955 181 129 156 156 161 161 161
"143" 451 444 426 955 377 292 270 955 955 955 955 955 955 186 166 170 170 175 175 175
"144" 147 126 152 162 158 199 249 955 955 955 190 195 955 187 173 173 174 175 175 175
"145" 955 782 322 340 312 286 245 955 955 955 955 197 955 177 164 164 164 167 167 167
"146" 101 55 85 320 303 304 276 955 955 955 193 188 955 177 164 165 166 168 168 168
"147" 180 649 842 850 320 277 248 955 955 955 955 200 955 183 163 165 165 170 170 170
"148" 150 57 135 340 305 146 133 955 955 955 955 199 955 183 160 161 158 167 167 167
"149" 195 41 955 955 195 318 246 955 955 955 955 354 955 182 168 171 171 174 174 174
"150" 431 450 442 479 368 329 276 955 955 955 955 955 955 191 174 176 177 179 179 179
"151" 394 73 146 955 299 270 248 955 955 955 203 199 955 183 162 163 163 166 166 166
"152" 493 469 463 481 508 471 270 955 955 955 955 955 955 177 164 164 164 168 168 168
"153" 104 62 94 113 118 133 246 955 955 955 955 261 955 180 165 167 167 169 169 169
"154" 532 434 384 405 277 247 229 955 955 955 955 191 955 180 168 169 168 171 171 171
"155" 110 120 233 266 259 155 154 955 955 955 955 955 955 184 164 167 167 170 170 170
"156" 119 87 103 113 104 104 132 955 955 955 955 955 955 184 166 167 168 170 170 170
"157" 234 232 237 239 241 242 239 955 955 955 955 200 955 178 145 159 162 165 165 165
"158" 512 512 506 955 286 274 249 955 955 955 955 353 955 176 166 166 166 169 169 169
"159" 98 87 345 373 336 321 286 955 955 955 955 356 955 185 170 174 172 176 176 176
"160" 743 105 126 330 272 299 264 955 955 955 955 194 955 176 150 157 150 161 161 161
"161" 640 111 955 955 297 290 251 955 955 955 955 192 955 175 161 166 165 167 167 167
"162" 699 724 955 955 824 295 256 955 955 955 955 955 955 184 163 165 166 170 170 170
"163" 812 955 955 955 289 255 241 955 955 955 955 206 955 183 165 167 167 170 170 170
"164" 723 52 955 955 304 298 228 955 955 955 198 197 955 184 159 162 163 165 165 165
"165" 58 43 57 68 80 261 261 955 955 955 955 955 955 184 169 171 170 173 173 173
"166" 626 178 620 533 333 289 254 955 955 955 955 955 955 181 165 167 168 170 170 170
"167" 651 661 672 716 349 292 248 955 955 955 955 202 955 183 165 168 169 172 172 172
"168" 229 249 251 955 248 279 229 955 955 955 955 955 955 189 168 169 169 172 172 172
"169" 239 55 221 240 240 242 238 955 955 955 955 955 955 182 167 169 170 172 172 172
"170" 955 99 130 143 782 298 294 955 955 955 955 955 955 182 168 169 171 175 175 175
"171" 591 955 955 955 439 384 288 955 955 955 955 955 955 182 161 165 167 170 170 170
"172" 183 75 142 215 225 146 147 955 955 955 955 955 955 191 169 171 171 174 174 174
"173" 746 113 642 648 539 328 264 955 955 955 955 955 955 186 160 165 165 167 167 167
"174" 312 308 313 312 311 316 252 955 955 955 955 955 955 186 167 168 168 170 170 170
"175" 951 239 229 246 240 239 237 955 955 955 955 955 955 178 167 169 168 170 170 170
"176" 432 437 466 477 327 287 232 955 955 955 196 197 955 176 132 154 155 162 162 162
"177" 187 75 208 217 229 226 224 955 955 955 955 955 955 188 164 168 168 171 171 171
"178" 466 955 344 356 322 318 258 955 955 955 955 338 955 185 171 172 172 175 175 175
"179" 553 648 598 955 370 356 266 955 955 955 955 195 955 183 165 168 168 171 171 171
"180" 774 74 833 900 298 242 240 955 955 955 955 319 955 187 169 171 172 175 175 175
"181" 148 89 116 111 112 122 133 955 955 955 196 192 955 176 167 170 170 171 171 171
"182" 836 248 252 256 236 251 225 955 955 955 955 198 955 181 166 168 169 171 171 171
"183" 328 147 683 955 340 304 289 955 955 955 193 195 955 189 163 165 166 171 171 171
"184" 451 62 464 472 339 302 242 955 955 955 955 309 955 189 170 170 168 172 172 172
"185" 174 49 362 566 405 325 248 955 955 955 955 349 955 183 158 162 164 167 167 167
"186" 158 106 128 159 157 155 244 955 955 955 193 184 955 177 166 169 168 170 170 170
"187" 614 111 152 606 370 154 275 955 955 955 190 196 955 183 166 168 167 171 171 171
"188" 336 323 327 355 331 268 263 955 955 955 201 193 955 177 163 168 169 172 172 172
"189" 167 168 205 226 254 238 224 955 955 955 955 955 955 183 161 164 164 168 168 168
"190" 452 447 381 460 365 313 253 955 955 955 955 199 955 179 163 165 167 170 170 170
"191" 227 381 324 290 210 210 201 955 955 955 955 196 955 178 161 164 164 166 166 166
"192" 214 955 955 955 269 264 246 955 955 955 955 343 955 185 167 169 169 172 172 172
"193" 188 202 207 251 251 253 244 955 955 955 955 350 955 180 137 155 160 164 164 164
"194" 49 42 51 58 59 65 111 955 955 955 955 955 955 186 173 175 174 176 176 176
"195" 281 50 267 282 283 283 272 955 955 955 196 199 955 173 160 161 162 164 164 164
"196" 170 120 166 192 272 234 226 955 955 955 955 199 955 178 163 165 166 170 170 170
"197" 139 224 221 955 242 225 225 955 955 955 955 349 955 189 172 174 174 178 178 178
"198" 392 263 254 276 266 264 253 955 955 955 955 192 955 176 165 168 166 170 170 170
"199" 955 955 955 955 305 289 262 955 955 955 955 955 955 188 169 171 172 175 175 175
"200" 209 212 230 419 337 232 219 955 955 955 202 196 955 177 165 167 167 169 169 169
"201" 453 71 492 809 445 338 301 955 955 955 955 955 955 184 166 170 170 174 174 174
"202" 637 645 656 955 281 262 251 955 955 955 955 955 955 183 164 166 167 171 171 171
"203" 342 84 318 335 330 327 235 955 955 955 955 199 955 186 165 167 169 171 171 171
"204" 136 77 104 143 139 144 314 955 955 955 955 206 955 185 167 171 170 173 173 173
"205" 819 922 380 425 385 330 268 955 955 955 955 955 955 184 171 174 174 178 178 178
"206" 106 74 100 148 148 296 244 955 955 955 955 201 955 184 172 173 173 176 176 176
"207" 93 78 99 830 309 304 272 955 955 955 955 356 955 183 167 169 171 174 174 174
"208" 259 145 253 263 255 254 243 955 955 955 955 355 955 183 167 167 168 170 170 170
"209" 97 523 351 955 321 286 261 955 955 955 955 201 955 183 167 167 168 170 170 170
"210" 409 404 397 384 306 289 264 955 955 955 196 197 955 180 168 169 170 174 174 174
"211" 353 356 357 367 321 262 247 955 955 955 201 196 955 178 164 166 167 169 169 169
"212" 121 59 118 124 73 116 128 955 955 955 955 955 955 186 159 163 161 167 167 167
"213" 616 637 346 344 149 272 252 955 955 955 955 195 955 184 169 170 171 173 173 173
"214" 624 46 101 105 122 283 249 955 955 955 955 955 955 189 169 172 173 177 177 177
"215" 315 397 404 784 278 276 252 955 955 955 190 186 202 178 165 166 167 170 170 170
"216" 955 955 362 351 286 285 252 955 955 955 955 955 955 192 169 169 169 173 173 173
"217" 486 91 252 265 259 254 231 955 955 955 955 955 955 184 164 167 168 172 172 172
"218" 60 47 66 75 75 89 112 955 955 955 955 955 955 192 168 172 173 176 176 176
"219" 60 47 61 65 79 87 261 955 955 955 955 955 955 185 163 166 166 169 169 169
"220" 955 159 234 246 237 231 231 955 955 955 190 198 955 181 161 164 166 169 169 169
"221" 449 446 417 432 395 335 277 955 955 955 955 198 955 185 159 161 162 166 166 166
"222" 59 53 65 75 79 131 221 955 955 955 201 201 342 182 164 165 166 171 171 171
"223" 280 98 132 133 126 159 173 955 955 955 955 955 955 183 165 167 167 171 171 171
"224" 142 50 337 955 291 269 244 955 955 955 955 201 955 184 168 171 170 172 172 172
"225" 281 68 955 955 275 275 264 955 955 955 955 345 955 183 169 172 172 176 176 176
"226" 497 519 463 484 422 343 275 955 955 955 955 195 955 182 166 168 169 171 171 171
"227" 410 65 81 397 403 361 297 955 955 955 955 955 955 184 166 168 168 171 171 171
"228" 867 52 71 77 81 219 218 955 955 955 955 350 955 181 167 169 169 171 171 171
"229" 461 472 223 278 245 244 216 955 955 955 955 955 955 183 169 171 171 174 174 174
"230" 368 389 346 362 292 293 239 955 955 955 955 955 955 183 168 170 170 173 173 173
"231" 197 51 240 250 243 245 231 955 955 955 955 202 955 182 161 165 164 168 168 168
"232" 80 87 117 136 138 135 140 955 955 955 955 955 955 185 165 166 167 170 170 170
"233" 745 75 121 134 137 133 143 955 955 955 955 197 955 181 160 164 166 168 168 168
"234" 55 49 105 123 131 142 231 955 955 955 955 194 955 182 169 173 174 177 177 177
"235" 304 289 286 293 295 279 248 955 955 955 955 342 955 189 166 170 171 175 175 175
"236" 335 104 324 313 271 259 250 955 955 955 955 200 955 178 161 161 162 165 165 165
"237" 98 60 79 94 100 297 260 955 955 955 955 317 955 179 164 165 165 168 168 168
"238" 69 68 110 155 157 179 190 155 955 955 198 955 955 178 152 156 160 161 161 161
"239" 185 96 117 124 275 265 262 955 955 955 955 201 955 186 165 166 167 171 171 171
"240" 104 365 332 323 303 284 219 955 955 955 955 955 955 180 161 166 166 168 168 168
"241" 694 64 881 912 352 280 252 955 955 955 955 193 955 181 168 169 170 172 172 172
"242" 418 955 357 955 324 277 239 955 955 955 955 344 955 182 164 166 167 170 170 170
"243" 675 66 955 955 348 279 245 955 955 955 955 955 955 189 168 171 170 173 173 173
"244" 531 543 545 552 317 313 238 955 955 955 955 199 349 182 167 170 170 173 173 173
"245" 155 57 955 955 353 318 218 955 955 955 955 342 955 188 170 172 172 175 175 175
"246" 955 69 417 407 333 314 247 955 955 955 955 202 955 186 167 168 169 172 172 172
"247" 152 146 180 188 324 300 263 955 955 955 197 198 955 179 165 165 165 169 169 169
"248" 468 486 508 955 367 328 266 955 955 955 955 955 955 189 170 173 174 178 178 178
"249" 76 62 75 955 336 325 266 955 955 955 955 201 955 179 166 167 168 170 170 170
"250" 70 62 86 128 163 185 217 955 955 955 197 195 955 185 171 173 173 177 177 177
"251" 318 323 330 331 324 330 240 955 955 955 955 197 955 179 163 165 165 168 168 168
"252" 615 615 538 691 353 303 251 955 955 955 955 201 955 183 165 166 166 170 170 170
"253" 817 824 955 955 314 282 253 955 955 955 955 955 955 181 166 168 169 174 174 174
"254" 237 242 955 955 351 276 248 955 955 955 955 196 955 181 165 168 168 172 172 172
"255" 88 62 264 285 278 268 249 955 955 955 955 348 955 184 165 169 170 173 173 173
"256" 119 86 163 194 246 118 122 955 955 955 955 955 955 185 172 174 175 178 178 178
"257" 151 115 144 144 150 244 230 955 955 955 196 193 955 181 165 166 167 170 170 170
"258" 353 399 354 470 321 320 249 955 955 955 955 955 955 189 165 167 168 172 172 172
"259" 509 941 955 955 955 345 305 955 955 955 955 955 955 182 170 171 171 174 174 174
"260" 317 331 955 329 325 307 244 955 955 955 955 202 955 181 164 168 169 171 171 171
"261" 178 167 425 955 299 287 248 955 955 955 200 195 955 182 171 173 174 177 177 177
"262" 134 135 440 667 448 336 290 955 955 955 955 204 955 182 168 169 168 170 170 170
"263" 591 588 345 955 324 251 235 955 955 955 186 187 203 179 166 167 168 170 170 170
"264" 802 477 328 341 323 318 251 955 955 955 955 955 955 180 165 167 167 170 170 170
"265" 335 841 872 882 360 266 261 955 955 955 955 955 955 184 164 165 166 169 169 169
"266" 356 77 261 260 246 253 219 955 955 955 955 955 955 180 165 167 167 170 170 170
"267" 406 684 401 332 270 253 244 955 955 955 955 310 346 193 176 179 180 186 186 186
"268" 145 828 347 299 249 247 224 955 955 955 199 196 955 183 164 166 167 170 170 170
"269" 407 55 955 955 385 331 267 955 955 955 955 337 356 191 170 171 171 174 174 174
"270" 75 48 85 375 341 315 272 955 955 955 955 955 955 190 170 171 172 176 176 176
"271" 395 955 358 955 316 314 244 955 955 955 955 955 955 189 170 171 171 175 175 175
"272" 567 551 263 299 290 289 244 955 955 955 955 346 955 193 168 171 172 176 176 176
"273" 609 605 614 646 381 352 209 955 955 955 955 955 955 188 169 173 173 176 176 176
"274" 189 170 203 208 203 198 213 955 955 955 955 955 955 182 164 167 169 173 173 173
"275" 183 955 354 376 339 323 237 955 955 955 197 190 955 180 164 165 166 168 168 168
"276" 119 123 375 955 353 327 217 955 955 955 955 955 955 186 168 170 171 174 174 174
"277" 186 161 215 273 269 238 218 955 955 955 955 955 955 187 160 164 165 169 169 169
"278" 77 81 264 345 330 308 259 955 955 955 955 955 955 188 166 168 170 174 174 174
"279" 727 151 342 684 307 272 251 955 955 955 955 201 955 179 164 165 165 168 168 168
"280" 221 73 221 230 233 233 225 955 955 955 955 200 955 179 166 167 168 171 171 171
"281" 322 106 637 625 581 363 306 955 955 955 955 955 955 182 166 167 167 171 171 171
"282" 342 91 955 955 119 123 264 955 955 955 198 189 955 181 164 164 164 167 167 167
"283" 75 65 81 107 114 269 249 955 955 955 955 195 955 182 170 172 173 176 176 176
"284" 111 712 727 721 334 292 260 955 955 955 199 955 955 185 162 164 166 170 170 170
"285" 79 60 86 732 368 307 283 955 955 955 955 955 955 183 171 172 171 174 174 174
"286" 119 58 113 120 122 123 120 955 955 955 955 955 955 184 167 168 170 174 174 174
"287" 117 95 127 170 188 227 221 955 955 955 184 188 200 178 164 166 165 167 167 167
"288" 320 317 278 272 257 242 236 955 955 955 955 955 955 190 168 171 172 176 176 176
"289" 118 111 389 398 347 312 267 955 955 955 955 955 955 182 165 167 168 170 170 170
"290" 636 63 322 329 298 269 268 955 955 955 955 955 955 186 166 172 172 175 175 175
"291" 281 285 287 290 247 242 228 955 955 955 199 188 356 180 167 170 169 172 172 172
"292" 261 231 231 245 238 240 221 955 955 955 955 190 955 180 166 169 169 172 172 172
"293" 119 57 69 109 113 115 136 955 955 955 955 331 955 191 174 176 176 179 179 179
"294" 905 77 118 346 294 285 239 955 955 955 955 201 955 187 169 173 173 175 175 175
"295" 290 107 230 507 237 227 222 955 955 955 191 186 955 180 163 164 165 168 168 168
"296" 345 475 457 473 342 286 229 955 955 955 955 340 955 177 167 168 169 171 171 171
"297" 815 822 825 876 327 260 226 955 955 955 955 195 955 180 167 168 168 170 170 170
"298" 351 71 130 139 123 126 147 955 955 955 955 955 955 188 167 171 171 175 175 175
"299" 254 63 325 258 238 253 234 955 955 955 955 955 955 182 167 169 170 173 173 173
"300" 101 116 256 260 245 242 212 955 955 955 955 955 955 189 166 170 170 174 174 174
"301" 331 84 352 368 352 350 258 955 955 955 955 184 955 178 160 163 165 167 167 167
"302" 276 180 238 254 239 237 229 955 955 955 955 355 955 185 170 171 172 175 175 175
"303" 295 316 353 329 283 271 241 955 955 955 955 355 955 184 162 164 165 169 169 169
"304" 136 82 126 146 145 162 184 955 955 955 955 955 955 181 167 168 169 171 171 171
"305" 66 53 69 304 255 257 243 955 955 955 955 200 955 182 169 170 170 172 172 172
"306" 93 86 166 173 341 354 253 955 955 955 955 955 955 188 171 174 174 176 176 176
"307" 195 71 279 322 320 310 261 955 955 955 955 955 955 182 166 168 169 172 172 172
"308" 240 240 241 265 255 252 242 955 955 955 955 955 955 185 168 169 170 173 173 173
"309" 637 955 955 955 299 294 257 955 955 955 955 197 955 178 163 164 163 167 167 167
"310" 235 577 581 587 372 301 268 955 955 955 955 955 955 182 147 159 162 168 168 168
"311" 281 494 271 534 303 288 268 955 955 955 955 337 955 186 170 171 172 176 176 176
"312" 910 911 935 955 352 341 290 955 955 955 955 955 955 186 168 171 171 173 173 173
"313" 89 66 86 98 341 319 282 955 955 955 955 955 955 184 169 171 171 173 173 173
"314" 357 106 446 518 352 323 266 955 955 955 955 336 955 179 165 169 169 172 172 172
"315" 279 278 277 294 279 262 260 955 955 955 955 955 955 182 165 168 167 171 171 171
"316" 880 60 955 955 354 319 269 955 955 955 955 200 955 185 168 168 169 173 173 173
"317" 519 955 635 955 364 312 244 955 955 955 955 205 955 184 162 165 163 167 167 167
"318" 339 58 361 392 357 336 231 955 955 955 955 955 955 193 168 170 171 172 172 172
"319" 493 97 643 955 381 329 297 955 955 955 955 199 955 187 172 174 175 179 179 179
"320" 594 343 326 344 114 105 108 955 955 955 194 196 955 176 139 158 159 163 163 163
"321" 169 140 168 188 192 310 245 955 955 955 200 195 955 184 169 172 172 175 175 175
"322" 273 681 955 869 581 541 309 955 955 955 955 955 955 183 168 168 169 172 172 172
"323" 104 54 81 89 93 100 120 955 955 955 955 955 955 184 169 171 171 175 175 175
"324" 96 58 81 101 103 124 237 955 955 955 955 955 955 180 164 167 168 170 170 170
"325" 133 82 131 135 323 308 278 955 955 955 955 955 955 190 168 170 170 176 176 176
"326" 182 830 831 857 340 281 225 955 955 955 955 199 349 182 163 167 169 172 172 172
"327" 955 955 955 955 273 252 219 955 955 955 955 193 955 178 165 165 167 170 170 170
"328" 94 56 94 97 99 99 114 955 955 955 195 199 955 185 171 176 174 177 177 177
"329" 90 74 99 102 114 114 259 955 955 955 955 201 955 181 165 167 168 171 171 171
"330" 107 103 125 166 265 276 271 955 955 955 955 955 955 182 167 169 170 172 172 172
"331" 106 94 202 289 276 264 218 955 955 955 955 197 955 186 169 170 172 175 175 175
"332" 264 50 348 353 301 327 264 955 955 955 955 955 955 193 175 177 178 181 181 181
"333" 169 74 134 146 142 153 253 955 955 955 955 955 955 183 168 171 174 176 176 176
"334" 58 50 91 232 256 255 254 955 955 955 955 955 955 183 168 169 169 172 172 172
"335" 362 66 353 336 273 222 205 955 955 955 955 353 955 186 165 168 168 172 172 172
"336" 303 287 271 279 272 264 239 955 955 955 955 955 955 183 168 170 170 173 173 173
"337" 737 343 298 301 281 279 246 955 955 955 955 198 955 183 169 171 171 174 174 174
"338" 463 471 454 477 269 263 248 955 955 955 955 199 955 182 164 164 164 167 167 167
"339" 313 330 253 296 252 234 233 955 955 955 955 955 955 184 158 163 163 168 168 168
"340" 109 123 636 684 356 303 229 955 955 955 955 200 955 182 161 162 164 168 168 168
"341" 69 56 233 244 237 235 220 955 955 955 183 183 198 179 162 164 164 168 168 168
"342" 262 267 267 329 240 216 197 955 955 955 955 194 955 182 168 170 169 172 172 172
"343" 150 34 130 171 159 169 262 955 955 955 955 201 955 181 160 163 164 169 169 169
"344" 121 790 222 955 298 222 223 955 955 955 955 955 955 183 169 169 170 173 173 173
"345" 60 49 66 82 72 80 88 955 955 955 955 193 955 178 169 170 171 174 174 174
"346" 33 31 44 53 56 64 92 955 955 955 955 955 955 190 162 165 166 170 170 170
"347" 95 88 109 116 110 110 192 955 955 955 955 199 955 185 169 169 170 173 173 173
"348" 67 77 788 955 318 302 281 955 955 955 955 200 955 183 166 168 168 171 171 171
"349" 366 63 127 955 322 316 251 955 955 955 955 955 955 187 166 166 168 171 171 171
"350" 841 75 517 524 319 315 247 955 955 955 196 197 955 184 170 171 171 174 174 174
"351" 296 66 287 299 299 287 274 955 955 955 955 955 955 185 168 171 171 175 175 175
"352" 339 367 350 372 318 298 272 955 955 955 955 200 955 181 163 164 165 168 168 168
"353" 375 356 293 294 256 253 155 955 955 955 201 187 201 170 133 148 150 158 158 158
"354" 122 101 867 844 332 288 284 955 955 955 201 955 955 186 169 171 171 173 173 173
"355" 805 955 215 955 342 248 234 955 955 955 955 194 955 180 166 168 168 170 170 170
"356" 412 85 407 955 326 266 244 955 955 955 955 204 955 186 170 170 172 173 173 173
"357" 326 347 350 955 355 328 288 955 955 955 955 199 955 180 157 159 161 165 165 165
"358" 47 36 58 473 309 269 231 955 955 955 955 199 955 183 165 170 169 172 172 172
"359" 305 304 311 304 303 302 303 955 955 955 955 200 955 178 166 168 168 171 171 171
"360" 137 75 142 186 188 183 184 955 955 955 955 955 955 184 167 169 170 173 173 173
"361" 187 51 955 955 449 349 306 955 955 955 955 955 955 185 165 167 168 171 171 171
"362" 211 46 293 300 306 318 233 955 955 955 955 955 955 186 166 168 170 173 173 173
"363" 267 273 259 265 250 250 234 955 955 955 955 197 955 180 149 157 161 164 164 164
"364" 100 79 139 239 229 231 238 955 955 955 955 198 955 180 163 167 168 170 170 170
"365" 665 45 955 955 869 354 278 955 955 955 955 955 955 183 166 167 167 170 170 170
"366" 98 90 155 955 955 290 254 955 955 955 200 204 955 186 166 168 168 173 173 173
"367" 148 67 171 185 188 153 143 955 955 955 200 201 955 183 151 160 163 166 166 166
"368" 357 305 314 326 303 286 276 955 955 955 955 955 955 186 169 170 170 174 174 174
"369" 546 564 569 595 583 348 322 955 955 955 955 192 955 181 169 171 169 170 170 170
"370" 169 92 129 145 180 198 225 955 955 955 955 332 955 182 165 167 165 169 169 169
"371" 955 955 955 955 356 276 252 955 955 955 194 190 955 179 165 169 169 172 172 172
"372" 60 58 84 94 98 118 142 955 955 955 955 955 955 184 166 168 169 170 170 170
"373" 453 443 437 449 279 278 259 955 955 955 955 955 955 184 163 166 168 171 171 171
"374" 85 64 86 93 90 101 103 955 955 955 198 199 955 184 153 161 161 165 165 165
"375" 206 751 327 336 335 284 252 955 955 955 955 955 955 184 169 169 169 173 173 173
"376" 206 230 237 261 243 240 232 955 955 955 955 354 955 182 166 168 169 171 171 171
"377" 342 510 521 537 252 233 223 955 955 955 955 334 955 184 168 172 172 175 175 175
"378" 138 90 145 730 314 179 259 955 955 955 195 199 955 181 163 164 165 167 167 167
"379" 47 37 145 151 148 177 197 955 955 955 955 955 955 185 165 167 168 171 171 171
"380" 85 61 86 122 137 123 119 955 955 955 955 201 955 185 164 167 168 172 172 172
"381" 233 92 522 574 211 219 212 955 955 955 189 190 955 180 162 163 164 167 167 167
"382" 758 523 528 534 329 311 259 955 955 955 955 315 955 185 164 168 169 171 171 171
"383" 955 955 320 307 276 268 252 955 955 955 955 194 955 184 163 164 164 166 166 166
"384" 116 108 397 403 399 339 270 955 955 955 955 196 955 181 168 168 169 171 171 171
"385" 188 91 228 238 235 231 235 955 955 955 955 201 955 183 166 169 169 172 172 172
"386" 955 745 323 389 329 308 256 955 955 955 201 191 955 184 166 168 169 173 173 173
"387" 212 955 231 230 229 223 218 955 955 955 955 955 955 186 167 168 169 172 172 172
"388" 335 108 349 466 375 317 287 955 955 955 955 955 955 192 165 166 166 172 172 172
"389" 955 955 955 955 327 296 244 955 955 955 955 353 955 185 166 169 171 173 173 173
"390" 860 876 955 955 300 295 250 955 955 955 955 341 955 182 164 166 166 168 168 168
"391" 84 66 82 90 98 126 256 955 955 955 955 343 955 183 166 166 167 171 171 171
"392" 316 320 303 325 305 281 262 955 955 955 955 955 955 183 165 167 167 171 171 171
"393" 693 700 724 673 279 264 252 955 955 955 955 200 955 184 167 171 171 174 174 174
"394" 144 65 82 91 443 242 242 955 955 955 955 202 955 182 166 167 168 170 170 170
"395" 47 47 61 72 84 87 143 955 955 955 955 200 955 184 167 170 170 172 172 172
"396" 273 230 224 232 233 232 231 955 955 955 955 955 955 182 167 168 169 171 171 171
"397" 600 580 556 585 332 262 240 955 955 955 955 194 955 177 164 165 166 170 170 170
"398" 107 103 125 132 131 137 261 955 955 955 955 955 955 194 172 174 176 177 177 177
"399" 96 955 955 955 354 283 256 955 955 955 955 955 955 184 162 165 165 167 167 167
"400" 304 229 235 252 258 236 226 955 955 955 955 955 955 178 168 169 169 171 171 171
"401" 115 415 439 445 322 308 281 955 955 955 955 955 955 192 167 170 168 172 172 172
"402" 791 70 955 955 371 290 257 955 955 955 955 955 955 186 164 167 169 172 172 172
"403" 955 141 378 955 332 300 264 955 955 955 955 955 955 192 175 177 176 179 179 179
"404" 186 376 382 252 244 243 233 955 955 955 955 195 955 179 162 162 162 165 165 165
"405" 90 94 428 955 241 231 209 955 955 955 955 197 955 182 166 168 169 173 173 173
"406" 431 434 447 447 436 310 284 955 955 955 183 190 955 175 159 161 163 166 166 166
"407" 223 76 241 253 245 239 237 955 955 955 955 195 955 178 168 170 171 173 173 173
"408" 185 61 190 356 308 294 250 955 955 955 955 195 955 184 170 171 171 173 173 173
"409" 156 70 107 125 125 147 198 955 955 955 955 955 955 181 163 167 166 170 170 170
"410" 615 650 955 955 273 272 243 955 955 955 955 200 955 185 164 165 166 171 171 171
"411" 99 75 95 105 115 123 132 955 955 955 203 339 955 186 174 176 175 176 176 176
"412" 73 46 76 127 257 243 237 955 955 955 955 201 955 184 164 166 168 170 170 170
"413" 81 75 93 103 98 110 108 955 955 955 955 955 955 184 158 159 160 164 164 164
"414" 520 170 955 955 469 268 243 955 955 955 955 955 955 191 167 169 169 172 172 172
"415" 707 710 477 955 326 282 262 955 955 955 193 198 955 181 164 165 165 168 168 168
"416" 955 955 453 430 289 243 223 955 955 955 955 336 955 188 164 166 167 172 172 172
"417" 262 81 97 264 120 258 239 955 955 955 955 355 955 187 172 172 172 175 175 175
"418" 194 188 227 235 268 234 229 955 955 955 197 193 955 185 168 169 170 172 172 172
"419" 741 560 359 363 317 286 277 955 955 955 955 955 955 178 161 161 163 166 166 166
"420" 955 47 368 955 350 333 293 955 955 955 955 198 955 178 162 163 164 166 166 166
"421" 58 58 364 354 300 298 273 955 955 955 955 193 200 180 168 172 171 175 175 175
"422" 853 852 955 955 215 287 200 955 955 955 955 198 349 186 166 172 171 177 177 177
"423" 475 644 692 722 399 337 283 955 955 955 955 202 955 186 173 175 174 176 176 176
"424" 408 369 367 381 374 299 268 955 955 955 955 196 955 178 163 167 168 169 169 169
"425" 82 91 414 130 114 127 266 955 955 955 955 185 200 178 161 162 162 165 165 165
"426" 182 85 250 550 293 267 244 955 955 955 190 191 955 183 159 163 163 168 168 168
"427" 955 955 955 955 341 317 288 955 955 955 955 193 955 184 168 171 172 176 176 176
"428" 270 147 181 259 251 246 224 955 955 955 198 195 955 186 164 168 170 174 174 174
"429" 155 872 868 905 276 331 250 955 955 955 955 955 955 185 169 171 172 174 174 174
"430" 497 196 633 955 359 311 281 955 955 955 955 955 955 192 168 172 171 175 175 175
"431" 671 382 290 309 292 267 244 955 955 955 955 955 955 183 167 166 166 170 170 170
"432" 241 955 470 475 254 219 202 205 955 955 193 193 348 181 167 169 170 172 172 172
"433" 118 110 672 680 351 299 257 955 955 955 955 955 955 187 168 171 169 173 173 173
"434" 66 48 78 80 80 80 241 955 955 955 955 189 955 179 163 164 164 166 166 166
"435" 264 183 272 284 276 279 239 955 955 955 197 201 955 184 158 161 164 170 170 170
"436" 104 106 155 181 189 180 197 955 955 955 955 201 955 181 165 166 167 170 170 170
"437" 955 374 329 346 316 284 269 955 955 955 955 955 955 183 167 168 168 170 170 170
"438" 171 80 97 126 122 129 149 955 955 955 955 325 351 185 168 169 170 174 174 174
"439" 143 51 76 74 75 103 116 955 955 955 196 195 955 183 165 167 166 168 168 168
"440" 72 48 59 70 77 101 107 955 955 955 201 190 955 185 170 174 174 177 177 177
"441" 48 50 88 84 88 108 120 955 955 955 955 353 955 182 166 169 170 173 173 173
"442" 85 58 81 121 263 215 208 955 955 955 955 344 955 190 166 170 169 172 172 172
"443" 293 46 317 317 282 272 232 955 955 955 955 955 955 180 166 168 169 172 172 172
"444" 299 52 328 955 274 228 226 955 955 955 955 193 955 176 164 165 164 167 167 167
"445" 442 459 470 476 360 265 251 955 955 955 955 955 955 187 162 167 167 173 173 173
"446" 83 56 78 82 77 79 109 955 955 955 955 331 351 192 167 169 170 176 176 176
"447" 868 813 324 312 266 268 239 955 955 955 955 336 955 190 169 170 170 174 174 174
"448" 83 221 228 232 236 239 236 955 955 955 955 955 955 181 163 166 166 169 169 169
"449" 54 52 68 71 141 170 285 955 955 955 199 955 955 186 167 168 169 171 171 171
"450" 319 327 325 327 319 313 283 955 955 955 955 955 955 187 165 169 171 173 173 173
"451" 766 184 241 234 207 207 196 955 955 955 955 196 955 178 159 162 164 166 166 166
"452" 207 126 207 212 214 215 212 955 955 955 202 200 955 185 169 170 171 174 174 174
"453" 126 112 630 955 362 244 247 955 955 955 955 199 955 179 162 165 166 170 170 170
"454" 576 182 582 589 324 268 237 955 955 955 955 213 955 181 166 168 169 172 172 172
"455" 221 91 121 345 270 252 221 955 955 955 955 352 955 184 169 171 171 174 174 174
"456" 301 188 259 264 265 256 242 955 955 955 955 955 955 187 167 169 170 174 174 174
"457" 219 220 223 288 290 290 253 955 955 955 198 181 201 175 161 161 161 163 163 163
"458" 69 71 410 955 342 319 280 955 955 955 955 198 955 180 160 163 164 171 171 171
"459" 143 94 955 955 955 955 342 955 955 955 201 196 955 186 169 172 172 176 176 176
"460" 262 182 209 235 258 251 251 955 955 955 955 955 955 185 168 171 172 174 174 174
"461" 413 89 183 293 271 271 231 955 955 955 955 196 955 180 168 169 169 171 171 171
"462" 212 56 203 205 204 205 211 955 955 955 955 955 955 191 170 174 175 179 179 179
"463" 197 54 143 147 141 143 224 955 955 955 196 200 955 179 168 170 170 172 172 172
"464" 75 55 73 84 95 110 222 955 955 955 955 196 955 180 167 170 169 173 173 173
"465" 316 323 280 343 275 273 224 955 955 955 955 199 955 188 164 168 169 173 173 173
"466" 351 55 351 362 63 68 271 955 955 955 955 200 955 186 164 168 170 171 171 171
"467" 164 136 217 499 312 299 272 955 955 955 955 193 955 182 157 162 161 165 165 165
"468" 364 98 955 955 288 277 240 955 955 955 189 196 955 188 171 174 174 177 177 177
"469" 345 345 357 524 325 299 272 955 955 955 955 955 955 183 157 160 161 165 165 165
"470" 178 119 142 158 152 327 291 955 955 955 955 955 955 192 167 169 169 174 174 174
"471" 304 294 245 292 261 247 240 955 955 955 955 199 955 177 163 165 165 169 169 169
"472" 955 267 237 249 239 231 225 955 955 955 955 955 955 181 166 166 168 170 170 170
"473" 211 252 244 251 245 240 232 955 955 955 955 955 955 185 166 167 168 172 172 172
"474" 83 90 112 116 118 134 231 955 955 955 191 185 199 182 165 169 170 171 171 171
"475" 81 71 93 112 111 118 125 955 955 955 955 199 955 183 162 162 162 165 165 165
"476" 308 315 302 319 305 276 248 955 955 955 955 346 955 183 163 166 167 171 171 171
"477" 705 93 110 110 103 103 96 955 955 955 955 955 955 185 155 159 157 164 164 164
"478" 254 87 254 266 265 267 255 955 955 955 955 192 955 180 165 167 167 169 169 169
"479" 634 273 270 282 281 278 254 955 955 955 955 955 955 182 163 163 165 169 169 169
"480" 430 593 601 955 955 287 270 955 955 955 955 955 955 183 163 166 166 170 170 170
"481" 550 56 123 200 283 196 264 955 955 955 955 199 955 181 171 173 172 175 175 175
"482" 463 457 461 472 282 261 239 955 955 955 955 354 955 190 169 171 171 173 173 173
"483" 310 303 310 317 294 291 242 955 955 955 955 351 955 183 165 167 168 170 170 170
"484" 371 336 313 327 286 270 217 955 955 955 955 955 955 188 170 171 172 174 174 174
"485" 443 81 192 300 194 222 226 955 955 955 955 198 955 177 160 161 163 166 166 166
"486" 88 91 110 126 126 139 245 955 955 955 199 200 955 190 166 170 171 175 175 175
"487" 327 82 328 355 348 326 268 955 955 955 955 955 955 185 165 167 167 170 170 170
"488" 955 148 955 955 331 295 278 955 955 955 955 955 955 188 172 174 173 177 177 177
"489" 170 125 188 350 231 252 225 955 955 955 955 200 346 183 169 174 173 175 175 175
"490" 955 52 558 955 334 329 285 955 955 955 955 198 955 182 166 167 166 169 169 169
"491" 288 87 296 301 284 268 240 955 955 955 955 323 348 187 168 171 170 174 174 174
"492" 477 492 345 354 338 317 264 955 955 955 955 955 955 187 171 173 173 176 176 176
"493" 146 905 955 955 334 278 258 955 955 955 955 351 955 182 165 168 168 171 171 171
"494" 309 319 320 377 315 274 249 955 955 955 955 955 955 189 170 173 174 176 176 176
"495" 541 84 105 539 316 297 247 162 955 955 191 196 955 179 158 160 163 166 166 166
"496" 198 57 140 159 166 171 191 955 955 955 955 955 955 193 175 177 176 179 179 179
"497" 709 109 955 955 252 256 234 955 955 955 955 200 354 181 162 164 164 169 169 169
"498" 76 152 284 955 331 284 184 955 955 955 955 203 955 182 152 159 160 163 163 163
"499" 194 148 271 258 213 213 203 955 955 955 187 190 955 176 120 145 157 162 162 162
"500" 196 188 257 264 224 247 222 955 955 955 191 195 333 187 167 170 170 173 173 173
