"max_pca1" "max_pca2" "max_pca3" "max_pca5" "max_pca10" "max_pca20" "max_pca40" "min_pca1" "min_pca2" "min_pca3" "min_pca5" "min_pca10" "min_pca20" "min_pca40" "tpca0.8" "tpca0.9" "tpca0.95" "tpca0.99" "tpca0.995" "tpca0.999"
"1" 468 955 955 955 955 955 955 955 955 955 955 955 955 955 955 955 955 176 178 180
"2" 119 57 95 98 94 955 955 955 955 955 955 955 955 955 955 955 955 185 186 188
"3" 523 710 768 774 783 792 955 955 955 955 955 955 955 319 955 955 955 191 191 191
"4" 196 48 606 604 955 225 225 955 955 955 955 955 955 293 955 955 955 190 187 188
"5" 59 49 64 73 86 91 190 955 955 955 955 955 955 955 955 955 955 199 198 199
"6" 604 167 955 955 955 955 955 955 955 955 955 955 955 955 955 955 955 955 197 198
"7" 181 136 955 955 955 955 955 955 955 955 955 955 955 955 955 955 955 184 183 183
"8" 440 955 955 955 955 955 955 955 955 955 955 955 955 303 955 955 955 197 199 201
"9" 43 33 43 82 100 107 127 955 955 955 955 955 955 274 955 955 955 274 274 274
"10" 131 74 132 955 134 955 955 955 955 955 955 955 955 955 955 955 955 191 192 192
"11" 175 227 246 701 704 955 955 955 955 955 955 955 955 350 955 955 955 350 350 350
"12" 722 719 955 955 955 955 955 955 955 955 955 955 955 955 955 955 955 178 185 187
"13" 274 282 955 955 955 955 955 955 955 955 955 955 955 955 955 955 955 186 188 188
"14" 182 90 955 955 955 955 955 955 955 955 955 955 955 333 955 955 955 180 183 184
"15" 190 50 575 576 955 955 955 955 955 955 955 955 955 309 955 955 955 199 199 198
"16" 833 667 955 955 955 955 955 955 955 955 955 955 955 955 955 955 955 181 183 184
"17" 45 75 955 955 955 955 955 955 955 955 955 955 955 322 955 955 955 166 167 168
"18" 955 955 955 955 955 955 955 955 955 955 955 955 955 955 955 955 955 190 188 187
"19" 459 452 955 955 955 955 955 955 955 955 955 955 955 955 955 955 955 955 955 955
"20" 118 45 121 130 189 188 197 955 955 955 955 955 955 955 955 955 955 955 955 955
"21" 248 243 275 281 316 955 955 955 955 955 955 955 955 955 955 955 955 187 189 192
"22" 836 84 955 955 955 955 955 955 955 955 955 955 955 955 955 955 955 183 183 183
"23" 65 49 62 70 77 95 133 955 955 955 955 955 955 337 955 955 955 192 191 194
"24" 858 648 955 955 955 955 955 955 955 955 955 955 955 955 955 955 955 164 168 169
"25" 955 150 955 955 955 955 955 955 955 955 955 955 955 350 955 955 955 189 194 195
"26" 40 41 109 112 125 130 955 955 955 955 955 955 955 955 955 955 955 169 169 171
"27" 149 138 955 955 955 955 955 955 955 955 955 955 955 955 955 955 955 190 188 190
"28" 225 131 955 955 955 955 955 955 955 955 955 955 955 331 955 955 955 182 188 190
"29" 131 91 141 955 850 955 955 955 955 955 955 955 955 955 955 955 955 189 188 188
"30" 333 82 108 385 177 171 168 955 955 955 955 955 955 321 955 955 955 176 177 177
"31" 72 34 77 84 89 100 955 955 955 955 955 955 955 955 955 955 955 955 201 201
"32" 196 758 781 955 955 955 955 955 955 955 955 955 955 341 955 955 955 196 192 196
"33" 955 158 955 955 955 955 955 955 955 955 955 955 955 955 955 955 955 955 955 955
"34" 166 202 230 239 248 263 955 955 955 955 955 955 955 242 955 955 955 182 182 182
"35" 89 64 85 95 96 109 130 955 955 955 955 955 955 353 955 955 955 191 188 188
"36" 955 50 955 955 955 955 955 955 955 955 955 955 955 955 955 955 955 188 186 188
"37" 656 645 873 894 887 916 955 955 955 955 955 955 955 955 955 955 955 191 196 200
"38" 129 105 156 178 184 184 955 955 955 955 955 955 955 955 955 955 955 164 165 165
"39" 955 955 955 955 955 955 955 955 955 955 955 955 955 346 955 955 955 186 186 188
"40" 514 82 581 955 955 955 955 955 955 955 955 955 955 955 955 955 955 194 198 196
"41" 404 400 420 440 445 448 460 955 955 955 955 955 955 955 955 955 955 955 955 955
"42" 87 65 87 126 124 130 134 955 955 955 955 955 955 955 955 955 955 169 173 175
"43" 955 949 955 955 955 955 955 955 955 955 955 955 955 193 955 955 955 171 171 172
"44" 463 130 529 525 531 542 567 955 955 955 955 955 955 955 955 955 955 179 178 178
"45" 84 59 92 112 126 132 955 171 955 955 955 955 955 955 955 955 955 176 176 177
"46" 77 47 64 100 109 955 955 955 955 955 955 955 955 265 955 955 955 177 181 184
"47" 554 610 684 689 698 731 955 955 955 955 955 955 955 955 955 955 955 955 955 955
"48" 269 907 955 955 955 955 955 955 955 955 955 955 955 955 955 955 955 166 165 167
"49" 497 484 529 955 955 955 955 955 955 955 955 955 955 955 955 955 955 181 188 190
"50" 431 180 955 955 955 955 955 955 955 955 955 955 955 286 955 955 955 183 190 190
"51" 532 689 955 955 955 955 955 955 955 955 955 955 955 955 955 955 955 955 955 955
"52" 217 281 307 325 955 509 504 955 955 955 955 955 955 324 955 955 955 196 196 196
"53" 108 70 89 95 955 955 269 955 955 955 955 955 955 955 955 955 955 200 955 955
"54" 157 138 955 153 955 955 955 955 955 955 955 955 955 303 955 955 955 180 181 184
"55" 955 955 955 955 955 955 955 955 955 955 955 955 955 955 955 955 955 185 190 198
"56" 654 571 955 955 955 955 955 955 955 955 955 955 955 299 955 955 955 178 176 175
"57" 86 61 78 87 955 955 955 955 955 955 955 955 955 955 955 955 955 179 185 188
"58" 87 77 102 108 143 955 955 955 955 955 955 955 955 327 955 955 955 195 192 195
"59" 132 315 955 955 955 955 955 955 955 955 955 955 955 955 955 955 955 188 192 192
"60" 955 174 955 955 955 955 955 955 955 955 955 955 955 353 955 955 955 176 178 181
"61" 283 102 339 955 955 955 955 955 955 955 955 955 955 196 955 955 955 161 167 168
"62" 466 452 505 955 955 955 955 955 955 955 955 955 955 955 955 955 955 189 196 199
"63" 107 62 97 107 124 134 139 955 955 955 955 955 955 321 955 955 955 165 166 168
"64" 618 586 955 955 955 955 955 955 955 955 955 955 955 315 955 955 955 187 184 186
"65" 282 218 955 955 955 955 955 955 955 955 955 955 955 246 955 955 955 177 181 186
"66" 947 62 85 955 955 955 955 955 955 955 955 955 955 955 955 955 955 194 197 198
"67" 673 683 704 714 738 955 955 955 955 955 955 955 955 955 955 955 955 203 955 955
"68" 143 242 955 955 955 955 955 955 955 955 955 955 955 290 955 955 955 170 179 183
"69" 111 85 108 118 116 137 143 955 955 955 955 955 955 352 955 955 955 176 178 179
"70" 485 538 955 955 955 955 955 955 955 955 955 955 955 955 955 955 955 198 197 198
"71" 197 955 955 955 955 955 955 955 955 955 955 955 955 955 955 955 955 177 179 180
"72" 406 410 427 435 458 471 955 955 955 955 955 955 955 955 955 955 955 174 173 174
"73" 119 125 955 955 955 955 955 955 955 955 955 955 955 332 955 955 955 184 186 185
"74" 118 50 107 118 122 126 143 955 955 955 955 955 955 955 955 955 955 182 182 183
"75" 654 250 955 955 955 955 955 955 955 955 955 955 955 321 955 955 955 193 196 197
"76" 77 100 436 454 467 955 955 955 955 955 955 955 955 955 955 955 955 199 199 199
"77" 303 295 955 955 955 955 955 955 955 955 955 955 955 955 955 955 955 167 167 167
"78" 160 69 143 154 160 167 184 955 955 955 955 955 955 955 955 955 955 193 194 197
"79" 77 86 739 955 955 195 955 955 955 955 955 955 955 955 955 955 955 192 198 192
"80" 955 65 955 955 955 955 955 955 955 955 955 955 955 955 955 955 955 202 955 955
"81" 87 52 69 79 85 94 147 955 955 955 955 955 955 955 955 955 955 196 199 199
"82" 99 67 110 129 145 130 169 955 955 955 955 955 955 955 955 955 955 196 198 199
"83" 95 95 955 955 955 955 955 955 955 955 955 955 955 955 955 955 955 174 182 186
"84" 109 62 78 86 112 176 955 955 955 955 955 955 955 353 955 955 955 189 187 188
"85" 68 59 78 88 101 191 955 955 955 955 955 955 955 955 955 955 955 191 196 192
"86" 189 162 873 955 187 169 184 955 955 955 955 955 955 955 955 955 955 162 161 160
"87" 134 110 135 141 142 157 170 955 955 955 955 955 955 955 955 955 955 955 955 955
"88" 188 526 551 563 955 955 955 955 955 955 955 955 955 955 955 955 955 172 175 174
"89" 887 72 91 98 112 955 955 955 955 955 955 955 955 955 955 955 955 194 195 196
"90" 484 49 615 955 955 955 955 955 955 955 955 955 955 341 955 955 955 190 191 191
"91" 170 144 202 224 228 955 955 955 955 955 955 955 955 352 955 955 955 193 193 198
"92" 955 290 955 955 955 955 955 955 955 955 955 955 955 349 955 955 955 349 349 349
"93" 941 955 955 955 955 955 955 955 955 955 955 955 955 275 955 955 955 187 185 187
"94" 99 51 90 123 128 128 130 955 955 955 955 955 955 955 955 955 955 955 955 955
"95" 955 955 955 955 955 955 955 955 955 955 955 955 955 355 955 955 955 194 194 193
"96" 955 66 955 955 955 955 955 955 955 955 955 955 955 311 955 955 955 311 311 311
"97" 124 53 668 673 669 685 705 955 955 955 955 955 955 955 955 955 955 171 172 172
"98" 176 178 302 955 955 955 955 955 955 955 955 955 955 302 955 955 955 198 200 201
"99" 225 940 955 955 955 955 955 955 955 955 955 955 955 955 955 955 955 169 170 170
"100" 607 60 191 955 955 955 955 955 955 955 955 955 955 315 955 955 955 315 315 315
"101" 426 907 955 955 955 955 903 955 955 955 955 955 955 955 955 955 955 199 955 955
"102" 955 90 955 955 955 955 955 955 955 955 955 955 955 955 955 955 955 191 188 187
"103" 171 161 955 955 955 955 955 955 955 955 955 955 955 955 955 955 955 185 182 185
"104" 697 53 955 955 955 955 955 955 955 955 955 955 955 955 955 955 955 199 201 201
"105" 244 69 303 310 317 197 196 955 955 955 955 955 955 332 955 955 955 164 163 163
"106" 279 278 359 363 370 368 955 955 955 955 955 955 955 955 955 955 955 955 955 955
"107" 89 45 93 955 98 955 291 955 955 955 955 955 955 331 955 955 955 183 184 185
"108" 58 48 955 955 195 955 955 955 955 955 955 955 955 306 955 955 955 182 183 187
"109" 584 955 955 955 955 955 955 955 955 955 955 955 955 355 955 955 955 199 355 355
"110" 468 77 955 955 955 955 155 955 955 955 955 955 955 955 955 955 955 187 189 191
"111" 590 589 612 634 645 647 696 955 955 955 955 955 955 955 955 955 955 176 178 177
"112" 375 371 413 450 521 525 550 955 955 955 955 955 955 955 955 955 955 193 193 197
"113" 242 242 614 955 955 955 955 955 955 955 955 955 955 266 955 955 955 179 182 184
"114" 727 955 955 955 955 955 955 955 955 955 955 955 955 955 955 955 955 174 173 174
"115" 43 44 155 155 122 109 117 955 955 955 955 955 955 955 955 955 955 185 190 191
"116" 179 122 145 156 154 160 171 955 955 955 955 955 955 336 955 955 955 336 336 336
"117" 124 75 94 110 113 132 158 955 955 955 955 955 955 257 955 955 955 189 194 194
"118" 102 87 124 135 136 955 955 955 955 955 955 955 955 196 955 955 955 179 180 181
"119" 955 955 955 955 955 955 955 955 955 955 955 955 955 293 955 955 955 191 191 191
"120" 574 153 955 955 955 955 955 955 955 955 955 955 955 349 955 955 955 182 184 187
"121" 167 67 116 131 124 127 165 955 955 955 955 955 955 348 955 955 955 195 196 198
"122" 425 184 955 955 163 146 121 955 955 955 955 955 955 955 955 955 955 170 172 171
"123" 96 59 93 109 113 121 955 955 955 955 955 955 955 329 955 955 955 194 196 198
"124" 393 68 955 955 955 955 955 955 955 955 955 955 955 203 955 955 955 170 171 173
"125" 955 658 955 955 955 955 955 955 955 955 955 955 955 356 955 955 955 188 191 196
"126" 66 42 91 103 113 122 135 955 955 955 955 955 955 955 955 955 955 187 193 194
"127" 955 105 955 955 955 955 955 955 955 955 955 955 955 309 955 955 955 181 181 185
"128" 50 49 955 955 955 955 955 955 955 955 955 955 955 955 955 955 955 194 196 196
"129" 539 551 955 955 955 955 955 955 955 955 955 955 955 286 955 955 955 186 183 188
"130" 747 107 782 955 955 955 955 955 955 955 955 955 955 955 955 955 955 955 955 955
"131" 308 82 358 547 550 549 557 955 955 955 955 955 955 347 955 955 955 196 194 196
"132" 104 85 737 759 955 955 955 955 955 955 955 955 955 320 955 955 955 186 186 186
"133" 78 66 83 86 115 113 135 955 955 955 955 955 955 955 955 955 955 199 200 955
"134" 817 955 955 955 955 955 955 188 955 955 955 955 955 315 955 955 955 169 170 172
"135" 175 114 142 150 152 178 199 173 955 955 955 955 955 955 955 955 955 180 178 178
"136" 955 955 955 955 955 955 955 955 955 955 955 955 955 194 955 955 955 171 171 171
"137" 210 232 806 955 955 955 955 955 955 955 955 955 955 319 955 955 955 193 194 195
"138" 151 110 138 398 418 441 955 955 955 955 955 955 955 955 955 955 955 198 198 198
"139" 414 871 955 955 955 955 955 955 955 955 955 955 955 337 955 955 955 175 177 178
"140" 117 112 128 137 135 135 158 955 955 955 955 955 955 955 955 955 955 182 179 182
"141" 239 62 75 76 72 77 77 955 955 955 955 955 955 955 955 955 955 182 182 182
"142" 287 955 955 955 955 955 955 108 955 955 955 955 955 955 955 955 955 162 162 159
"143" 472 483 601 955 955 955 955 955 955 955 955 955 955 337 955 955 955 190 191 192
"144" 147 126 152 164 157 166 194 955 955 955 955 955 955 955 955 955 955 183 188 189
"145" 955 955 955 955 955 955 955 955 955 955 955 955 955 955 955 955 955 184 188 187
"146" 101 55 85 955 955 955 955 955 955 955 955 955 955 955 955 955 955 185 184 184
"147" 177 513 955 955 889 892 888 955 955 955 955 955 955 340 955 955 955 340 199 200
"148" 150 57 135 955 955 146 133 955 955 955 955 955 955 955 955 955 955 187 190 193
"149" 195 41 955 955 955 955 955 955 955 955 955 955 955 290 955 955 955 185 190 192
"150" 460 468 955 955 955 955 955 955 955 955 955 955 955 955 955 955 955 192 198 198
"151" 955 73 146 955 191 173 187 955 955 955 955 955 955 309 955 955 955 173 168 169
"152" 477 467 497 955 955 955 955 955 955 955 955 955 955 955 955 955 955 191 197 197
"153" 104 62 94 113 118 133 470 955 955 955 955 955 955 955 955 955 955 197 196 197
"154" 364 361 440 419 429 955 955 955 955 955 955 955 955 318 955 955 955 318 318 318
"155" 110 120 351 358 374 155 154 955 955 955 955 955 955 281 955 955 955 198 194 195
"156" 119 87 103 113 104 104 132 955 955 955 955 955 955 240 955 955 955 166 166 167
"157" 233 233 255 247 255 955 955 182 955 955 955 955 955 186 955 955 955 159 160 160
"158" 176 480 955 955 955 955 938 955 955 955 955 955 955 955 955 955 955 188 183 183
"159" 98 87 955 955 955 955 955 955 955 955 955 955 955 955 955 955 955 200 199 199
"160" 768 105 126 955 955 955 955 955 955 955 955 955 955 955 955 955 955 163 165 166
"161" 658 111 955 955 955 955 955 955 955 955 955 955 955 955 955 955 955 179 178 182
"162" 716 724 955 955 955 955 955 955 955 955 955 955 955 955 955 955 955 174 173 174
"163" 358 955 955 955 955 955 955 955 955 955 955 955 955 319 955 955 955 180 178 179
"164" 714 52 955 955 955 955 955 955 955 955 955 955 955 326 955 955 955 166 171 173
"165" 58 43 57 68 80 331 361 955 955 955 955 955 955 306 955 955 955 182 186 185
"166" 593 610 955 955 955 955 955 955 955 955 955 955 955 320 955 955 955 191 190 191
"167" 686 673 955 955 955 955 955 955 955 955 955 955 955 955 955 955 955 181 188 189
"168" 230 251 697 720 955 955 955 955 955 955 955 955 955 293 955 955 955 193 199 202
"169" 205 55 955 955 955 955 955 955 955 955 955 955 955 955 955 955 955 189 191 190
"170" 248 99 130 143 955 955 955 213 955 955 955 955 955 955 955 955 955 201 198 198
"171" 586 955 955 955 955 955 955 955 955 955 955 955 955 955 955 955 955 181 180 180
"172" 187 75 142 158 156 146 147 955 955 955 955 955 955 955 955 955 955 195 197 201
"173" 746 113 170 955 955 955 955 955 955 955 955 955 955 955 955 955 955 191 191 192
"174" 360 320 342 955 955 955 955 955 955 955 955 955 955 304 955 955 955 173 175 176
"175" 244 241 873 955 955 955 955 955 955 955 955 955 955 955 955 955 955 955 955 955
"176" 397 423 955 955 955 955 955 955 955 955 955 955 955 955 955 955 955 157 160 160
"177" 189 75 256 260 199 202 228 955 955 955 955 955 955 348 955 955 955 184 186 187
"178" 476 955 955 955 955 955 955 955 955 955 955 955 955 955 955 955 955 955 955 955
"179" 492 581 955 955 955 955 955 955 955 955 955 955 955 351 955 955 955 185 185 184
"180" 771 74 955 955 955 955 955 955 955 955 955 955 955 271 955 955 955 184 187 188
"181" 148 89 116 111 112 122 133 955 955 955 955 955 955 955 955 955 955 190 191 196
"182" 247 955 955 955 955 955 955 955 955 955 955 955 955 955 955 955 955 187 187 190
"183" 330 147 568 955 955 175 168 955 955 955 955 955 955 955 955 955 955 169 177 178
"184" 955 62 955 955 955 955 955 955 955 955 955 955 955 244 955 955 955 244 244 244
"185" 175 49 955 955 955 955 955 955 955 955 955 955 955 955 955 955 955 177 177 177
"186" 158 106 128 160 158 155 955 955 955 955 955 955 955 330 955 955 955 188 183 185
"187" 615 111 152 955 955 154 955 955 955 955 955 955 955 192 955 955 955 170 172 175
"188" 329 325 367 371 372 375 383 955 955 955 955 955 955 191 955 955 955 175 169 171
"189" 168 165 209 226 955 955 955 955 955 955 955 955 955 955 955 955 955 170 164 171
"190" 459 444 481 955 955 955 955 955 955 955 955 955 955 259 955 955 955 180 174 177
"191" 955 955 955 955 955 955 955 955 955 955 955 955 955 346 955 955 955 174 172 177
"192" 216 544 955 955 955 955 955 955 955 955 955 955 955 339 955 955 955 183 184 186
"193" 190 192 208 263 700 680 695 955 955 955 955 955 955 201 955 955 955 162 162 162
"194" 49 42 51 58 59 65 111 955 955 955 955 955 955 955 955 955 955 192 193 193
"195" 270 50 300 309 955 955 955 955 955 955 955 955 955 955 955 955 955 165 166 165
"196" 170 120 160 174 187 197 955 955 955 955 955 955 955 955 955 955 955 196 955 955
"197" 139 263 955 955 955 955 955 955 955 955 955 955 955 311 955 955 955 200 205 206
"198" 576 267 345 360 357 358 353 955 955 955 955 955 955 955 955 955 955 189 192 201
"199" 955 955 955 955 955 955 955 955 955 955 955 955 955 199 955 955 955 176 175 176
"200" 200 215 955 955 955 955 955 955 955 955 955 955 955 337 955 955 955 182 180 181
"201" 486 71 168 499 955 955 955 955 955 955 955 955 955 955 955 955 955 195 194 197
"202" 636 645 955 955 955 955 955 955 955 955 955 955 955 955 955 955 955 200 192 193
"203" 321 84 955 955 955 955 955 955 955 955 955 955 955 955 955 955 955 185 185 186
"204" 136 77 104 143 139 144 955 955 955 955 955 955 955 955 955 955 955 955 955 955
"205" 757 438 652 670 738 955 955 955 955 955 955 955 955 324 955 955 955 324 324 324
"206" 106 74 100 148 148 162 161 955 955 955 955 955 955 291 955 955 955 191 195 198
"207" 93 78 99 955 955 955 955 955 955 955 955 955 955 319 955 955 955 183 181 184
"208" 255 145 837 904 914 955 497 955 955 955 955 955 955 343 955 955 955 186 187 187
"209" 97 955 955 955 955 955 955 955 955 955 955 955 955 326 955 955 955 188 195 197
"210" 363 392 404 415 424 442 955 955 955 955 955 955 955 955 955 955 955 194 194 195
"211" 352 357 384 743 757 955 955 955 955 955 955 955 955 955 955 955 955 187 188 190
"212" 121 59 118 124 73 116 128 955 955 955 955 955 955 344 955 955 955 177 178 180
"213" 795 708 955 955 149 163 170 955 955 955 955 955 955 311 955 955 955 185 189 190
"214" 646 46 101 105 122 955 955 955 955 955 955 955 955 293 955 955 955 190 192 193
"215" 392 398 955 955 902 905 916 955 955 955 955 955 955 955 955 955 955 187 182 183
"216" 955 164 955 955 955 955 373 955 955 955 955 955 955 348 955 955 955 194 201 348
"217" 931 91 955 955 955 955 558 955 955 955 955 955 955 955 955 955 955 189 192 190
"218" 60 47 66 75 75 89 112 955 955 955 955 955 955 955 955 955 955 178 179 181
"219" 60 47 61 65 79 87 955 955 955 955 955 955 955 307 955 955 955 172 170 172
"220" 444 159 187 165 160 158 162 955 955 955 955 955 955 200 955 955 955 172 170 171
"221" 408 412 432 474 481 488 489 955 955 955 955 955 955 201 955 955 955 159 161 162
"222" 59 53 65 75 79 131 955 955 955 955 955 955 955 955 955 955 955 182 186 186
"223" 275 98 132 133 126 159 168 955 955 955 955 955 955 346 955 955 955 186 190 192
"224" 142 50 955 955 955 955 955 955 955 955 955 955 955 955 955 955 955 189 191 191
"225" 955 68 194 955 955 955 955 955 955 955 955 955 955 955 955 955 955 955 200 955
"226" 466 884 955 955 955 955 955 955 955 955 955 955 955 955 955 955 955 188 196 198
"227" 425 65 81 414 424 438 955 955 955 955 955 955 955 325 955 955 955 181 180 182
"228" 303 52 71 77 81 880 881 955 955 955 955 955 955 955 955 955 955 181 181 181
"229" 505 499 581 955 955 955 955 955 955 955 955 955 955 955 955 955 955 187 180 181
"230" 406 955 955 955 955 955 955 955 955 955 955 955 955 955 955 955 955 192 190 189
"231" 198 51 258 270 937 955 955 955 955 955 955 955 955 955 955 955 955 177 176 179
"232" 80 87 117 136 138 135 140 955 955 955 955 955 955 955 955 955 955 188 188 187
"233" 701 75 121 134 137 133 143 183 955 955 955 955 955 955 955 955 955 172 168 170
"234" 55 49 105 123 131 142 177 955 955 955 955 955 955 311 955 955 955 311 311 311
"235" 261 714 736 757 769 955 955 955 955 955 955 955 955 315 955 955 955 189 189 194
"236" 313 104 955 955 955 955 955 955 955 955 955 955 955 955 955 955 955 186 181 183
"237" 98 60 79 94 100 955 955 955 955 955 955 955 955 260 955 955 955 181 184 185
"238" 69 68 110 155 156 167 169 155 955 955 955 955 955 189 955 955 955 159 160 164
"239" 187 96 117 124 428 424 417 955 955 955 955 955 955 955 955 955 955 167 169 170
"240" 104 955 955 955 955 955 955 955 955 955 955 955 955 955 955 955 955 183 183 182
"241" 691 64 910 943 955 955 955 955 955 955 955 955 955 279 955 955 955 192 188 188
"242" 955 420 955 955 955 955 955 955 955 955 955 955 955 955 955 955 955 191 189 193
"243" 682 66 955 955 955 955 955 955 955 955 955 955 955 955 955 955 955 183 190 192
"244" 566 571 599 955 955 955 955 955 955 955 955 955 955 955 955 955 955 955 955 955
"245" 155 57 955 955 955 955 955 955 955 955 955 955 955 955 955 955 955 955 955 955
"246" 955 69 955 955 955 955 955 955 955 955 955 955 955 348 955 955 955 181 182 182
"247" 152 146 181 180 167 179 171 955 955 955 955 955 955 201 955 955 955 171 175 176
"248" 479 955 955 955 955 955 955 955 955 955 955 955 955 955 955 955 955 955 955 955
"249" 76 62 75 955 955 955 955 955 955 955 955 955 955 198 955 955 955 185 186 185
"250" 70 62 86 128 166 185 955 955 955 955 955 955 955 955 955 955 955 955 955 955
"251" 418 425 438 440 436 955 955 955 955 955 955 955 955 955 955 955 955 185 187 187
"252" 557 550 661 955 955 955 955 955 955 955 955 955 955 955 955 955 955 185 191 193
"253" 955 955 955 955 955 955 955 955 955 955 955 955 955 955 955 955 955 955 198 200
"254" 238 245 955 955 955 955 955 955 955 955 955 955 955 955 955 955 955 198 198 198
"255" 88 62 435 442 452 955 955 955 955 955 955 955 955 955 955 955 955 170 173 175
"256" 119 86 955 955 955 118 122 955 955 955 955 955 955 955 955 955 955 955 199 198
"257" 151 115 144 144 150 955 955 955 955 955 955 955 955 264 955 955 955 181 188 190
"258" 337 335 955 955 955 955 503 955 955 955 955 955 955 313 955 955 955 190 196 200
"259" 770 921 955 955 955 955 955 955 955 955 955 955 955 955 955 955 955 197 188 193
"260" 320 325 955 955 955 955 955 955 955 955 955 955 955 955 955 955 955 195 196 199
"261" 180 165 955 955 955 955 955 955 955 955 955 955 955 201 955 955 955 181 181 182
"262" 134 135 684 673 667 684 690 955 955 955 955 955 955 201 955 955 955 175 179 180
"263" 955 955 955 955 955 955 955 955 955 955 955 955 955 955 955 955 955 175 176 176
"264" 797 479 955 955 955 955 955 955 955 955 955 955 955 340 955 955 955 178 180 180
"265" 344 343 871 886 898 955 955 955 955 955 955 955 955 348 955 955 955 182 180 181
"266" 261 77 729 752 955 955 955 955 955 955 955 955 955 200 955 955 955 176 175 175
"267" 408 683 955 705 693 695 702 955 955 955 955 955 955 955 955 955 955 955 955 955
"268" 145 286 955 955 955 955 955 955 955 955 955 955 955 955 955 955 955 187 196 200
"269" 404 55 955 955 955 955 955 955 955 955 955 955 955 329 955 955 955 192 195 198
"270" 75 48 85 955 955 955 955 955 955 955 955 955 955 955 955 955 955 174 180 181
"271" 955 955 955 955 955 955 955 955 955 955 955 955 955 238 955 955 955 177 178 180
"272" 596 618 955 955 632 955 955 955 955 955 955 955 955 955 955 955 955 955 955 955
"273" 675 939 955 955 955 955 955 955 955 955 955 955 955 955 955 955 955 184 182 183
"274" 178 170 187 208 204 183 185 955 955 955 955 955 955 303 955 955 955 181 179 180
"275" 183 955 955 955 955 955 955 955 955 955 955 955 955 955 955 955 955 182 190 190
"276" 119 123 955 955 955 955 955 955 955 955 955 955 955 955 955 955 955 181 186 187
"277" 193 160 216 217 216 231 955 211 955 955 955 955 955 208 955 955 955 169 170 172
"278" 77 81 334 595 955 955 955 955 955 955 955 955 955 955 955 955 955 187 185 187
"279" 670 151 650 664 668 681 703 955 955 955 955 955 955 955 955 955 955 172 174 174
"280" 220 73 186 955 955 955 955 955 955 955 955 955 955 955 955 955 955 194 191 193
"281" 324 106 672 693 725 722 837 955 955 955 955 955 955 291 955 955 955 184 187 188
"282" 344 91 955 955 119 123 955 955 955 955 955 955 955 955 955 955 955 170 172 173
"283" 75 65 81 107 114 955 955 955 955 955 955 955 955 347 955 955 955 199 192 194
"284" 111 760 955 955 955 955 955 955 955 955 955 955 955 955 955 955 955 161 168 169
"285" 79 60 86 776 781 793 955 955 955 955 955 955 955 955 955 955 955 955 955 955
"286" 119 58 113 120 122 123 120 955 955 955 955 955 955 955 955 955 955 197 185 185
"287" 117 95 127 171 182 282 955 955 955 955 955 955 955 335 955 955 955 174 175 178
"288" 416 332 955 955 316 288 302 955 955 955 955 955 955 955 955 955 955 192 194 196
"289" 118 111 955 955 955 955 955 955 955 955 955 955 955 321 955 955 955 200 321 201
"290" 627 63 955 955 955 955 955 955 955 955 955 955 955 955 955 955 955 187 191 194
"291" 955 322 955 955 955 955 955 955 955 955 955 955 955 955 955 955 955 185 183 186
"292" 239 240 955 955 955 955 955 955 955 955 955 955 955 955 955 955 955 186 189 187
"293" 119 57 69 109 113 115 136 955 955 955 955 955 955 325 955 955 955 325 325 325
"294" 284 77 118 955 955 955 955 955 955 955 955 955 955 955 955 955 955 191 196 955
"295" 229 107 955 955 955 955 955 955 955 955 955 955 955 955 955 955 955 202 202 201
"296" 697 393 423 955 955 955 955 955 955 955 955 955 955 351 955 955 955 191 190 190
"297" 955 955 955 955 955 955 955 955 955 955 955 955 955 955 955 955 955 187 191 193
"298" 345 71 130 139 123 126 147 955 955 955 955 955 955 955 955 955 955 190 189 188
"299" 260 63 955 955 955 955 955 955 955 955 955 955 955 190 955 955 955 166 167 166
"300" 101 116 392 373 369 359 354 955 955 955 955 955 955 955 955 955 955 955 955 955
"301" 331 84 955 955 955 955 955 955 955 955 955 955 955 359 955 955 955 177 182 186
"302" 248 172 955 955 955 955 955 955 955 955 955 955 955 955 955 955 955 184 188 190
"303" 256 314 955 955 955 955 955 955 955 955 955 955 955 197 955 955 955 181 179 180
"304" 136 82 126 146 145 159 169 191 955 955 955 955 955 200 955 955 955 184 183 183
"305" 66 53 69 955 955 955 955 955 955 955 955 955 955 955 955 955 955 177 181 185
"306" 93 86 166 174 955 955 955 955 955 955 955 955 955 955 955 955 955 184 198 955
"307" 190 71 924 955 955 955 955 955 955 955 955 955 955 955 955 955 955 182 183 183
"308" 259 955 955 955 955 955 955 955 955 955 955 955 955 200 955 955 955 170 172 173
"309" 634 955 955 955 955 955 955 955 955 955 955 955 955 955 955 955 955 177 182 181
"310" 246 514 593 606 955 955 955 955 955 955 955 955 955 199 955 955 955 169 167 166
"311" 284 310 955 955 955 955 955 955 955 955 955 955 955 955 955 955 955 183 184 186
"312" 709 913 955 955 955 955 955 955 955 955 955 955 955 955 955 955 955 172 186 186
"313" 89 66 86 98 955 955 955 955 955 955 955 955 955 281 955 955 955 187 192 192
"314" 955 106 955 955 955 955 955 955 955 955 955 955 955 322 955 955 955 178 183 180
"315" 293 278 301 498 522 955 955 955 955 955 955 955 955 955 955 955 955 190 191 194
"316" 885 60 937 955 955 955 955 955 955 955 955 955 955 955 955 955 955 192 190 191
"317" 519 955 955 955 955 955 189 955 955 955 955 955 955 955 955 955 955 181 176 180
"318" 385 58 435 455 469 955 955 955 955 955 955 955 955 955 955 955 955 187 191 197
"319" 255 97 955 955 955 955 955 955 955 955 955 955 955 334 955 955 955 199 199 200
"320" 600 955 955 955 114 105 108 955 955 955 955 955 955 955 955 955 955 165 162 162
"321" 168 140 167 187 190 955 955 955 955 955 955 955 955 955 955 955 955 185 192 199
"322" 232 955 955 955 955 955 955 955 955 955 955 955 955 355 955 955 955 192 189 191
"323" 104 54 81 89 93 100 120 955 955 955 955 955 955 288 955 955 955 190 194 197
"324" 96 58 81 101 103 124 955 955 955 955 955 955 955 274 955 955 955 203 197 197
"325" 133 82 131 135 955 955 955 955 955 955 955 955 955 301 955 955 955 185 188 191
"326" 183 907 955 955 955 955 955 955 955 955 955 955 955 319 955 955 955 183 190 192
"327" 846 955 955 955 955 955 955 955 955 955 955 955 955 955 955 955 955 182 183 184
"328" 94 56 94 97 99 99 114 955 955 955 955 955 955 296 955 955 955 182 189 189
"329" 90 74 99 102 114 114 955 955 955 955 955 955 955 955 955 955 955 199 955 955
"330" 107 103 125 955 955 955 955 955 955 955 955 955 955 955 955 955 955 197 197 197
"331" 106 94 718 733 733 955 955 955 955 955 955 955 955 331 955 955 955 182 183 185
"332" 264 50 955 955 908 900 955 955 955 955 955 955 955 278 955 955 955 187 189 190
"333" 168 74 134 146 142 153 173 955 955 955 955 955 955 955 955 955 955 197 196 196
"334" 58 50 91 955 955 955 955 955 955 955 955 955 955 955 955 955 955 183 184 183
"335" 369 66 819 955 955 955 955 955 955 955 955 955 955 955 955 955 955 188 194 195
"336" 298 294 354 364 955 955 955 955 955 955 955 955 955 282 955 955 955 191 191 192
"337" 741 322 955 955 955 955 955 955 955 955 955 955 955 955 955 955 955 180 180 182
"338" 549 479 557 955 955 955 955 955 955 955 955 955 955 955 955 955 955 185 188 186
"339" 318 940 955 955 955 955 955 955 955 955 955 955 955 955 955 955 955 175 177 178
"340" 109 123 679 695 702 737 766 955 955 955 955 955 955 955 955 955 955 170 174 174
"341" 69 56 348 955 955 955 955 955 955 955 955 955 955 303 955 955 955 169 172 173
"342" 225 233 253 955 955 955 955 955 955 955 955 955 955 337 955 955 955 186 186 188
"343" 150 34 130 172 161 164 955 955 955 955 955 955 955 255 955 955 955 173 172 173
"344" 121 788 955 955 955 955 955 955 955 955 955 955 955 955 955 955 955 183 180 181
"345" 60 49 66 82 72 80 88 955 955 955 955 955 955 955 955 955 955 206 206 208
"346" 33 31 44 53 56 64 92 955 955 955 955 955 955 317 955 955 955 174 175 175
"347" 95 88 109 116 110 110 156 955 955 955 955 955 955 955 955 955 955 185 182 181
"348" 67 77 955 955 955 955 955 955 955 955 955 955 955 955 955 955 955 176 178 178
"349" 366 63 127 955 955 955 955 955 955 955 955 955 955 955 955 955 955 186 191 195
"350" 836 75 955 955 955 955 955 955 955 955 955 955 955 955 955 955 955 188 188 189
"351" 533 66 501 955 955 955 955 955 955 955 955 955 955 200 955 955 955 180 178 177
"352" 332 360 508 955 955 955 955 955 955 955 955 955 955 240 955 955 955 172 169 170
"353" 360 352 385 955 955 955 155 955 955 955 955 955 955 178 955 955 955 165 157 159
"354" 122 101 955 955 955 955 955 955 955 955 955 955 955 955 955 955 955 199 196 196
"355" 801 955 955 955 955 955 955 955 955 955 955 955 955 955 955 955 955 180 180 182
"356" 955 85 955 955 955 955 955 955 955 955 955 955 955 295 955 955 955 295 295 295
"357" 326 337 355 955 955 955 955 955 955 955 955 955 955 267 955 955 955 169 171 172
"358" 47 36 58 955 955 955 955 955 955 955 955 955 955 955 955 955 955 190 184 187
"359" 307 302 526 308 306 304 310 955 955 955 955 955 955 955 955 955 955 193 191 191
"360" 137 75 142 955 190 183 180 955 955 955 955 955 955 955 955 955 955 955 200 198
"361" 955 51 955 955 955 955 955 955 955 955 955 955 955 276 955 955 955 185 193 193
"362" 211 46 304 307 955 955 955 955 955 955 955 955 955 325 955 955 955 190 195 198
"363" 235 257 308 307 309 348 392 955 955 955 955 955 955 955 955 955 955 167 167 169
"364" 100 79 139 201 244 955 955 955 955 955 955 955 955 361 955 955 955 175 176 180
"365" 663 45 955 955 955 955 955 955 955 955 955 955 955 197 955 955 955 169 170 171
"366" 98 90 155 955 955 955 955 955 955 955 955 955 955 955 955 955 955 184 183 184
"367" 148 67 171 180 174 153 143 955 955 955 955 955 955 955 955 955 955 172 168 173
"368" 319 301 611 638 651 955 955 955 955 955 955 955 955 955 955 955 955 179 186 186
"369" 539 693 955 955 955 955 955 955 955 955 955 955 955 332 955 955 955 178 182 183
"370" 169 92 129 145 158 179 201 955 955 955 955 955 955 347 955 955 955 176 176 176
"371" 955 955 955 955 955 955 955 955 955 955 955 955 955 955 955 955 955 171 170 170
"372" 60 58 84 94 98 118 142 955 955 955 955 955 955 955 955 955 955 196 199 200
"373" 578 556 955 955 955 955 955 955 955 955 955 955 955 955 955 955 955 179 177 177
"374" 85 64 86 93 90 101 103 955 955 955 955 955 955 194 955 955 955 162 162 163
"375" 202 955 955 955 955 955 955 955 955 955 955 955 955 298 955 955 955 194 194 195
"376" 207 955 955 955 955 955 955 955 955 955 955 955 955 357 955 955 955 192 193 194
"377" 341 901 955 955 955 955 955 955 955 955 955 955 955 955 955 955 955 188 187 189
"378" 138 90 145 955 172 166 169 955 955 955 955 955 955 955 955 955 955 186 189 190
"379" 47 37 145 151 148 158 177 955 955 955 955 955 955 319 955 955 955 194 194 193
"380" 85 61 86 122 137 123 119 955 955 955 955 955 955 244 955 955 955 182 183 186
"381" 210 92 558 955 955 955 955 955 955 955 955 955 955 188 955 955 955 168 168 169
"382" 748 760 955 955 955 955 955 955 955 955 955 955 955 270 955 955 955 187 191 191
"383" 955 955 955 955 955 955 955 955 955 955 955 955 955 340 955 955 955 185 187 188
"384" 116 108 491 955 955 955 955 955 955 955 955 955 955 201 955 955 955 176 177 181
"385" 227 91 927 179 178 181 192 955 955 955 955 955 955 315 955 955 955 181 180 182
"386" 747 955 955 955 955 955 955 955 955 955 955 955 955 955 955 955 955 200 198 200
"387" 234 955 955 955 955 955 955 955 955 955 955 955 955 955 955 955 955 184 186 187
"388" 335 108 653 683 955 955 955 955 955 955 955 955 955 955 955 955 955 177 178 179
"389" 493 843 955 955 955 955 955 955 955 955 955 955 955 955 955 955 955 194 194 194
"390" 856 773 888 955 955 955 955 955 955 955 955 955 955 347 955 955 955 179 181 184
"391" 84 66 82 90 98 126 955 955 955 955 955 955 955 955 955 955 955 190 190 191
"392" 315 322 955 955 955 955 955 955 955 955 955 955 955 955 955 955 955 194 194 193
"393" 678 687 703 729 955 955 955 955 955 955 955 955 955 955 955 955 955 184 186 188
"394" 144 65 82 91 955 235 192 955 955 955 955 955 955 201 955 955 955 172 172 172
"395" 47 47 61 72 84 87 143 955 955 955 955 955 955 955 955 955 955 190 190 192
"396" 264 218 255 279 282 283 955 955 955 955 955 955 955 315 955 955 955 315 197 198
"397" 603 955 955 955 955 955 955 955 955 955 955 955 955 338 955 955 955 182 178 178
"398" 107 103 125 132 131 137 157 955 955 955 955 955 955 955 955 955 955 196 197 196
"399" 96 955 955 955 955 955 955 955 955 955 955 955 955 335 955 955 955 180 181 181
"400" 194 257 955 955 268 264 267 955 955 955 955 955 955 955 955 955 955 198 197 197
"401" 115 677 702 708 713 785 817 955 955 955 955 955 955 282 955 955 955 178 181 182
"402" 453 70 955 955 955 955 955 955 955 955 955 955 955 955 955 955 955 197 199 201
"403" 519 141 955 955 955 955 955 955 955 955 955 955 955 955 955 955 955 182 186 188
"404" 199 172 695 955 955 955 411 955 955 955 955 955 955 312 955 955 955 176 177 176
"405" 90 94 955 955 955 955 955 955 955 955 955 955 955 955 955 955 955 186 185 187
"406" 426 189 441 445 955 193 187 955 955 955 955 955 955 349 955 955 955 193 184 185
"407" 227 76 257 264 273 955 955 955 955 955 955 955 955 286 955 955 955 184 191 193
"408" 179 61 955 955 955 955 955 955 955 955 955 955 955 955 955 955 955 955 955 955
"409" 156 70 107 125 125 147 161 955 955 955 955 955 955 313 955 955 955 168 173 180
"410" 624 655 955 955 955 955 955 955 955 955 955 955 955 329 955 955 955 193 193 193
"411" 99 75 95 105 115 123 132 955 955 955 955 955 955 955 955 955 955 190 191 191
"412" 73 46 76 127 955 955 955 955 955 955 955 955 955 333 955 955 955 191 189 190
"413" 81 75 93 103 98 110 108 955 955 955 955 955 955 955 955 955 955 167 166 166
"414" 798 172 955 955 955 955 955 955 955 955 955 955 955 955 955 955 955 955 198 198
"415" 709 710 738 955 955 955 955 955 955 955 955 955 955 955 955 955 955 173 174 179
"416" 955 955 955 955 955 955 955 955 955 955 955 955 955 955 955 955 955 181 181 181
"417" 272 81 97 955 120 955 955 955 955 955 955 955 955 955 955 955 955 955 955 955
"418" 196 757 950 955 955 955 955 955 955 955 955 955 955 304 955 955 955 179 180 180
"419" 563 542 568 955 955 955 955 955 955 955 955 955 955 300 955 955 955 166 167 168
"420" 955 47 955 955 955 955 955 955 955 955 955 955 955 955 955 955 955 187 189 187
"421" 58 58 459 955 955 955 955 955 955 955 955 955 955 955 955 955 955 190 189 189
"422" 955 955 955 955 955 955 955 955 955 955 955 955 955 955 955 955 955 185 192 194
"423" 472 762 955 955 955 955 955 955 955 955 955 955 955 955 955 955 955 187 188 188
"424" 471 413 491 486 516 622 634 955 955 955 955 955 955 955 955 955 955 185 187 188
"425" 82 91 955 130 114 127 955 955 955 955 955 955 955 955 955 955 955 195 195 196
"426" 183 85 955 955 955 955 458 955 955 955 955 955 955 323 955 955 955 173 174 174
"427" 483 599 955 955 955 955 955 955 955 955 955 955 955 322 955 955 955 195 196 200
"428" 280 147 186 201 955 955 955 955 955 955 955 955 955 955 955 955 955 177 179 183
"429" 155 892 955 955 955 955 955 955 955 955 955 955 955 955 955 955 955 196 196 196
"430" 181 192 955 955 955 955 955 955 955 955 955 955 955 316 955 955 955 192 192 195
"431" 766 771 932 929 932 955 955 955 955 955 955 955 955 955 955 955 955 185 183 185
"432" 830 955 955 955 955 955 955 955 955 955 955 955 955 352 955 955 955 178 181 180
"433" 118 110 955 955 955 955 955 955 955 955 955 955 955 305 955 955 955 180 182 185
"434" 66 48 78 80 80 80 955 955 955 955 955 955 955 955 955 955 955 193 198 199
"435" 282 955 955 955 955 955 955 955 955 955 955 955 955 955 955 955 955 177 176 176
"436" 104 106 155 179 182 174 185 955 955 955 955 955 955 955 955 955 955 178 178 180
"437" 955 399 955 955 955 955 955 955 955 955 955 955 955 355 955 955 955 201 201 202
"438" 172 80 97 126 122 129 149 955 955 955 955 955 955 346 955 955 955 346 346 346
"439" 143 51 76 74 75 103 116 955 955 955 955 955 955 955 955 955 955 170 171 173
"440" 72 48 59 70 77 101 107 955 955 955 955 955 955 955 955 955 955 200 199 198
"441" 48 50 88 84 88 108 120 955 955 955 955 955 955 955 955 955 955 184 191 193
"442" 85 58 81 121 955 955 955 955 955 955 955 955 955 316 955 955 955 180 191 194
"443" 603 46 847 938 955 955 299 955 955 955 955 955 955 955 955 955 955 184 185 184
"444" 955 52 955 955 955 955 955 955 955 955 955 955 955 197 955 955 955 176 177 180
"445" 468 460 477 955 955 955 955 955 955 955 955 955 955 955 955 955 955 191 191 193
"446" 83 56 78 82 77 79 109 955 955 955 955 955 955 361 955 955 955 361 195 201
"447" 873 955 955 955 955 955 955 955 955 955 955 955 955 955 955 955 955 200 201 955
"448" 83 200 230 244 259 955 955 955 955 955 955 955 955 955 955 955 955 197 185 187
"449" 54 52 68 71 141 166 955 955 955 955 955 955 955 354 955 955 955 179 183 184
"450" 955 955 955 955 955 955 955 955 955 955 955 955 955 955 955 955 955 198 189 190
"451" 767 188 955 955 955 955 955 955 955 955 955 955 955 314 955 955 955 180 174 178
"452" 177 126 212 214 955 955 955 955 955 955 955 955 955 280 955 955 955 190 190 190
"453" 126 112 955 955 955 891 886 955 955 955 955 955 955 955 955 955 955 174 171 169
"454" 573 194 577 585 592 955 955 955 955 955 955 955 955 955 955 955 955 179 179 180
"455" 216 91 121 210 198 955 955 955 955 955 955 955 955 297 955 955 955 195 191 196
"456" 542 296 550 902 305 300 307 955 955 955 955 955 955 955 955 955 955 194 198 198
"457" 219 464 955 955 955 955 955 955 955 955 955 955 955 190 955 955 955 165 165 165
"458" 69 71 932 955 955 955 955 955 955 955 955 955 955 955 955 955 955 177 174 177
"459" 143 94 955 955 955 955 955 955 955 955 955 955 955 955 955 955 955 194 196 197
"460" 522 181 560 580 604 183 186 955 955 955 955 955 955 301 955 955 955 186 186 186
"461" 185 89 181 955 185 955 955 955 955 955 955 955 955 338 955 955 955 177 181 180
"462" 211 56 194 212 215 218 231 955 955 955 955 955 955 955 955 955 955 200 200 955
"463" 230 54 143 147 141 143 164 955 955 955 955 955 955 348 955 955 955 190 189 189
"464" 75 55 73 84 95 110 955 955 955 955 955 955 955 955 955 955 955 168 166 167
"465" 312 876 910 955 955 955 955 955 955 955 955 955 955 303 955 955 955 170 180 181
"466" 955 55 955 955 63 68 955 955 955 955 955 955 955 306 955 955 955 177 179 180
"467" 164 136 175 175 160 160 175 955 955 955 955 955 955 197 955 955 955 162 162 162
"468" 364 98 955 955 955 955 955 955 955 955 955 955 955 320 955 955 955 202 198 202
"469" 340 346 562 577 570 955 955 955 955 955 955 955 955 955 955 955 955 180 167 168
"470" 178 119 142 159 152 168 176 955 955 955 955 955 955 300 955 955 955 191 300 300
"471" 298 304 331 358 955 955 955 955 955 955 955 955 955 955 955 955 955 178 177 179
"472" 955 254 955 955 955 955 955 955 955 955 955 955 955 955 955 955 955 178 181 182
"473" 238 251 268 271 276 955 955 955 955 955 955 955 955 955 955 955 955 198 955 955
"474" 83 90 112 116 118 134 955 955 955 955 955 955 955 355 955 955 955 184 183 184
"475" 81 71 93 112 111 118 125 955 955 955 955 955 955 306 955 955 955 173 177 175
"476" 955 822 955 955 955 955 955 955 955 955 955 955 955 273 955 955 955 201 194 190
"477" 718 93 110 110 103 103 96 955 955 955 955 955 955 955 955 955 955 171 173 174
"478" 265 87 302 312 955 955 955 955 955 955 955 955 955 191 955 955 955 175 176 176
"479" 645 270 955 955 955 955 955 955 955 955 955 955 955 271 955 955 955 191 190 190
"480" 757 606 955 955 955 955 955 955 955 955 955 955 955 955 955 955 955 191 197 198
"481" 552 56 123 955 955 196 955 955 955 955 955 955 955 955 955 955 955 190 198 199
"482" 490 474 537 955 955 955 955 955 955 955 955 955 955 955 955 955 955 186 187 192
"483" 296 297 330 342 353 955 955 955 955 955 955 955 955 955 955 955 955 176 176 179
"484" 379 358 425 380 382 395 410 955 955 955 955 955 955 333 955 955 955 188 188 190
"485" 443 81 198 955 955 955 955 955 955 955 955 955 955 324 955 955 955 187 185 187
"486" 88 91 110 126 126 139 955 955 955 955 955 955 955 955 955 955 955 172 172 172
"487" 325 82 955 955 955 955 955 955 955 955 955 955 955 260 955 955 955 180 179 178
"488" 955 148 955 955 955 955 955 955 955 955 955 955 955 955 955 955 955 955 955 955
"489" 169 125 159 188 194 184 955 955 955 955 955 955 955 270 955 955 955 198 197 198
"490" 589 52 955 955 955 955 955 955 955 955 955 955 955 336 955 955 955 196 199 336
"491" 495 87 908 924 955 955 955 955 955 955 955 955 955 249 955 955 955 201 200 201
"492" 475 955 955 955 955 955 955 955 955 955 955 955 955 305 955 955 955 188 189 190
"493" 146 371 955 955 955 955 955 955 955 955 955 955 955 280 955 955 955 176 175 177
"494" 311 387 955 955 955 955 955 955 955 955 955 955 955 194 955 955 955 175 178 178
"495" 520 84 105 955 955 955 955 955 955 955 955 955 955 273 955 955 955 175 175 176
"496" 330 57 140 159 164 159 167 955 955 955 955 955 955 955 955 955 955 215 955 955
"497" 955 109 955 955 955 955 955 955 955 955 955 955 955 275 955 955 955 176 178 182
"498" 76 152 955 955 955 178 166 955 955 955 955 955 955 200 955 955 955 163 163 164
"499" 180 148 364 340 319 335 347 955 955 955 955 955 955 955 955 955 955 163 160 164
"500" 201 194 955 955 955 955 955 955 955 955 955 955 955 955 955 955 955 191 189 188
