"max_pca1" "max_pca2" "max_pca3" "max_pca5" "max_pca10" "max_pca20" "max_pca40" "min_pca1" "min_pca2" "min_pca3" "min_pca5" "min_pca10" "min_pca20" "min_pca40" "tpca0.8" "tpca0.9" "tpca0.95" "tpca0.99" "tpca0.995" "tpca0.999"
"1" 955 710 269 262 246 244 228 955 955 955 178 182 955 177 955 955 955 161 161 161
"2" 119 57 95 98 94 274 246 955 955 955 955 355 955 182 955 955 955 165 164 164
"3" 718 628 702 712 343 302 249 955 955 955 955 196 955 183 955 955 357 164 163 163
"4" 196 48 268 271 265 228 226 955 955 955 202 194 955 179 955 955 206 167 165 165
"5" 59 49 64 73 86 91 187 955 955 955 955 955 955 180 955 955 955 163 162 162
"6" 614 169 297 955 406 296 262 955 955 955 955 955 955 183 955 955 955 166 164 164
"7" 186 136 955 955 311 300 250 955 955 955 201 199 955 177 955 955 955 162 162 161
"8" 435 955 514 955 504 501 259 955 955 955 955 955 955 193 955 955 955 168 166 166
"9" 43 33 43 82 100 107 127 955 955 955 955 334 955 191 955 955 955 169 168 167
"10" 131 74 132 955 134 293 267 955 955 955 955 955 955 183 955 955 955 165 164 164
"11" 241 228 228 239 242 238 238 955 955 955 955 955 955 191 955 955 955 167 166 165
"12" 714 719 316 321 306 294 254 955 955 955 955 955 955 183 955 955 955 166 165 164
"13" 691 693 366 955 341 303 271 955 955 955 190 194 955 185 955 955 955 165 164 164
"14" 184 90 198 509 497 461 237 955 955 955 955 955 955 183 955 955 955 166 166 165
"15" 189 50 369 542 359 330 267 955 955 955 955 955 955 187 955 955 955 167 166 164
"16" 830 369 394 955 411 383 292 955 955 955 955 190 955 177 955 955 955 163 163 163
"17" 45 75 409 414 390 263 258 955 955 955 955 200 955 180 955 955 955 162 162 162
"18" 955 955 309 317 307 269 254 955 955 955 955 955 955 186 955 955 955 165 163 163
"19" 451 450 459 460 329 275 248 955 955 955 955 348 955 188 955 955 356 167 166 165
"20" 118 45 121 130 281 278 245 955 955 955 955 346 955 187 955 955 955 167 166 166
"21" 272 222 225 225 254 257 254 955 955 955 955 197 955 184 955 955 955 164 164 164
"22" 837 84 955 955 955 955 295 955 955 955 955 187 955 175 955 955 955 161 161 161
"23" 65 49 62 70 77 95 133 955 955 955 955 355 955 185 955 955 955 165 164 164
"24" 805 657 800 800 733 278 260 955 955 955 193 194 955 184 955 955 955 159 160 160
"25" 955 150 637 955 352 322 286 955 955 955 955 955 955 184 955 955 955 164 164 163
"26" 40 41 109 112 125 130 197 212 955 955 183 183 955 177 955 955 200 160 160 160
"27" 149 138 327 323 285 280 258 955 955 955 955 955 955 184 955 955 955 166 165 165
"28" 955 131 384 367 298 284 257 955 955 955 955 955 955 184 955 955 955 166 165 164
"29" 131 91 141 955 429 350 291 955 955 955 955 955 955 183 955 955 955 165 163 163
"30" 236 82 108 239 232 228 218 955 955 955 955 352 955 188 955 955 955 166 166 164
"31" 72 34 77 84 89 100 280 955 955 955 955 955 955 189 955 955 955 168 166 165
"32" 200 176 290 955 542 253 237 955 955 955 955 955 955 183 955 955 955 166 164 164
"33" 398 159 219 333 282 261 247 955 955 955 955 318 356 186 955 955 350 169 167 166
"34" 166 204 210 221 230 233 239 955 955 955 955 201 955 180 955 955 955 165 164 163
"35" 89 64 85 95 96 109 130 955 955 955 201 201 955 182 955 955 955 165 163 162
"36" 840 50 852 955 524 338 278 955 955 955 955 955 955 186 955 955 955 167 164 164
"37" 682 645 660 886 830 659 218 955 955 955 190 187 955 185 955 955 355 166 166 165
"38" 129 105 156 183 196 196 229 955 955 955 191 190 955 175 955 955 199 160 160 160
"39" 914 940 941 955 487 310 261 955 955 955 955 955 955 188 955 955 955 166 164 164
"40" 481 82 329 497 417 325 309 955 955 955 955 955 955 184 955 955 955 165 164 163
"41" 394 397 404 432 344 312 282 955 955 955 955 197 955 184 955 955 955 165 165 164
"42" 87 65 87 126 124 130 134 955 955 955 955 198 955 182 955 955 955 161 161 161
"43" 955 955 955 955 342 298 271 955 955 955 955 955 955 180 955 955 955 164 162 162
"44" 462 130 255 276 251 252 236 955 955 955 955 955 955 178 955 955 955 162 162 161
"45" 84 59 92 112 126 132 251 159 955 955 194 195 955 180 955 955 955 162 161 161
"46" 77 47 64 100 109 280 252 955 955 955 955 340 955 186 955 955 955 167 166 165
"47" 206 642 663 660 645 361 211 955 955 955 955 198 955 181 955 955 955 165 164 163
"48" 912 898 943 536 307 302 237 955 955 955 955 325 955 186 955 955 955 164 162 162
"49" 490 485 323 499 319 298 240 955 955 955 955 955 955 184 955 955 955 165 165 165
"50" 417 566 527 570 355 296 253 955 955 955 955 195 955 182 955 955 354 167 166 165
"51" 955 671 709 955 338 324 276 955 955 955 955 349 955 185 955 955 955 166 165 164
"52" 269 254 254 278 255 257 227 955 955 955 955 199 354 184 955 955 352 165 165 164
"53" 108 70 89 95 274 240 235 955 955 955 955 955 955 191 955 955 955 167 166 165
"54" 157 138 158 153 350 332 272 955 955 955 955 201 955 180 955 955 955 162 162 162
"55" 955 955 364 379 298 291 246 955 955 955 955 196 955 181 955 955 955 163 163 163
"56" 669 955 507 955 317 319 256 955 955 955 955 200 955 179 955 955 955 163 162 162
"57" 86 61 78 87 314 300 242 955 955 955 955 195 354 189 955 955 349 163 163 164
"58" 87 77 102 108 143 270 256 955 955 955 955 333 955 184 955 955 955 166 164 164
"59" 132 312 298 311 309 300 243 955 955 955 955 955 955 183 955 955 955 162 162 162
"60" 617 177 835 955 453 352 292 955 955 955 191 190 955 186 955 955 955 166 164 163
"61" 271 102 262 283 275 249 234 955 955 955 955 955 955 184 955 955 955 160 161 160
"62" 429 427 430 443 356 290 247 955 955 955 955 204 955 185 955 955 955 166 166 165
"63" 107 62 97 107 124 134 139 955 955 955 955 199 955 184 955 955 955 162 161 161
"64" 562 550 538 551 560 275 266 955 955 955 955 955 955 180 955 955 955 166 164 164
"65" 516 220 225 955 955 223 224 955 955 955 955 955 955 191 955 955 955 166 166 166
"66" 354 62 85 955 369 308 275 955 955 955 955 955 955 187 955 955 955 165 164 164
"67" 697 700 295 312 265 247 220 955 955 955 955 201 955 182 955 955 955 167 166 164
"68" 143 243 247 247 242 267 235 955 955 955 186 183 198 178 955 955 955 162 162 162
"69" 111 85 108 118 116 137 143 955 955 955 955 955 955 184 955 955 955 162 162 162
"70" 466 409 396 510 268 263 226 955 955 955 955 314 955 186 955 955 355 167 164 164
"71" 286 955 567 955 332 316 276 955 955 955 955 955 955 188 955 955 955 165 164 163
"72" 383 376 291 306 293 268 220 955 955 955 955 955 955 181 955 955 955 161 161 161
"73" 119 125 955 955 389 297 275 955 955 955 955 339 955 183 955 955 955 163 163 162
"74" 118 50 107 118 122 126 143 955 955 955 201 198 955 181 955 955 955 164 163 163
"75" 655 267 296 288 236 253 228 189 955 955 328 198 320 183 955 955 210 165 165 164
"76" 77 100 410 435 277 264 241 955 955 955 955 350 955 180 955 955 955 164 163 163
"77" 309 300 282 297 284 270 241 955 955 955 193 195 955 181 955 955 955 161 161 161
"78" 160 69 143 154 175 189 210 955 955 955 955 290 323 182 955 955 335 164 164 164
"79" 77 86 255 280 266 248 238 955 955 955 955 955 955 184 955 955 955 164 164 163
"80" 955 65 296 955 286 286 266 955 955 955 955 955 955 183 955 955 955 168 166 166
"81" 87 52 69 79 85 94 147 955 955 955 202 193 955 180 955 955 955 164 164 163
"82" 99 67 110 129 145 130 195 955 955 955 955 955 955 187 955 955 955 166 165 164
"83" 95 95 206 231 225 226 224 955 955 955 196 197 955 185 955 955 955 162 162 162
"84" 109 62 78 86 112 291 279 955 955 955 955 354 955 190 955 955 955 168 166 165
"85" 68 59 78 88 101 310 273 955 955 955 955 955 955 188 955 955 955 167 167 166
"86" 188 162 195 197 190 181 198 955 955 955 190 193 955 179 955 955 955 160 159 158
"87" 134 110 135 141 142 157 236 955 955 955 955 955 955 187 955 955 955 167 166 165
"88" 526 526 326 531 461 319 313 955 955 955 955 955 955 186 955 955 955 164 164 163
"89" 886 72 91 98 112 228 218 955 955 955 955 198 955 176 955 955 955 163 163 162
"90" 450 49 468 481 458 305 285 955 955 955 955 955 955 189 955 955 955 166 164 164
"91" 172 144 196 216 216 224 224 955 955 955 955 955 955 192 955 955 955 166 165 164
"92" 955 955 955 955 314 264 249 955 955 955 955 212 955 183 955 955 955 169 166 165
"93" 955 955 955 362 301 290 244 955 955 955 955 955 955 185 955 955 955 167 164 164
"94" 99 51 90 123 128 128 130 955 955 955 955 199 955 187 955 955 955 170 169 168
"95" 955 955 955 955 304 291 257 955 955 955 955 193 955 180 955 955 955 165 164 164
"96" 179 66 586 955 316 297 261 955 955 955 955 195 955 185 955 955 955 169 167 166
"97" 124 53 307 316 306 287 264 955 955 955 200 193 201 174 955 955 955 160 160 160
"98" 248 265 260 270 257 258 226 955 955 955 955 200 955 186 955 955 955 168 167 166
"99" 231 862 874 955 361 240 238 955 955 955 955 199 955 183 955 955 955 164 164 163
"100" 181 60 955 955 375 338 246 955 955 955 955 354 955 187 955 955 955 168 166 166
"101" 874 887 270 275 262 255 242 955 955 955 955 314 352 188 955 955 328 168 166 165
"102" 955 90 719 955 468 274 287 955 955 955 955 955 955 182 955 955 955 164 163 162
"103" 176 161 191 595 267 258 224 955 955 955 955 195 955 185 955 955 955 166 164 164
"104" 706 53 881 920 312 303 267 955 955 955 955 955 955 182 955 955 955 164 164 164
"105" 243 69 220 243 242 215 215 955 955 955 955 955 955 183 955 955 955 162 161 161
"106" 274 268 271 288 320 311 288 955 955 955 955 955 955 180 955 955 955 164 163 163
"107" 89 45 93 955 98 276 260 955 955 955 955 955 955 190 955 955 955 166 165 164
"108" 58 48 955 955 346 307 232 955 955 955 955 338 955 189 955 955 955 167 165 165
"109" 603 604 602 955 374 335 279 955 955 955 955 955 955 187 955 955 955 167 166 165
"110" 471 77 630 327 230 228 155 955 955 955 955 199 955 183 955 955 354 165 163 163
"111" 497 597 588 596 347 318 252 955 955 955 955 955 955 184 955 955 955 165 164 163
"112" 376 370 371 370 297 296 263 955 955 955 955 320 955 182 955 955 955 165 164 163
"113" 591 234 237 776 688 268 240 955 955 955 192 193 955 181 955 955 201 164 164 163
"114" 955 567 593 955 955 308 247 955 955 955 955 955 955 192 955 955 955 167 164 163
"115" 43 44 155 155 122 109 117 955 955 955 955 322 955 189 955 955 955 163 163 162
"116" 189 122 145 156 154 180 229 955 955 955 955 196 955 181 955 955 201 164 164 164
"117" 124 75 94 110 113 132 224 955 955 955 955 296 336 190 955 955 329 169 167 165
"118" 102 87 124 135 136 311 271 955 955 955 955 955 955 184 955 955 955 165 164 163
"119" 955 310 314 289 227 222 217 955 955 955 955 315 955 195 955 955 358 169 167 166
"120" 266 153 651 659 284 271 237 955 955 955 955 955 955 195 955 955 955 168 166 166
"121" 166 67 116 131 124 127 246 955 955 955 955 348 955 190 955 955 955 166 165 165
"122" 953 236 327 341 310 146 121 955 955 955 955 955 955 182 955 955 198 161 161 161
"123" 96 59 93 109 113 121 251 955 955 955 955 955 955 189 955 955 955 168 166 166
"124" 399 68 400 424 429 329 259 955 955 955 955 955 955 179 955 955 955 161 161 161
"125" 955 955 955 955 335 272 243 955 955 955 955 955 955 188 955 955 955 168 166 166
"126" 66 42 91 103 113 122 135 955 955 955 955 200 955 181 955 955 955 164 164 164
"127" 955 105 199 548 365 316 285 955 955 955 955 955 955 187 955 955 955 163 162 162
"128" 50 49 252 254 311 252 249 955 955 955 955 955 955 185 955 955 955 164 163 163
"129" 463 470 469 482 342 264 228 955 955 955 955 196 955 180 955 955 955 165 164 164
"130" 737 107 345 360 344 321 273 955 955 955 955 955 955 189 955 955 955 169 168 167
"131" 258 82 264 283 273 272 247 955 955 955 955 195 955 182 955 955 955 164 163 162
"132" 104 85 670 689 343 344 228 955 955 955 187 197 955 180 955 955 200 162 161 161
"133" 78 66 83 86 115 113 135 955 955 955 955 203 955 190 955 955 955 167 167 166
"134" 380 383 428 439 363 334 271 955 955 955 955 198 955 180 955 955 955 164 163 163
"135" 174 114 142 150 152 205 208 955 955 955 955 955 955 178 188 196 194 163 162 161
"136" 955 955 358 955 242 254 225 955 955 955 955 198 955 177 955 955 955 162 162 161
"137" 200 804 417 405 253 243 211 955 955 955 955 955 955 187 955 955 955 166 165 165
"138" 151 110 138 391 366 342 298 955 955 955 955 955 955 182 955 955 955 164 163 163
"139" 703 712 955 955 349 299 247 955 955 955 955 341 955 187 955 955 955 167 165 165
"140" 117 112 128 137 135 135 212 955 955 955 197 194 955 182 955 955 955 166 164 164
"141" 266 62 75 76 72 77 77 955 955 955 955 200 955 183 955 955 955 165 163 162
"142" 955 955 955 955 955 285 271 108 955 955 183 187 955 181 955 955 201 158 158 157
"143" 451 444 426 955 377 292 270 955 955 955 955 955 955 186 955 955 351 165 164 164
"144" 147 126 152 162 158 199 249 955 955 955 190 195 955 187 955 955 201 165 164 164
"145" 955 782 322 340 312 286 245 955 955 955 955 197 955 177 955 955 955 163 162 161
"146" 101 55 85 320 303 304 276 955 955 955 193 188 955 177 955 955 199 165 163 163
"147" 180 649 842 850 320 277 248 955 955 955 955 200 955 183 955 955 955 166 164 164
"148" 150 57 135 340 305 146 133 955 955 955 955 199 955 183 955 955 955 162 163 162
"149" 195 41 955 955 195 318 246 955 955 955 955 354 955 182 955 955 955 164 164 163
"150" 431 450 442 479 368 329 276 955 955 955 955 955 955 191 955 955 955 166 165 164
"151" 394 73 146 955 299 270 248 955 955 955 203 199 955 183 955 955 955 164 162 162
"152" 493 469 463 481 508 471 270 955 955 955 955 955 955 177 955 955 955 165 164 164
"153" 104 62 94 113 118 133 246 955 955 955 955 261 955 180 955 955 356 163 162 162
"154" 532 434 384 405 277 247 229 955 955 955 955 191 955 180 955 955 345 165 163 163
"155" 110 120 233 266 259 155 154 955 955 955 955 955 955 184 955 955 955 165 164 163
"156" 119 87 103 113 104 104 132 955 955 955 955 955 955 184 955 955 955 164 163 162
"157" 234 232 237 239 241 242 239 955 955 955 955 200 955 178 955 955 955 160 160 160
"158" 512 512 506 955 286 274 249 955 955 955 955 353 955 176 955 955 955 163 162 162
"159" 98 87 345 373 336 321 286 955 955 955 955 356 955 185 955 955 352 166 165 164
"160" 743 105 126 330 272 299 264 955 955 955 955 194 955 176 955 955 955 160 160 160
"161" 640 111 955 955 297 290 251 955 955 955 955 192 955 175 955 955 351 162 161 161
"162" 699 724 955 955 824 295 256 955 955 955 955 955 955 184 955 955 955 164 163 163
"163" 812 955 955 955 289 255 241 955 955 955 955 206 955 183 955 955 955 164 163 162
"164" 723 52 955 955 304 298 228 955 955 955 198 197 955 184 955 955 955 160 161 161
"165" 58 43 57 68 80 261 261 955 955 955 955 955 955 184 955 955 955 166 164 164
"166" 626 178 620 533 333 289 254 955 955 955 955 955 955 181 955 955 955 165 164 163
"167" 651 661 672 716 349 292 248 955 955 955 955 202 955 183 955 955 955 163 163 163
"168" 229 249 251 955 248 279 229 955 955 955 955 955 955 189 955 955 955 165 165 164
"169" 239 55 221 240 240 242 238 955 955 955 955 955 955 182 955 955 955 166 164 164
"170" 955 99 130 143 782 298 294 955 955 955 955 955 955 182 955 955 955 168 166 165
"171" 591 955 955 955 439 384 288 955 955 955 955 955 955 182 955 955 955 162 161 161
"172" 183 75 142 215 225 146 147 955 955 955 955 955 955 191 955 955 955 167 165 165
"173" 746 113 642 648 539 328 264 955 955 955 955 955 955 186 955 955 955 165 163 163
"174" 312 308 313 312 311 316 252 955 955 955 955 955 955 186 955 955 955 163 163 162
"175" 951 239 229 246 240 239 237 955 955 955 955 955 955 178 955 955 955 166 164 164
"176" 432 437 466 477 327 287 232 955 955 955 196 197 955 176 955 955 955 158 158 159
"177" 187 75 208 217 229 226 224 955 955 955 955 955 955 188 955 955 955 163 163 163
"178" 466 955 344 356 322 318 258 955 955 955 955 338 955 185 955 955 340 168 167 166
"179" 553 648 598 955 370 356 266 955 955 955 955 195 955 183 955 955 955 165 164 163
"180" 774 74 833 900 298 242 240 955 955 955 955 319 955 187 955 955 345 166 165 164
"181" 148 89 116 111 112 122 133 955 955 955 196 192 955 176 955 955 955 164 163 163
"182" 836 248 252 256 236 251 225 955 955 955 955 198 955 181 955 955 955 162 162 162
"183" 328 147 683 955 340 304 289 955 955 955 193 195 955 189 955 955 955 162 163 162
"184" 451 62 464 472 339 302 242 955 955 955 955 309 955 189 955 955 955 165 164 164
"185" 174 49 362 566 405 325 248 955 955 955 955 349 955 183 955 955 955 162 161 161
"186" 158 106 128 159 157 155 244 955 955 955 193 184 955 177 955 955 354 164 163 163
"187" 614 111 152 606 370 154 275 955 955 955 190 196 955 183 955 955 955 163 162 162
"188" 336 323 327 355 331 268 263 955 955 955 201 193 955 177 955 955 955 163 161 161
"189" 167 168 205 226 254 238 224 955 955 955 955 955 955 183 955 955 955 161 161 161
"190" 452 447 381 460 365 313 253 955 955 955 955 199 955 179 955 955 955 164 162 162
"191" 227 381 324 290 210 210 201 955 955 955 955 196 955 178 955 955 955 160 160 160
"192" 214 955 955 955 269 264 246 955 955 955 955 343 955 185 955 955 955 166 165 165
"193" 188 202 207 251 251 253 244 955 955 955 955 350 955 180 955 955 955 159 159 159
"194" 49 42 51 58 59 65 111 955 955 955 955 955 955 186 955 955 955 167 165 164
"195" 281 50 267 282 283 283 272 955 955 955 196 199 955 173 955 955 955 159 159 159
"196" 170 120 166 192 272 234 226 955 955 955 955 199 955 178 955 955 955 164 163 163
"197" 139 224 221 955 242 225 225 955 955 955 955 349 955 189 955 955 955 167 167 166
"198" 392 263 254 276 266 264 253 955 955 955 955 192 955 176 955 955 955 164 163 163
"199" 955 955 955 955 305 289 262 955 955 955 955 955 955 188 955 955 955 168 166 165
"200" 209 212 230 419 337 232 219 955 955 955 202 196 955 177 955 955 955 164 161 161
"201" 453 71 492 809 445 338 301 955 955 955 955 955 955 184 955 955 955 164 163 163
"202" 637 645 656 955 281 262 251 955 955 955 955 955 955 183 955 955 955 167 164 164
"203" 342 84 318 335 330 327 235 955 955 955 955 199 955 186 955 955 955 166 164 163
"204" 136 77 104 143 139 144 314 955 955 955 955 206 955 185 955 955 351 166 165 164
"205" 819 922 380 425 385 330 268 955 955 955 955 955 955 184 955 955 955 166 165 164
"206" 106 74 100 148 148 296 244 955 955 955 955 201 955 184 955 955 955 168 167 166
"207" 93 78 99 830 309 304 272 955 955 955 955 356 955 183 955 955 955 167 164 164
"208" 259 145 253 263 255 254 243 955 955 955 955 355 955 183 955 955 955 165 164 163
"209" 97 523 351 955 321 286 261 955 955 955 955 201 955 183 955 955 955 164 164 164
"210" 409 404 397 384 306 289 264 955 955 955 196 197 955 180 955 955 955 165 165 164
"211" 353 356 357 367 321 262 247 955 955 955 201 196 955 178 955 955 955 163 162 162
"212" 121 59 118 124 73 116 128 955 955 955 955 955 955 186 955 955 955 163 162 162
"213" 616 637 346 344 149 272 252 955 955 955 955 195 955 184 955 955 955 166 165 165
"214" 624 46 101 105 122 283 249 955 955 955 955 955 955 189 955 955 955 167 166 165
"215" 315 397 404 784 278 276 252 955 955 955 190 186 202 178 955 955 202 164 162 162
"216" 955 955 362 351 286 285 252 955 955 955 955 955 955 192 955 955 955 167 167 166
"217" 486 91 252 265 259 254 231 955 955 955 955 955 955 184 955 955 955 164 163 162
"218" 60 47 66 75 75 89 112 955 955 955 955 955 955 192 955 955 955 165 164 164
"219" 60 47 61 65 79 87 261 955 955 955 955 955 955 185 955 955 955 165 163 163
"220" 955 159 234 246 237 231 231 955 955 955 190 198 955 181 955 955 955 162 161 161
"221" 449 446 417 432 395 335 277 955 955 955 955 198 955 185 955 955 955 159 160 160
"222" 59 53 65 75 79 131 221 955 955 955 201 201 342 182 955 955 955 162 162 162
"223" 280 98 132 133 126 159 173 955 955 955 955 955 955 183 955 955 955 165 164 164
"224" 142 50 337 955 291 269 244 955 955 955 955 201 955 184 955 955 955 167 165 164
"225" 281 68 955 955 275 275 264 955 955 955 955 345 955 183 955 955 356 168 166 165
"226" 497 519 463 484 422 343 275 955 955 955 955 195 955 182 955 955 955 165 164 164
"227" 410 65 81 397 403 361 297 955 955 955 955 955 955 184 955 955 955 164 163 163
"228" 867 52 71 77 81 219 218 955 955 955 955 350 955 181 955 955 955 164 163 163
"229" 461 472 223 278 245 244 216 955 955 955 955 955 955 183 955 955 955 167 165 164
"230" 368 389 346 362 292 293 239 955 955 955 955 955 955 183 955 955 955 167 165 164
"231" 197 51 240 250 243 245 231 955 955 955 955 202 955 182 955 955 198 162 161 161
"232" 80 87 117 136 138 135 140 955 955 955 955 955 955 185 955 955 955 164 163 163
"233" 745 75 121 134 137 133 143 955 955 955 955 197 955 181 955 955 955 163 162 162
"234" 55 49 105 123 131 142 231 955 955 955 955 194 955 182 955 955 955 167 166 166
"235" 304 289 286 293 295 279 248 955 955 955 955 342 955 189 955 955 345 168 167 166
"236" 335 104 324 313 271 259 250 955 955 955 955 200 955 178 955 955 955 162 161 161
"237" 98 60 79 94 100 297 260 955 955 955 955 317 955 179 955 955 199 162 162 162
"238" 69 68 110 155 157 179 190 155 955 955 198 955 955 178 955 955 202 159 159 160
"239" 185 96 117 124 275 265 262 955 955 955 955 201 955 186 955 955 955 163 163 162
"240" 104 365 332 323 303 284 219 955 955 955 955 955 955 180 955 955 955 164 163 162
"241" 694 64 881 912 352 280 252 955 955 955 955 193 955 181 955 955 955 164 163 163
"242" 418 955 357 955 324 277 239 955 955 955 955 344 955 182 955 955 351 166 164 164
"243" 675 66 955 955 348 279 245 955 955 955 955 955 955 189 955 955 955 166 165 165
"244" 531 543 545 552 317 313 238 955 955 955 955 199 349 182 955 955 327 168 165 165
"245" 155 57 955 955 353 318 218 955 955 955 955 342 955 188 955 955 955 166 165 165
"246" 955 69 417 407 333 314 247 955 955 955 955 202 955 186 955 955 955 165 165 164
"247" 152 146 180 188 324 300 263 955 955 955 197 198 955 179 955 955 955 162 163 163
"248" 468 486 508 955 367 328 266 955 955 955 955 955 955 189 955 955 955 169 167 167
"249" 76 62 75 955 336 325 266 955 955 955 955 201 955 179 955 955 955 164 163 163
"250" 70 62 86 128 163 185 217 955 955 955 197 195 955 185 955 955 955 167 166 165
"251" 318 323 330 331 324 330 240 955 955 955 955 197 955 179 955 955 955 163 162 162
"252" 615 615 538 691 353 303 251 955 955 955 955 201 955 183 955 955 955 166 165 164
"253" 817 824 955 955 314 282 253 955 955 955 955 955 955 181 955 955 955 165 164 163
"254" 237 242 955 955 351 276 248 955 955 955 955 196 955 181 955 955 955 165 164 163
"255" 88 62 264 285 278 268 249 955 955 955 955 348 955 184 955 955 348 165 164 163
"256" 119 86 163 194 246 118 122 955 955 955 955 955 955 185 955 955 955 171 169 168
"257" 151 115 144 144 150 244 230 955 955 955 196 193 955 181 955 955 955 164 163 163
"258" 353 399 354 470 321 320 249 955 955 955 955 955 955 189 955 955 955 164 164 163
"259" 509 941 955 955 955 345 305 955 955 955 955 955 955 182 955 955 955 165 163 163
"260" 317 331 955 329 325 307 244 955 955 955 955 202 955 181 955 955 338 164 163 163
"261" 178 167 425 955 299 287 248 955 955 955 200 195 955 182 955 955 955 167 165 164
"262" 134 135 440 667 448 336 290 955 955 955 955 204 955 182 955 955 955 164 163 163
"263" 591 588 345 955 324 251 235 955 955 955 186 187 203 179 955 955 955 163 163 162
"264" 802 477 328 341 323 318 251 955 955 955 955 955 955 180 955 955 955 163 163 162
"265" 335 841 872 882 360 266 261 955 955 955 955 955 955 184 955 955 955 166 164 163
"266" 356 77 261 260 246 253 219 955 955 955 955 955 955 180 955 955 955 163 162 161
"267" 406 684 401 332 270 253 244 955 955 955 955 310 346 193 955 955 358 169 168 167
"268" 145 828 347 299 249 247 224 955 955 955 199 196 955 183 955 955 955 162 162 162
"269" 407 55 955 955 385 331 267 955 955 955 955 337 356 191 955 955 955 167 167 166
"270" 75 48 85 375 341 315 272 955 955 955 955 955 955 190 955 955 955 165 164 164
"271" 395 955 358 955 316 314 244 955 955 955 955 955 955 189 955 955 955 166 165 165
"272" 567 551 263 299 290 289 244 955 955 955 955 346 955 193 955 955 342 168 167 167
"273" 609 605 614 646 381 352 209 955 955 955 955 955 955 188 955 955 955 167 164 163
"274" 189 170 203 208 203 198 213 955 955 955 955 955 955 182 955 955 955 164 163 162
"275" 183 955 354 376 339 323 237 955 955 955 197 190 955 180 955 955 336 163 163 163
"276" 119 123 375 955 353 327 217 955 955 955 955 955 955 186 955 955 955 165 165 165
"277" 186 161 215 273 269 238 218 955 955 955 955 955 955 187 197 955 197 161 160 160
"278" 77 81 264 345 330 308 259 955 955 955 955 955 955 188 955 955 955 166 165 165
"279" 727 151 342 684 307 272 251 955 955 955 955 201 955 179 955 955 955 162 162 162
"280" 221 73 221 230 233 233 225 955 955 955 955 200 955 179 955 955 955 166 165 164
"281" 322 106 637 625 581 363 306 955 955 955 955 955 955 182 955 955 955 165 164 163
"282" 342 91 955 955 119 123 264 955 955 955 198 189 955 181 955 955 955 162 162 162
"283" 75 65 81 107 114 269 249 955 955 955 955 195 955 182 955 955 355 167 166 164
"284" 111 712 727 721 334 292 260 955 955 955 199 955 955 185 955 955 955 159 160 160
"285" 79 60 86 732 368 307 283 955 955 955 955 955 955 183 955 955 955 167 166 166
"286" 119 58 113 120 122 123 120 955 955 955 955 955 955 184 955 955 955 165 164 163
"287" 117 95 127 170 188 227 221 955 955 955 184 188 200 178 197 200 192 161 161 161
"288" 320 317 278 272 257 242 236 955 955 955 955 955 955 190 955 955 955 167 166 165
"289" 118 111 389 398 347 312 267 955 955 955 955 955 955 182 955 955 955 164 164 163
"290" 636 63 322 329 298 269 268 955 955 955 955 955 955 186 955 955 955 165 164 164
"291" 281 285 287 290 247 242 228 955 955 955 199 188 356 180 955 955 345 165 164 164
"292" 261 231 231 245 238 240 221 955 955 955 955 190 955 180 955 955 355 166 165 164
"293" 119 57 69 109 113 115 136 955 955 955 955 331 955 191 955 955 955 170 169 167
"294" 905 77 118 346 294 285 239 955 955 955 955 201 955 187 955 955 955 166 164 164
"295" 290 107 230 507 237 227 222 955 955 955 191 186 955 180 955 955 955 163 163 162
"296" 345 475 457 473 342 286 229 955 955 955 955 340 955 177 955 955 955 166 165 164
"297" 815 822 825 876 327 260 226 955 955 955 955 195 955 180 955 955 347 164 164 164
"298" 351 71 130 139 123 126 147 955 955 955 955 955 955 188 955 955 955 165 164 163
"299" 254 63 325 258 238 253 234 955 955 955 955 955 955 182 955 955 955 164 164 163
"300" 101 116 256 260 245 242 212 955 955 955 955 955 955 189 955 955 339 166 166 165
"301" 331 84 352 368 352 350 258 955 955 955 955 184 955 178 955 955 955 163 163 163
"302" 276 180 238 254 239 237 229 955 955 955 955 355 955 185 955 955 955 167 165 164
"303" 295 316 353 329 283 271 241 955 955 955 955 355 955 184 955 955 955 163 162 162
"304" 136 82 126 146 145 162 184 955 955 955 955 955 955 181 955 955 955 166 165 164
"305" 66 53 69 304 255 257 243 955 955 955 955 200 955 182 955 955 955 166 164 164
"306" 93 86 166 173 341 354 253 955 955 955 955 955 955 188 955 955 955 166 165 165
"307" 195 71 279 322 320 310 261 955 955 955 955 955 955 182 955 955 955 164 164 163
"308" 240 240 241 265 255 252 242 955 955 955 955 955 955 185 955 955 955 167 165 164
"309" 637 955 955 955 299 294 257 955 955 955 955 197 955 178 955 955 198 162 163 162
"310" 235 577 581 587 372 301 268 955 955 955 955 955 955 182 955 955 955 161 160 159
"311" 281 494 271 534 303 288 268 955 955 955 955 337 955 186 955 955 955 166 165 165
"312" 910 911 935 955 352 341 290 955 955 955 955 955 955 186 955 955 955 163 163 163
"313" 89 66 86 98 341 319 282 955 955 955 955 955 955 184 955 955 955 167 165 165
"314" 357 106 446 518 352 323 266 955 955 955 955 336 955 179 955 955 955 164 164 163
"315" 279 278 277 294 279 262 260 955 955 955 955 955 955 182 955 955 955 163 162 162
"316" 880 60 955 955 354 319 269 955 955 955 955 200 955 185 955 955 955 166 164 163
"317" 519 955 635 955 364 312 244 955 955 955 955 205 955 184 955 955 955 164 162 162
"318" 339 58 361 392 357 336 231 955 955 955 955 955 955 193 955 955 955 165 164 164
"319" 493 97 643 955 381 329 297 955 955 955 955 199 955 187 955 955 955 167 165 164
"320" 594 343 326 344 114 105 108 955 955 955 194 196 955 176 955 955 199 161 159 159
"321" 169 140 168 188 192 310 245 955 955 955 200 195 955 184 955 955 955 164 164 164
"322" 273 681 955 869 581 541 309 955 955 955 955 955 955 183 955 955 955 167 165 164
"323" 104 54 81 89 93 100 120 955 955 955 955 955 955 184 955 955 955 166 164 164
"324" 96 58 81 101 103 124 237 955 955 955 955 955 955 180 955 955 955 165 164 163
"325" 133 82 131 135 323 308 278 955 955 955 955 955 955 190 955 955 955 165 164 164
"326" 182 830 831 857 340 281 225 955 955 955 955 199 349 182 955 955 955 163 163 163
"327" 955 955 955 955 273 252 219 955 955 955 955 193 955 178 955 955 955 164 163 163
"328" 94 56 94 97 99 99 114 955 955 955 195 199 955 185 955 955 955 165 164 163
"329" 90 74 99 102 114 114 259 955 955 955 955 201 955 181 955 955 955 163 163 162
"330" 107 103 125 166 265 276 271 955 955 955 955 955 955 182 955 955 955 164 163 163
"331" 106 94 202 289 276 264 218 955 955 955 955 197 955 186 955 955 955 165 165 164
"332" 264 50 348 353 301 327 264 955 955 955 955 955 955 193 955 955 955 172 169 168
"333" 169 74 134 146 142 153 253 955 955 955 955 955 955 183 955 955 955 166 164 164
"334" 58 50 91 232 256 255 254 955 955 955 955 955 955 183 955 955 955 165 164 164
"335" 362 66 353 336 273 222 205 955 955 955 955 353 955 186 955 955 955 166 166 165
"336" 303 287 271 279 272 264 239 955 955 955 955 955 955 183 955 955 955 165 165 164
"337" 737 343 298 301 281 279 246 955 955 955 955 198 955 183 955 955 955 164 164 163
"338" 463 471 454 477 269 263 248 955 955 955 955 199 955 182 955 955 351 164 163 162
"339" 313 330 253 296 252 234 233 955 955 955 955 955 955 184 955 955 955 161 161 162
"340" 109 123 636 684 356 303 229 955 955 955 955 200 955 182 955 955 955 162 163 162
"341" 69 56 233 244 237 235 220 955 955 955 183 183 198 179 955 955 195 161 161 161
"342" 262 267 267 329 240 216 197 955 955 955 955 194 955 182 955 955 955 165 164 163
"343" 150 34 130 171 159 169 262 955 955 955 955 201 955 181 955 955 955 162 161 161
"344" 121 790 222 955 298 222 223 955 955 955 955 955 955 183 955 955 955 166 165 165
"345" 60 49 66 82 72 80 88 955 955 955 955 193 955 178 955 955 955 167 166 165
"346" 33 31 44 53 56 64 92 955 955 955 955 955 955 190 955 955 955 164 163 162
"347" 95 88 109 116 110 110 192 955 955 955 955 199 955 185 955 955 955 165 163 163
"348" 67 77 788 955 318 302 281 955 955 955 955 200 955 183 955 955 220 163 163 163
"349" 366 63 127 955 322 316 251 955 955 955 955 955 955 187 955 955 955 164 163 163
"350" 841 75 517 524 319 315 247 955 955 955 196 197 955 184 955 955 955 167 165 164
"351" 296 66 287 299 299 287 274 955 955 955 955 955 955 185 955 955 357 167 165 164
"352" 339 367 350 372 318 298 272 955 955 955 955 200 955 181 955 955 955 164 162 162
"353" 375 356 293 294 256 253 155 955 955 955 201 187 201 170 955 955 955 160 157 157
"354" 122 101 867 844 332 288 284 955 955 955 201 955 955 186 955 955 348 166 164 164
"355" 805 955 215 955 342 248 234 955 955 955 955 194 955 180 955 955 955 164 163 163
"356" 412 85 407 955 326 266 244 955 955 955 955 204 955 186 955 955 955 166 166 166
"357" 326 347 350 955 355 328 288 955 955 955 955 199 955 180 955 955 955 160 161 161
"358" 47 36 58 473 309 269 231 955 955 955 955 199 955 183 955 955 359 165 164 164
"359" 305 304 311 304 303 302 303 955 955 955 955 200 955 178 955 955 955 164 163 163
"360" 137 75 142 186 188 183 184 955 955 955 955 955 955 184 955 955 955 168 165 165
"361" 187 51 955 955 449 349 306 955 955 955 955 955 955 185 955 955 955 164 164 163
"362" 211 46 293 300 306 318 233 955 955 955 955 955 955 186 955 955 955 164 164 163
"363" 267 273 259 265 250 250 234 955 955 955 955 197 955 180 955 955 955 161 160 160
"364" 100 79 139 239 229 231 238 955 955 955 955 198 955 180 955 955 955 163 163 163
"365" 665 45 955 955 869 354 278 955 955 955 955 955 955 183 955 955 955 164 163 163
"366" 98 90 155 955 955 290 254 955 955 955 200 204 955 186 955 955 955 164 162 162
"367" 148 67 171 185 188 153 143 955 955 955 200 201 955 183 955 955 955 162 161 161
"368" 357 305 314 326 303 286 276 955 955 955 955 955 955 186 955 955 955 165 164 164
"369" 546 564 569 595 583 348 322 955 955 955 955 192 955 181 955 955 201 163 163 162
"370" 169 92 129 145 180 198 225 955 955 955 955 332 955 182 955 955 358 163 163 162
"371" 955 955 955 955 356 276 252 955 955 955 194 190 955 179 955 955 955 161 161 160
"372" 60 58 84 94 98 118 142 955 955 955 955 955 955 184 955 955 955 164 164 164
"373" 453 443 437 449 279 278 259 955 955 955 955 955 955 184 955 955 955 166 164 163
"374" 85 64 86 93 90 101 103 955 955 955 198 199 955 184 955 955 955 160 160 160
"375" 206 751 327 336 335 284 252 955 955 955 955 955 955 184 955 955 955 164 164 164
"376" 206 230 237 261 243 240 232 955 955 955 955 354 955 182 955 955 955 165 164 164
"377" 342 510 521 537 252 233 223 955 955 955 955 334 955 184 955 955 955 165 163 163
"378" 138 90 145 730 314 179 259 955 955 955 195 199 955 181 955 955 955 163 163 163
"379" 47 37 145 151 148 177 197 955 955 955 955 955 955 185 955 955 955 166 165 164
"380" 85 61 86 122 137 123 119 955 955 955 955 201 955 185 955 955 955 167 165 165
"381" 233 92 522 574 211 219 212 955 955 955 189 190 955 180 955 955 197 160 160 161
"382" 758 523 528 534 329 311 259 955 955 955 955 315 955 185 955 955 350 164 164 163
"383" 955 955 320 307 276 268 252 955 955 955 955 194 955 184 955 955 955 163 163 163
"384" 116 108 397 403 399 339 270 955 955 955 955 196 955 181 955 955 955 163 163 163
"385" 188 91 228 238 235 231 235 955 955 955 955 201 955 183 955 955 955 164 163 162
"386" 955 745 323 389 329 308 256 955 955 955 201 191 955 184 955 955 341 165 165 164
"387" 212 955 231 230 229 223 218 955 955 955 955 955 955 186 955 955 955 165 164 164
"388" 335 108 349 466 375 317 287 955 955 955 955 955 955 192 955 955 955 165 164 163
"389" 955 955 955 955 327 296 244 955 955 955 955 353 955 185 955 955 955 165 164 163
"390" 860 876 955 955 300 295 250 955 955 955 955 341 955 182 955 955 350 164 164 163
"391" 84 66 82 90 98 126 256 955 955 955 955 343 955 183 955 955 955 166 164 164
"392" 316 320 303 325 305 281 262 955 955 955 955 955 955 183 955 955 955 165 164 163
"393" 693 700 724 673 279 264 252 955 955 955 955 200 955 184 955 955 955 164 163 164
"394" 144 65 82 91 443 242 242 955 955 955 955 202 955 182 955 955 202 164 163 163
"395" 47 47 61 72 84 87 143 955 955 955 955 200 955 184 955 955 955 166 164 164
"396" 273 230 224 232 233 232 231 955 955 955 955 955 955 182 955 955 955 167 165 165
"397" 600 580 556 585 332 262 240 955 955 955 955 194 955 177 955 955 955 161 161 161
"398" 107 103 125 132 131 137 261 955 955 955 955 955 955 194 955 955 955 167 166 165
"399" 96 955 955 955 354 283 256 955 955 955 955 955 955 184 955 955 955 164 163 162
"400" 304 229 235 252 258 236 226 955 955 955 955 955 955 178 955 955 955 167 166 165
"401" 115 415 439 445 322 308 281 955 955 955 955 955 955 192 955 955 955 165 164 164
"402" 791 70 955 955 371 290 257 955 955 955 955 955 955 186 955 955 955 165 165 165
"403" 955 141 378 955 332 300 264 955 955 955 955 955 955 192 955 955 955 166 165 165
"404" 186 376 382 252 244 243 233 955 955 955 955 195 955 179 955 955 955 162 162 161
"405" 90 94 428 955 241 231 209 955 955 955 955 197 955 182 955 955 955 166 164 164
"406" 431 434 447 447 436 310 284 955 955 955 183 190 955 175 955 955 216 162 161 161
"407" 223 76 241 253 245 239 237 955 955 955 955 195 955 178 955 955 955 164 164 164
"408" 185 61 190 356 308 294 250 955 955 955 955 195 955 184 955 955 955 166 165 164
"409" 156 70 107 125 125 147 198 955 955 955 955 955 955 181 955 955 955 162 163 162
"410" 615 650 955 955 273 272 243 955 955 955 955 200 955 185 955 955 353 165 164 164
"411" 99 75 95 105 115 123 132 955 955 955 203 339 955 186 955 955 955 166 165 164
"412" 73 46 76 127 257 243 237 955 955 955 955 201 955 184 955 955 955 165 164 163
"413" 81 75 93 103 98 110 108 955 955 955 955 955 955 184 955 955 204 162 161 161
"414" 520 170 955 955 469 268 243 955 955 955 955 955 955 191 955 955 955 167 164 163
"415" 707 710 477 955 326 282 262 955 955 955 193 198 955 181 955 955 200 162 162 162
"416" 955 955 453 430 289 243 223 955 955 955 955 336 955 188 955 955 955 164 163 162
"417" 262 81 97 264 120 258 239 955 955 955 955 355 955 187 955 955 955 169 166 166
"418" 194 188 227 235 268 234 229 955 955 955 197 193 955 185 955 955 955 164 163 163
"419" 741 560 359 363 317 286 277 955 955 955 955 955 955 178 955 955 955 161 161 161
"420" 955 47 368 955 350 333 293 955 955 955 955 198 955 178 955 955 955 162 162 161
"421" 58 58 364 354 300 298 273 955 955 955 955 193 200 180 955 955 955 164 163 163
"422" 853 852 955 955 215 287 200 955 955 955 955 198 349 186 955 955 327 167 166 165
"423" 475 644 692 722 399 337 283 955 955 955 955 202 955 186 955 955 955 167 165 164
"424" 408 369 367 381 374 299 268 955 955 955 955 196 955 178 955 955 955 163 162 162
"425" 82 91 414 130 114 127 266 955 955 955 955 185 200 178 955 955 955 161 161 161
"426" 182 85 250 550 293 267 244 955 955 955 190 191 955 183 955 955 955 162 162 161
"427" 955 955 955 955 341 317 288 955 955 955 955 193 955 184 955 955 955 165 164 164
"428" 270 147 181 259 251 246 224 955 955 955 198 195 955 186 955 955 955 164 163 163
"429" 155 872 868 905 276 331 250 955 955 955 955 955 955 185 955 955 955 166 165 164
"430" 497 196 633 955 359 311 281 955 955 955 955 955 955 192 955 955 955 166 164 164
"431" 671 382 290 309 292 267 244 955 955 955 955 955 955 183 955 955 955 166 164 164
"432" 241 955 470 475 254 219 202 205 955 955 193 193 348 181 955 955 199 163 163 162
"433" 118 110 672 680 351 299 257 955 955 955 955 955 955 187 955 955 955 166 165 164
"434" 66 48 78 80 80 80 241 955 955 955 955 189 955 179 955 955 329 164 163 163
"435" 264 183 272 284 276 279 239 955 955 955 197 201 955 184 955 955 955 163 161 161
"436" 104 106 155 181 189 180 197 955 955 955 955 201 955 181 955 955 955 164 163 163
"437" 955 374 329 346 316 284 269 955 955 955 955 955 955 183 955 955 955 164 163 163
"438" 171 80 97 126 122 129 149 955 955 955 955 325 351 185 955 955 355 167 166 165
"439" 143 51 76 74 75 103 116 955 955 955 196 195 955 183 955 955 200 163 162 162
"440" 72 48 59 70 77 101 107 955 955 955 201 190 955 185 955 955 955 169 167 166
"441" 48 50 88 84 88 108 120 955 955 955 955 353 955 182 955 955 955 165 164 163
"442" 85 58 81 121 263 215 208 955 955 955 955 344 955 190 955 955 955 164 164 163
"443" 293 46 317 317 282 272 232 955 955 955 955 955 955 180 955 955 955 164 163 163
"444" 299 52 328 955 274 228 226 955 955 955 955 193 955 176 955 955 955 163 162 162
"445" 442 459 470 476 360 265 251 955 955 955 955 955 955 187 955 955 955 165 164 164
"446" 83 56 78 82 77 79 109 955 955 955 955 331 351 192 955 955 349 169 166 165
"447" 868 813 324 312 266 268 239 955 955 955 955 336 955 190 955 955 354 168 166 165
"448" 83 221 228 232 236 239 236 955 955 955 955 955 955 181 955 955 955 166 163 163
"449" 54 52 68 71 141 170 285 955 955 955 199 955 955 186 955 955 955 163 162 162
"450" 319 327 325 327 319 313 283 955 955 955 955 955 955 187 955 955 955 167 165 165
"451" 766 184 241 234 207 207 196 955 955 955 955 196 955 178 955 955 955 163 162 162
"452" 207 126 207 212 214 215 212 955 955 955 202 200 955 185 955 955 955 166 164 163
"453" 126 112 630 955 362 244 247 955 955 955 955 199 955 179 955 955 955 163 162 161
"454" 576 182 582 589 324 268 237 955 955 955 955 213 955 181 955 955 210 163 162 162
"455" 221 91 121 345 270 252 221 955 955 955 955 352 955 184 955 955 955 166 165 165
"456" 301 188 259 264 265 256 242 955 955 955 955 955 955 187 955 955 955 166 165 164
"457" 219 220 223 288 290 290 253 955 955 955 198 181 201 175 955 955 955 160 160 160
"458" 69 71 410 955 342 319 280 955 955 955 955 198 955 180 955 955 955 162 161 161
"459" 143 94 955 955 955 955 342 955 955 955 201 196 955 186 955 955 955 166 164 163
"460" 262 182 209 235 258 251 251 955 955 955 955 955 955 185 955 955 955 165 164 163
"461" 413 89 183 293 271 271 231 955 955 955 955 196 955 180 955 955 955 164 163 162
"462" 212 56 203 205 204 205 211 955 955 955 955 955 955 191 955 955 955 167 166 165
"463" 197 54 143 147 141 143 224 955 955 955 196 200 955 179 955 955 202 164 162 162
"464" 75 55 73 84 95 110 222 955 955 955 955 196 955 180 955 955 197 162 161 161
"465" 316 323 280 343 275 273 224 955 955 955 955 199 955 188 955 955 955 163 164 163
"466" 351 55 351 362 63 68 271 955 955 955 955 200 955 186 955 955 955 164 163 163
"467" 164 136 217 499 312 299 272 955 955 955 955 193 955 182 955 955 955 160 160 160
"468" 364 98 955 955 288 277 240 955 955 955 189 196 955 188 955 955 955 171 167 167
"469" 345 345 357 524 325 299 272 955 955 955 955 955 955 183 955 955 955 162 160 160
"470" 178 119 142 158 152 327 291 955 955 955 955 955 955 192 955 955 955 166 166 166
"471" 304 294 245 292 261 247 240 955 955 955 955 199 955 177 955 955 955 163 162 162
"472" 955 267 237 249 239 231 225 955 955 955 955 955 955 181 955 955 955 163 163 163
"473" 211 252 244 251 245 240 232 955 955 955 955 955 955 185 955 955 955 164 164 163
"474" 83 90 112 116 118 134 231 955 955 955 191 185 199 182 193 198 194 162 162 161
"475" 81 71 93 112 111 118 125 955 955 955 955 199 955 183 955 955 955 163 163 162
"476" 308 315 302 319 305 276 248 955 955 955 955 346 955 183 955 955 955 166 164 162
"477" 705 93 110 110 103 103 96 955 955 955 955 955 955 185 955 955 955 161 160 160
"478" 254 87 254 266 265 267 255 955 955 955 955 192 955 180 955 955 955 163 163 163
"479" 634 273 270 282 281 278 254 955 955 955 955 955 955 182 955 955 955 164 163 162
"480" 430 593 601 955 955 287 270 955 955 955 955 955 955 183 955 955 955 164 163 163
"481" 550 56 123 200 283 196 264 955 955 955 955 199 955 181 955 955 955 165 164 164
"482" 463 457 461 472 282 261 239 955 955 955 955 354 955 190 955 955 955 167 166 166
"483" 310 303 310 317 294 291 242 955 955 955 955 351 955 183 955 955 955 164 163 163
"484" 371 336 313 327 286 270 217 955 955 955 955 955 955 188 955 955 955 167 165 165
"485" 443 81 192 300 194 222 226 955 955 955 955 198 955 177 955 955 955 163 162 162
"486" 88 91 110 126 126 139 245 955 955 955 199 200 955 190 955 955 955 165 163 163
"487" 327 82 328 355 348 326 268 955 955 955 955 955 955 185 955 955 955 164 162 162
"488" 955 148 955 955 331 295 278 955 955 955 955 955 955 188 955 955 955 167 166 166
"489" 170 125 188 350 231 252 225 955 955 955 955 200 346 183 955 955 321 167 166 165
"490" 955 52 558 955 334 329 285 955 955 955 955 198 955 182 955 955 955 165 164 164
"491" 288 87 296 301 284 268 240 955 955 955 955 323 348 187 955 955 336 169 167 166
"492" 477 492 345 354 338 317 264 955 955 955 955 955 955 187 955 955 955 167 165 165
"493" 146 905 955 955 334 278 258 955 955 955 955 351 955 182 955 955 955 164 163 163
"494" 309 319 320 377 315 274 249 955 955 955 955 955 955 189 955 955 955 166 165 164
"495" 541 84 105 539 316 297 247 162 955 955 191 196 955 179 955 955 955 162 161 161
"496" 198 57 140 159 166 171 191 955 955 955 955 955 955 193 955 955 955 172 170 169
"497" 709 109 955 955 252 256 234 955 955 955 955 200 354 181 955 955 344 164 164 164
"498" 76 152 284 955 331 284 184 955 955 955 955 203 955 182 955 955 955 159 159 159
"499" 194 148 271 258 213 213 203 955 955 955 187 190 955 176 955 955 353 159 159 159
"500" 196 188 257 264 224 247 222 955 955 955 191 195 333 187 955 955 334 165 164 163
