"max_pca1" "max_pca2" "max_pca3" "max_pca5" "max_pca10" "max_pca20" "max_pca40" "min_pca1" "min_pca2" "min_pca3" "min_pca5" "min_pca10" "min_pca20" "min_pca40" "tpca0.8" "tpca0.9" "tpca0.95" "tpca0.99" "tpca0.995" "tpca0.999"
"1" 201 192 192 180 179 178 177 156 157 157 156 156 156 156 156 156 156 156 156 156
"2" 119 57 95 98 94 181 179 157 157 158 157 157 157 157 157 157 156 156 156 156
"3" 213 188 191 185 184 182 180 157 157 158 157 157 157 157 157 156 156 156 156 156
"4" 202 48 191 182 182 181 180 157 157 157 157 157 157 156 157 156 156 156 156 156
"5" 59 49 64 73 86 91 177 157 157 157 157 157 157 157 157 156 156 156 156 156
"6" 207 190 189 179 178 177 176 157 157 157 157 157 157 156 157 156 156 156 156 156
"7" 208 136 187 181 181 178 178 157 157 157 157 157 157 156 156 156 156 156 156 156
"8" 211 195 193 183 182 180 178 157 157 158 157 157 157 157 157 157 156 156 156 156
"9" 43 33 43 82 100 107 127 157 157 157 157 157 157 157 157 156 156 156 156 156
"10" 131 74 132 179 134 177 175 157 157 157 157 157 156 156 156 156 156 156 156 156
"11" 206 195 192 182 180 178 177 157 157 157 157 157 157 157 157 156 156 156 156 156
"12" 203 195 193 181 180 179 178 156 157 157 157 156 157 156 156 156 156 156 156 156
"13" 204 194 193 184 183 181 180 157 157 157 157 157 157 157 157 156 156 156 156 156
"14" 204 90 190 181 181 178 176 157 157 157 157 157 157 157 157 156 156 156 156 156
"15" 203 50 194 182 182 180 179 157 157 157 157 157 157 156 157 156 156 156 156 156
"16" 214 188 189 183 182 180 179 157 157 157 157 156 157 156 157 156 156 156 156 156
"17" 45 75 190 184 182 179 177 157 157 157 157 157 157 156 156 156 156 156 156 156
"18" 203 179 187 178 178 176 176 157 157 157 157 156 157 156 156 156 156 156 156 156
"19" 204 194 190 180 179 177 177 157 157 157 157 156 156 156 157 156 156 156 156 156
"20" 118 45 121 130 179 178 177 157 157 158 157 157 157 157 157 157 156 156 156 156
"21" 207 184 190 182 181 178 177 157 157 157 157 157 157 156 157 156 156 156 156 156
"22" 208 84 188 181 180 177 176 157 157 157 157 157 157 156 157 156 156 156 156 156
"23" 65 49 62 70 77 95 133 157 157 157 157 157 157 157 157 156 156 156 156 156
"24" 175 196 193 179 179 177 177 156 157 157 156 156 157 156 156 156 156 156 156 156
"25" 202 150 188 180 178 176 176 157 157 157 157 156 157 156 157 156 156 156 156 156
"26" 40 41 109 112 125 130 178 156 157 157 156 156 156 156 156 156 156 156 156 156
"27" 149 138 192 181 180 179 178 157 157 157 157 157 157 157 157 156 156 156 156 156
"28" 202 131 192 181 181 179 177 157 157 157 157 157 157 157 157 156 156 156 156 156
"29" 131 91 141 179 178 177 176 157 157 157 157 157 157 156 157 156 156 156 156 156
"30" 205 82 108 180 180 178 159 157 157 157 157 156 157 156 156 156 156 156 156 156
"31" 72 34 77 84 89 100 178 157 157 157 157 156 156 156 157 156 156 156 156 156
"32" 205 191 191 182 181 179 178 157 157 158 157 157 157 157 157 157 156 156 156 156
"33" 204 157 189 180 180 177 177 157 157 158 157 157 157 157 157 157 156 156 156 156
"34" 204 189 191 180 179 178 178 157 157 157 157 156 157 156 157 156 156 156 156 156
"35" 89 64 85 95 96 109 130 156 157 157 157 156 157 156 156 156 156 156 156 156
"36" 207 50 191 183 183 182 181 157 157 157 157 157 157 157 157 156 156 156 156 156
"37" 204 190 192 181 180 179 178 156 157 157 157 157 157 156 157 156 156 156 156 156
"38" 129 105 156 182 180 177 177 157 157 157 157 157 157 156 157 156 156 156 156 156
"39" 207 180 184 179 179 177 177 157 157 158 157 157 157 157 157 156 156 156 156 156
"40" 202 82 195 182 182 180 180 157 157 157 157 157 157 156 157 156 156 156 156 156
"41" 205 194 194 183 182 180 179 157 157 157 157 157 157 156 157 156 156 156 156 156
"42" 87 65 87 126 124 130 134 157 157 157 156 156 156 156 156 156 156 156 156 156
"43" 200 179 186 178 178 177 176 157 157 157 157 156 157 156 156 156 156 156 156 156
"44" 204 130 189 179 179 178 177 157 157 157 157 157 157 156 157 156 156 156 156 156
"45" 84 59 92 112 126 132 176 156 157 157 157 156 157 156 156 156 156 156 156 156
"46" 77 47 64 100 109 178 177 157 157 157 157 157 157 157 157 156 156 156 156 156
"47" 201 193 194 185 185 183 182 157 157 158 157 157 157 157 157 157 156 156 156 156
"48" 209 181 184 180 180 178 177 157 157 157 157 156 157 156 156 156 156 156 156 156
"49" 208 195 194 184 183 181 179 157 157 157 157 157 157 156 156 156 156 156 156 156
"50" 204 192 191 182 181 179 179 157 157 157 157 157 157 156 157 156 156 156 156 156
"51" 202 196 192 181 181 179 178 157 157 157 157 157 157 157 157 157 156 156 156 156
"52" 204 190 192 181 180 177 177 157 157 157 157 157 157 156 157 156 156 156 156 156
"53" 108 70 89 95 180 178 177 157 157 157 157 157 157 157 157 156 156 156 156 156
"54" 157 138 194 153 182 180 180 157 157 157 157 157 157 156 157 156 156 156 156 156
"55" 212 187 191 184 182 180 179 157 157 158 157 157 157 157 157 156 156 156 156 156
"56" 204 179 184 177 177 176 176 157 157 157 157 156 157 156 156 156 156 156 156 156
"57" 86 61 78 87 181 179 178 157 157 157 157 157 157 157 157 156 156 156 156 156
"58" 87 77 102 108 143 179 178 157 157 157 157 157 157 156 157 156 156 156 156 156
"59" 132 187 188 181 181 180 179 157 157 157 157 157 157 157 157 156 156 156 156 156
"60" 202 187 191 182 182 180 179 157 157 158 157 157 157 157 157 156 156 156 156 156
"61" 206 102 183 179 179 178 177 157 157 157 157 157 157 156 156 156 156 156 156 156
"62" 203 192 191 180 179 177 177 157 157 157 156 156 156 156 156 156 156 156 156 156
"63" 107 62 97 107 124 134 139 157 157 157 157 157 157 156 156 156 156 156 156 156
"64" 201 195 193 184 182 180 179 157 157 158 157 157 157 157 157 157 156 156 156 156
"65" 207 185 190 181 180 179 178 157 157 157 157 156 157 156 157 156 156 156 156 156
"66" 211 62 85 184 183 180 179 157 158 158 157 157 157 157 157 157 156 156 156 156
"67" 208 192 192 184 184 182 181 157 157 157 157 157 157 157 158 157 156 156 156 156
"68" 143 190 192 182 181 180 180 157 157 157 157 156 157 156 156 156 156 156 156 156
"69" 111 85 108 118 116 137 143 157 157 157 157 157 157 156 156 156 156 156 156 156
"70" 202 180 188 178 178 177 176 157 157 157 157 157 157 156 156 156 156 156 156 156
"71" 206 190 192 181 181 179 177 157 157 157 157 156 156 156 156 156 156 156 156 156
"72" 203 193 193 181 180 178 177 157 157 157 157 157 157 156 156 156 156 156 156 156
"73" 119 125 185 180 180 178 177 157 157 157 157 157 157 156 157 156 156 156 156 156
"74" 118 50 107 118 122 126 143 157 157 157 157 157 157 156 157 156 156 156 156 156
"75" 204 191 192 181 180 179 178 157 157 157 157 157 157 156 156 156 156 156 156 156
"76" 77 100 180 177 177 175 175 157 157 157 157 157 157 156 156 156 156 156 156 156
"77" 213 183 186 183 183 181 180 157 157 157 157 157 157 157 157 156 156 156 156 156
"78" 206 69 143 154 180 179 178 157 157 157 157 157 157 157 157 156 156 156 156 156
"79" 77 86 186 179 179 178 177 157 157 157 157 156 157 156 156 156 156 156 156 156
"80" 202 65 191 179 178 176 176 157 157 157 157 157 157 156 157 156 156 156 156 156
"81" 87 52 69 79 85 94 147 157 157 158 157 157 157 157 158 157 156 156 156 156
"82" 99 67 110 129 145 130 177 157 157 157 157 157 157 156 157 156 156 156 156 156
"83" 95 95 189 180 180 178 178 157 157 157 156 156 157 156 156 156 156 156 156 156
"84" 109 62 78 86 112 178 177 157 158 158 157 157 157 157 157 157 156 156 156 156
"85" 68 59 78 88 101 177 176 157 157 158 157 157 157 157 157 157 156 156 156 156
"86" 205 187 191 182 181 179 178 157 157 157 157 157 157 156 157 156 156 156 156 156
"87" 134 110 135 141 142 157 177 156 157 157 157 157 157 156 157 156 156 156 156 156
"88" 206 191 188 179 178 176 176 157 157 158 157 157 157 156 156 156 156 156 156 156
"89" 202 72 91 98 112 177 176 157 157 157 157 156 157 156 156 156 156 156 156 156
"90" 207 49 183 179 179 177 177 157 157 157 157 157 157 157 157 157 156 156 156 156
"91" 202 144 191 179 179 177 177 157 157 157 157 157 157 157 157 156 156 156 156 156
"92" 202 191 192 180 180 178 178 157 157 157 157 157 157 156 157 156 156 156 156 156
"93" 201 191 190 181 180 178 177 157 157 157 157 157 157 157 157 156 156 156 156 156
"94" 99 51 90 123 128 128 130 157 157 157 157 157 157 157 157 157 156 156 156 156
"95" 206 189 191 184 182 180 178 157 157 158 157 157 157 157 157 157 156 156 156 156
"96" 210 66 186 181 180 178 178 157 157 157 157 157 157 157 157 157 156 156 156 156
"97" 124 53 192 184 183 182 181 157 157 157 157 157 157 156 156 156 156 156 156 156
"98" 205 194 193 183 183 181 180 157 157 157 157 156 157 156 157 156 156 156 156 156
"99" 213 184 186 182 182 180 179 157 157 157 157 157 157 156 157 156 156 156 156 156
"100" 202 60 190 181 181 179 179 157 157 157 157 157 157 157 157 156 156 156 156 156
"101" 205 195 192 181 180 178 178 157 157 157 157 157 157 156 157 156 156 156 156 156
"102" 204 90 185 178 178 176 176 157 157 157 157 157 157 156 157 156 156 156 156 156
"103" 208 185 189 182 181 180 178 157 157 157 157 157 157 157 157 156 156 156 156 156
"104" 208 53 191 180 180 179 177 157 158 158 157 157 157 157 158 157 156 156 156 156
"105" 207 69 192 182 182 180 179 157 157 157 157 157 157 156 156 156 156 156 156 156
"106" 213 192 192 184 183 181 179 157 157 158 157 157 157 157 157 156 156 156 156 156
"107" 89 45 93 182 98 179 177 157 157 158 157 157 157 157 157 156 156 156 156 156
"108" 58 48 191 181 180 178 178 157 157 157 157 157 157 156 157 156 156 156 156 156
"109" 205 176 180 178 177 176 175 157 157 157 157 157 157 157 157 157 156 156 156 156
"110" 204 77 194 184 183 181 155 157 157 157 157 157 157 157 157 156 156 156 156 156
"111" 211 197 192 183 182 179 178 157 157 158 157 157 157 157 157 157 156 156 156 156
"112" 200 180 189 180 179 177 177 157 157 158 157 157 157 157 157 156 156 156 156 156
"113" 206 184 188 182 181 179 178 157 157 157 157 157 157 157 157 156 156 156 156 156
"114" 206 180 184 180 180 178 177 157 157 157 156 156 156 156 156 156 156 156 156 156
"115" 43 44 155 155 122 109 117 157 157 157 157 157 157 157 157 156 156 156 156 156
"116" 208 122 145 156 154 179 178 157 157 157 157 157 157 157 157 156 156 156 156 156
"117" 124 75 94 110 113 132 158 157 157 157 157 157 157 157 157 156 156 156 156 156
"118" 102 87 124 135 136 179 178 157 157 157 157 157 157 156 157 156 156 156 156 156
"119" 203 179 184 179 178 176 177 157 157 157 157 157 157 156 157 156 156 156 156 156
"120" 159 153 194 184 183 181 180 157 157 157 157 157 157 157 157 156 156 156 156 156
"121" 203 67 116 131 124 127 177 157 157 157 157 157 157 157 157 157 156 156 156 156
"122" 207 191 191 183 163 146 121 157 157 158 157 157 157 157 157 156 156 156 156 156
"123" 96 59 93 109 113 121 177 157 157 157 157 157 157 157 157 156 156 156 156 156
"124" 205 68 192 183 182 179 178 157 157 157 157 157 157 156 156 156 156 156 156 156
"125" 202 189 190 179 179 177 176 157 157 157 157 157 157 156 157 156 156 156 156 156
"126" 66 42 91 103 113 122 135 157 157 157 157 157 157 157 157 156 156 156 156 156
"127" 207 105 189 181 181 179 177 157 157 157 157 157 157 156 156 156 156 156 156 156
"128" 50 49 192 183 182 180 179 157 157 157 157 157 157 156 157 156 156 156 156 156
"129" 206 183 187 181 181 179 179 157 157 157 157 157 157 156 157 156 156 156 156 156
"130" 200 107 192 180 179 177 177 157 157 157 157 157 157 156 157 156 156 156 156 156
"131" 207 82 188 181 181 178 178 157 157 157 157 157 157 157 157 156 156 156 156 156
"132" 104 85 194 182 181 179 179 157 157 157 157 157 157 156 156 156 156 156 156 156
"133" 78 66 83 86 115 113 135 157 157 157 157 157 157 157 157 156 156 156 156 156
"134" 201 178 181 178 178 175 175 156 157 157 156 156 156 156 156 156 156 156 156 156
"135" 204 114 142 150 152 177 176 157 157 157 157 156 157 156 156 156 156 156 156 156
"136" 205 179 183 179 179 178 178 157 157 158 157 157 157 157 157 156 156 156 156 156
"137" 206 187 190 182 182 180 179 157 157 157 157 157 157 157 157 156 156 156 156 156
"138" 151 110 138 181 180 178 177 157 157 158 157 157 157 157 157 156 156 156 156 156
"139" 208 181 185 181 180 178 178 157 157 157 157 157 157 157 157 156 156 156 156 156
"140" 117 112 128 137 135 135 158 157 157 158 157 157 157 157 158 157 156 156 156 156
"141" 209 62 75 76 72 77 77 157 157 157 157 157 157 156 157 156 156 156 156 156
"142" 204 193 192 182 181 179 178 108 157 157 156 156 157 156 156 156 156 156 156 156
"143" 208 179 182 180 179 177 176 157 157 157 157 157 157 156 157 156 156 156 156 156
"144" 147 126 152 180 158 178 177 157 157 157 157 157 157 157 157 156 156 156 156 156
"145" 205 195 194 183 182 180 179 157 157 157 157 156 157 156 157 156 156 156 156 156
"146" 101 55 85 180 179 177 177 157 157 157 156 156 156 156 156 156 156 156 156 156
"147" 205 187 190 180 180 178 177 157 157 157 157 157 157 156 157 156 156 156 156 156
"148" 150 57 135 179 179 146 133 157 157 157 157 157 157 157 157 156 156 156 156 156
"149" 203 41 189 180 180 178 177 157 157 157 157 157 157 156 156 156 156 156 156 156
"150" 206 195 194 185 184 182 181 157 157 157 157 157 157 157 157 156 156 156 156 156
"151" 205 73 146 182 181 179 178 156 157 157 156 156 157 156 156 156 156 156 156 156
"152" 180 178 183 178 178 176 176 157 157 157 157 157 157 156 157 156 156 156 156 156
"153" 104 62 94 113 118 133 177 157 157 157 157 157 157 156 157 156 156 156 156 156
"154" 210 180 183 179 178 177 176 157 157 157 157 156 157 156 157 156 156 156 156 156
"155" 110 120 190 179 179 155 154 157 157 157 157 157 157 156 157 156 156 156 156 156
"156" 119 87 103 113 104 104 132 157 157 157 157 157 157 156 157 156 156 156 156 156
"157" 208 179 184 178 178 176 176 157 157 157 157 156 157 156 156 156 156 156 156 156
"158" 200 177 187 179 179 177 177 157 157 157 157 156 156 156 156 156 156 156 156 156
"159" 98 87 186 178 178 178 177 157 157 157 157 157 157 156 157 156 156 156 156 156
"160" 206 105 126 182 182 179 178 157 157 157 157 157 157 156 156 156 156 156 156 156
"161" 209 111 184 180 181 179 179 156 157 157 157 156 157 156 157 156 156 156 156 156
"162" 203 178 183 177 177 175 175 157 157 157 157 157 157 156 157 156 156 156 156 156
"163" 206 195 192 183 182 180 179 157 157 157 157 157 157 156 157 156 156 156 156 156
"164" 173 52 192 182 182 180 179 157 157 157 157 157 157 156 157 156 156 156 156 156
"165" 58 43 57 68 80 176 174 157 157 157 157 157 157 157 157 156 156 156 156 156
"166" 206 194 194 184 183 181 180 157 157 158 157 157 157 157 158 157 156 156 156 156
"167" 210 185 186 180 180 179 179 157 157 157 157 157 157 156 157 156 156 156 156 156
"168" 211 199 197 186 185 182 181 157 157 157 157 157 157 157 157 156 156 156 156 156
"169" 204 55 190 179 177 176 176 157 157 157 157 157 157 156 157 156 156 156 156 156
"170" 204 99 130 143 182 180 179 157 157 157 157 157 157 157 157 157 156 156 156 156
"171" 211 196 195 185 183 180 179 157 157 157 157 156 157 156 157 156 156 156 156 156
"172" 207 75 142 182 156 146 147 157 157 157 157 157 157 156 156 156 156 156 156 156
"173" 201 113 160 182 182 180 179 157 157 157 157 157 157 157 157 156 156 156 156 156
"174" 208 180 183 179 179 177 177 157 157 157 157 157 157 156 156 156 156 156 156 156
"175" 203 176 183 175 176 174 174 157 157 157 157 157 157 156 157 156 156 156 156 156
"176" 208 187 187 182 183 181 180 157 157 157 157 157 157 156 156 156 156 156 156 156
"177" 207 75 193 183 182 181 179 157 157 157 157 157 157 157 157 156 156 156 156 156
"178" 202 194 192 183 182 180 178 157 157 157 157 156 157 156 157 156 156 156 156 156
"179" 209 184 188 184 183 182 180 157 157 158 157 157 157 157 158 157 156 156 156 156
"180" 205 74 187 179 178 177 177 157 157 157 157 157 157 157 157 156 156 156 156 156
"181" 148 89 116 111 112 122 133 157 157 157 157 156 156 156 157 156 156 156 156 156
"182" 208 195 194 184 182 179 178 157 157 157 157 157 157 156 157 156 156 156 156 156
"183" 204 147 185 179 179 176 175 157 157 157 157 157 157 157 157 156 156 156 156 156
"184" 206 62 184 180 179 177 177 157 157 157 157 157 157 156 157 156 156 156 156 156
"185" 215 49 186 183 182 180 179 157 157 158 157 157 157 156 157 156 156 156 156 156
"186" 157 106 128 181 181 155 179 157 157 157 157 156 157 156 157 156 156 156 156 156
"187" 204 111 152 182 181 154 178 157 157 157 156 156 157 156 156 156 156 156 156 156
"188" 208 189 190 182 181 179 177 157 157 157 157 157 157 156 157 156 156 156 156 156
"189" 206 194 193 182 181 178 177 157 157 157 157 157 157 156 156 156 156 156 156 156
"190" 202 179 183 178 178 177 176 157 157 157 157 157 157 156 157 156 156 156 156 156
"191" 206 180 186 179 179 177 176 157 157 157 157 157 157 156 156 156 156 156 156 156
"192" 199 185 189 177 177 176 176 157 157 157 157 157 157 156 156 156 156 156 156 156
"193" 204 190 191 180 180 178 178 156 157 157 157 156 156 156 156 156 156 156 156 156
"194" 49 42 51 58 59 65 111 157 157 157 157 157 156 156 157 156 156 156 156 156
"195" 208 50 186 180 180 179 178 157 157 157 156 156 156 156 156 156 156 156 156 156
"196" 205 120 160 182 182 180 179 157 157 158 157 157 157 157 157 157 156 156 156 156
"197" 139 181 185 178 178 177 176 157 157 157 157 157 157 156 157 156 156 156 156 156
"198" 202 193 191 180 179 179 178 157 157 157 156 156 156 156 156 156 156 156 156 156
"199" 202 192 192 180 179 177 175 157 157 157 157 157 157 156 157 156 156 156 156 156
"200" 210 188 190 183 182 180 179 157 158 158 157 157 157 157 157 157 156 156 156 156
"201" 200 71 190 181 180 178 178 157 157 157 157 157 157 157 157 157 156 156 156 156
"202" 201 191 190 178 177 175 175 157 157 157 157 157 157 156 157 156 156 156 156 156
"203" 207 84 194 185 184 181 180 157 158 158 157 157 158 157 157 157 156 156 156 156
"204" 136 77 104 143 139 144 177 157 157 158 157 157 158 157 158 157 156 156 156 156
"205" 207 189 187 181 180 179 178 157 157 157 157 157 157 157 157 157 156 156 156 156
"206" 106 74 100 148 148 177 177 157 157 157 157 157 157 157 157 157 156 156 156 156
"207" 93 78 99 179 179 177 176 157 157 157 157 157 157 157 157 156 156 156 156 156
"208" 209 145 189 181 180 179 178 157 157 158 157 157 157 157 157 157 156 156 156 156
"209" 97 194 192 183 182 180 178 157 157 157 157 157 157 156 157 156 156 156 156 156
"210" 209 188 189 183 182 180 179 157 157 157 157 157 157 157 157 157 156 156 156 156
"211" 209 183 186 180 180 178 178 157 157 158 157 157 158 157 158 157 156 156 156 156
"212" 121 59 118 124 73 116 128 157 157 158 157 157 157 157 157 156 156 156 156 156
"213" 204 191 192 180 149 178 177 157 157 157 157 156 156 156 157 156 156 156 156 156
"214" 204 46 101 105 122 180 180 157 157 157 157 157 157 156 157 156 156 156 156 156
"215" 178 178 185 178 177 176 175 157 157 157 156 156 156 156 156 156 156 156 156 156
"216" 202 194 193 181 181 179 178 157 157 158 157 157 157 157 157 157 156 156 156 156
"217" 204 91 193 182 181 179 178 157 157 157 157 157 157 156 156 156 156 156 156 156
"218" 60 47 66 75 75 89 112 157 157 157 157 157 157 156 157 156 156 156 156 156
"219" 60 47 61 65 79 87 179 156 157 157 157 157 157 156 156 156 156 156 156 156
"220" 207 192 190 180 179 158 175 156 157 157 156 156 157 156 156 156 156 156 156 156
"221" 209 177 181 177 177 174 174 157 157 157 156 156 156 156 156 156 156 156 156 156
"222" 59 53 65 75 79 131 178 157 157 157 157 157 157 157 157 156 156 156 156 156
"223" 205 98 132 133 126 159 178 157 157 157 157 157 157 157 157 156 156 156 156 156
"224" 142 50 193 183 182 180 179 157 157 158 157 157 157 157 157 157 156 156 156 156
"225" 204 68 189 181 180 177 177 157 157 157 157 157 157 157 157 157 156 156 156 156
"226" 207 179 184 180 180 179 178 157 157 157 157 157 157 156 157 156 156 156 156 156
"227" 201 65 81 180 180 177 177 157 157 157 156 156 156 156 156 156 156 156 156 156
"228" 204 52 71 77 81 178 176 157 157 157 156 156 156 156 156 156 156 156 156 156
"229" 204 187 188 179 179 178 177 157 157 157 157 157 157 156 157 156 156 156 156 156
"230" 207 183 188 181 180 178 178 157 157 158 157 157 157 157 157 157 156 156 156 156
"231" 206 51 192 183 182 180 179 157 157 157 157 157 157 156 156 156 156 156 156 156
"232" 80 87 117 136 138 135 140 157 157 157 157 157 157 156 157 156 156 156 156 156
"233" 204 75 121 134 137 133 143 156 157 157 157 156 157 156 156 156 156 156 156 156
"234" 55 49 105 123 131 142 177 157 157 157 157 157 157 157 157 157 156 156 156 156
"235" 164 194 193 184 183 182 181 157 157 157 157 157 157 157 157 157 156 156 156 156
"236" 203 104 194 183 182 179 178 157 157 158 157 157 157 157 157 156 156 156 156 156
"237" 98 60 79 94 100 176 176 157 157 157 157 157 157 157 157 156 156 156 156 156
"238" 69 68 110 155 156 178 177 155 157 157 156 156 157 156 156 156 156 156 156 156
"239" 203 96 117 124 178 177 176 157 157 157 157 156 157 156 156 156 156 156 156 156
"240" 104 177 181 178 177 175 175 157 157 157 157 156 156 156 156 156 156 156 156 156
"241" 204 64 186 179 179 177 177 157 157 157 157 157 157 157 158 157 156 156 156 156
"242" 200 181 188 180 179 177 177 157 157 157 157 157 157 156 156 156 156 156 156 156
"243" 164 66 192 183 182 180 179 157 157 157 157 157 157 156 157 156 156 156 156 156
"244" 202 177 180 178 178 176 175 157 157 157 157 157 157 156 157 156 156 156 156 156
"245" 155 57 184 181 181 180 179 157 157 157 157 157 157 156 156 156 156 156 156 156
"246" 199 69 191 179 179 177 177 157 157 157 157 157 157 156 157 156 156 156 156 156
"247" 152 146 187 179 178 176 175 157 157 157 157 157 157 156 156 156 156 156 156 156
"248" 181 178 184 179 178 177 177 157 157 157 157 157 157 156 157 156 156 156 156 156
"249" 76 62 75 180 179 178 177 157 157 157 156 156 156 156 156 156 156 156 156 156
"250" 70 62 86 128 181 180 178 157 157 157 157 157 157 157 157 157 156 156 156 156
"251" 212 195 195 185 183 180 179 157 157 157 157 157 157 156 156 156 156 156 156 156
"252" 177 178 186 177 178 176 175 157 157 157 157 157 157 156 157 156 156 156 156 156
"253" 207 185 188 182 181 179 179 157 157 158 157 157 157 157 157 157 156 156 156 156
"254" 207 180 184 178 178 178 177 157 157 157 157 157 157 157 157 156 156 156 156 156
"255" 88 62 193 183 183 181 180 157 157 157 157 157 157 157 157 156 156 156 156 156
"256" 119 86 185 179 179 118 122 157 157 157 157 157 157 157 157 157 156 156 156 156
"257" 151 115 144 144 150 179 179 157 157 157 157 157 157 156 157 156 156 156 156 156
"258" 205 196 194 183 181 179 177 157 157 157 157 157 157 157 157 156 156 156 156 156
"259" 202 194 192 182 179 177 177 157 157 157 157 157 157 156 157 156 156 156 156 156
"260" 213 184 187 182 181 180 180 157 157 157 157 157 157 157 157 156 156 156 156 156
"261" 203 191 192 182 181 180 179 157 157 157 157 157 157 156 157 156 156 156 156 156
"262" 134 135 191 181 181 180 179 157 157 157 157 157 157 157 157 157 156 156 156 156
"263" 208 185 187 179 178 176 175 157 157 157 157 157 157 156 157 156 156 156 156 156
"264" 162 194 194 183 182 180 179 157 157 157 157 157 157 156 157 156 156 156 156 156
"265" 199 196 192 181 180 178 179 157 157 157 157 157 157 156 157 156 156 156 156 156
"266" 207 77 191 183 181 179 178 157 157 157 157 157 157 156 156 156 156 156 156 156
"267" 209 190 192 183 182 180 179 157 157 157 157 157 157 157 158 157 156 156 156 156
"268" 145 183 194 183 183 181 179 157 157 157 157 157 157 156 157 156 156 156 156 156
"269" 180 55 182 179 179 178 177 157 157 157 157 157 157 157 157 157 156 156 156 156
"270" 75 48 85 185 184 183 182 157 157 157 157 156 157 156 157 156 156 156 156 156
"271" 207 195 193 183 182 180 179 157 157 157 157 157 157 156 157 156 156 156 156 156
"272" 206 195 191 181 180 178 178 157 157 157 157 157 157 157 157 156 156 156 156 156
"273" 206 182 188 180 180 179 178 157 157 157 157 157 157 157 157 157 156 156 156 156
"274" 203 187 190 179 179 177 177 157 157 157 157 157 157 156 157 156 156 156 156 156
"275" 206 188 190 184 183 181 180 157 157 157 157 157 157 157 157 157 156 156 156 156
"276" 119 123 190 181 180 178 178 157 157 158 157 157 157 157 158 157 156 156 156 156
"277" 206 186 189 180 179 177 176 156 157 157 157 157 157 156 156 156 156 156 156 156
"278" 77 81 190 182 181 179 178 157 157 158 157 157 157 157 157 157 156 156 156 156
"279" 207 151 191 181 180 178 176 157 157 157 157 157 157 156 156 156 156 156 156 156
"280" 206 73 189 180 180 179 179 157 157 157 157 157 157 156 157 156 156 156 156 156
"281" 198 106 184 176 176 175 175 157 157 157 157 157 157 156 157 156 156 156 156 156
"282" 205 91 181 178 119 123 176 157 157 157 156 156 156 156 156 156 156 156 156 156
"283" 75 65 81 107 114 179 179 157 157 157 157 157 157 156 157 156 156 156 156 156
"284" 111 182 187 180 180 178 178 157 157 157 157 157 157 156 156 156 156 156 156 156
"285" 79 60 86 180 179 177 177 157 158 158 157 157 157 157 158 157 156 156 156 156
"286" 119 58 113 120 122 123 120 157 157 157 157 157 157 156 156 156 156 156 156 156
"287" 117 95 127 180 180 178 178 157 157 157 156 156 156 156 156 156 156 156 156 156
"288" 204 193 193 181 180 179 178 157 157 158 157 157 157 157 157 156 156 156 156 156
"289" 118 111 190 181 180 179 177 157 157 157 157 157 157 157 157 156 156 156 156 156
"290" 202 63 183 176 175 174 174 157 157 157 157 157 157 156 157 156 156 156 156 156
"291" 204 196 195 183 181 179 178 157 157 157 157 157 157 156 157 156 156 156 156 156
"292" 205 184 188 178 178 176 176 157 157 157 157 157 157 156 157 156 156 156 156 156
"293" 119 57 69 109 113 115 136 157 157 157 157 157 157 156 157 156 156 156 156 156
"294" 204 77 118 180 180 178 178 157 157 157 157 157 157 156 157 156 156 156 156 156
"295" 209 107 192 183 182 180 179 157 157 157 157 157 157 157 157 156 156 156 156 156
"296" 167 198 195 183 182 179 178 157 157 157 157 157 157 156 157 156 156 156 156 156
"297" 206 189 190 180 179 177 177 157 157 157 157 157 157 157 157 157 156 156 156 156
"298" 206 71 130 139 123 126 147 157 157 157 157 157 157 156 157 156 156 156 156 156
"299" 206 63 196 186 183 181 180 157 157 157 157 157 157 156 157 156 156 156 156 156
"300" 101 116 188 181 181 179 178 157 157 157 157 157 157 157 157 157 156 156 156 156
"301" 207 84 184 181 180 178 178 157 157 157 157 157 157 156 157 156 156 156 156 156
"302" 205 186 188 179 179 178 176 157 157 157 157 156 156 156 157 156 156 156 156 156
"303" 205 198 195 182 181 179 178 157 157 157 157 157 157 156 157 156 156 156 156 156
"304" 136 82 126 146 145 179 178 157 157 157 157 156 156 156 157 156 156 156 156 156
"305" 66 53 69 180 180 178 178 157 157 157 157 157 157 157 157 156 156 156 156 156
"306" 93 86 191 180 180 178 177 157 157 157 157 157 157 156 157 156 156 156 156 156
"307" 207 71 192 181 181 180 179 157 157 157 157 157 157 157 157 156 156 156 156 156
"308" 205 181 186 179 178 176 176 157 157 157 157 157 157 156 157 156 156 156 156 156
"309" 205 193 191 183 183 182 180 157 157 157 157 157 157 156 156 156 156 156 156 156
"310" 208 185 188 182 181 180 179 157 157 157 157 157 157 156 156 156 156 156 156 156
"311" 207 180 186 180 180 179 178 157 157 158 157 157 157 157 157 157 156 156 156 156
"312" 205 188 190 181 180 178 177 157 157 157 157 157 157 157 157 156 156 156 156 156
"313" 89 66 86 98 182 181 180 157 157 157 157 157 157 156 157 156 156 156 156 156
"314" 206 106 189 182 181 180 179 157 157 157 157 157 157 157 157 156 156 156 156 156
"315" 203 194 191 180 179 176 176 157 157 157 157 157 157 157 157 156 156 156 156 156
"316" 200 60 183 178 178 176 175 157 157 157 157 157 157 156 157 156 156 156 156 156
"317" 205 191 192 181 181 178 176 157 157 157 157 156 157 156 156 156 156 156 156 156
"318" 202 58 188 178 178 177 176 157 157 157 157 157 157 156 156 156 156 156 156 156
"319" 203 97 187 178 177 177 177 157 157 157 156 156 157 156 157 156 156 156 156 156
"320" 203 196 195 183 114 105 108 157 157 157 157 156 157 156 156 156 156 156 156 156
"321" 209 140 188 181 181 179 178 157 157 157 157 157 157 157 157 157 156 156 156 156
"322" 204 193 193 181 179 178 177 157 157 157 157 157 157 156 157 156 156 156 156 156
"323" 104 54 81 89 93 100 120 157 157 157 157 157 157 156 157 156 156 156 156 156
"324" 96 58 81 101 103 124 177 157 157 157 157 157 157 156 157 156 156 156 156 156
"325" 133 82 131 135 181 179 178 157 157 157 157 157 157 156 157 156 156 156 156 156
"326" 205 193 195 183 183 181 179 157 157 157 157 157 157 156 157 156 156 156 156 156
"327" 208 185 190 181 181 180 179 157 157 157 157 157 157 157 157 157 156 156 156 156
"328" 94 56 94 97 99 99 114 157 157 157 157 156 157 156 157 156 156 156 156 156
"329" 90 74 99 102 114 114 177 157 157 157 157 157 157 157 157 156 156 156 156 156
"330" 107 103 125 179 179 178 177 157 157 157 157 157 157 156 157 156 156 156 156 156
"331" 106 94 186 179 179 177 177 157 157 157 157 157 157 156 157 156 156 156 156 156
"332" 180 50 185 178 177 176 176 157 157 157 157 156 157 156 157 156 156 156 156 156
"333" 206 74 134 146 142 153 177 157 157 157 157 157 157 157 157 157 156 156 156 156
"334" 58 50 91 178 177 175 175 157 157 157 157 157 157 156 157 156 156 156 156 156
"335" 202 66 186 178 178 177 176 157 157 157 157 157 157 156 157 156 156 156 156 156
"336" 205 198 194 183 183 181 180 157 157 157 157 157 157 156 157 156 156 156 156 156
"337" 208 186 190 181 181 178 177 157 157 157 157 157 157 157 157 156 156 156 156 156
"338" 203 192 192 181 180 178 178 157 157 157 157 157 157 156 157 156 156 156 156 156
"339" 203 192 191 180 179 177 177 157 157 157 157 157 157 156 156 156 156 156 156 156
"340" 109 123 182 180 180 179 178 157 157 157 157 157 157 157 157 156 156 156 156 156
"341" 69 56 189 180 180 179 178 157 157 157 156 156 156 156 156 156 156 156 156 156
"342" 206 189 191 182 182 180 178 157 157 157 157 157 157 157 157 156 156 156 156 156
"343" 150 34 130 180 180 178 177 157 157 157 157 157 157 156 157 156 156 156 156 156
"344" 121 183 186 178 178 177 177 157 157 157 157 157 157 156 157 156 156 156 156 156
"345" 60 49 66 82 72 80 88 157 157 157 157 157 157 157 157 157 156 156 156 156
"346" 33 31 44 53 56 64 92 157 157 157 157 157 157 157 157 156 156 156 156 156
"347" 95 88 109 116 110 110 156 157 157 158 157 157 157 157 157 157 156 156 156 156
"348" 67 77 186 180 179 177 177 157 157 157 157 157 157 156 157 156 156 156 156 156
"349" 206 63 127 181 180 179 177 156 157 157 156 156 157 156 156 156 156 156 156 156
"350" 204 75 193 183 182 180 179 157 157 158 157 157 157 157 157 157 156 156 156 156
"351" 203 66 188 178 178 176 175 157 157 157 157 157 157 157 157 157 156 156 156 156
"352" 207 200 196 185 184 181 180 157 157 157 157 156 157 156 157 156 156 156 156 156
"353" 206 197 192 181 180 177 155 156 157 157 156 156 156 156 156 156 156 156 156 156
"354" 122 101 192 179 178 177 176 157 157 157 157 157 157 156 157 156 156 156 156 156
"355" 203 178 185 176 176 175 175 157 157 157 157 157 157 156 157 156 156 156 156 156
"356" 205 85 193 184 183 182 181 157 157 157 157 157 157 157 157 157 156 156 156 156
"357" 205 191 191 182 180 180 179 157 157 157 157 157 157 156 156 156 156 156 156 156
"358" 47 36 58 177 178 176 176 157 157 157 157 156 156 156 156 156 156 156 156 156
"359" 206 185 188 179 178 177 175 156 157 157 157 156 156 156 156 156 156 156 156 156
"360" 137 75 142 180 179 177 177 157 157 157 157 157 157 157 157 156 156 156 156 156
"361" 209 51 195 187 186 183 182 157 157 157 157 157 157 157 157 156 156 156 156 156
"362" 204 46 194 183 182 180 178 157 157 157 157 157 157 157 157 157 156 156 156 156
"363" 206 197 196 185 183 181 179 157 157 157 157 157 157 156 156 156 156 156 156 156
"364" 100 79 139 180 180 179 177 157 157 157 157 157 157 156 156 156 156 156 156 156
"365" 209 45 191 184 183 181 180 157 157 157 157 157 157 156 157 156 156 156 156 156
"366" 98 90 155 182 182 181 180 157 157 157 157 157 157 156 157 156 156 156 156 156
"367" 148 67 190 183 182 153 143 157 157 157 157 157 157 156 156 156 156 156 156 156
"368" 208 190 191 182 180 179 177 157 157 157 157 157 157 157 157 157 156 156 156 156
"369" 216 196 196 188 186 183 181 157 157 157 157 157 157 156 157 156 156 156 156 156
"370" 205 92 129 145 180 179 178 157 157 157 157 157 157 157 157 156 156 156 156 156
"371" 204 179 186 177 177 176 175 157 157 157 157 157 157 156 157 156 156 156 156 156
"372" 60 58 84 94 98 118 142 157 157 157 157 157 157 156 157 156 156 156 156 156
"373" 203 179 185 178 177 177 177 157 157 157 157 157 157 156 157 156 156 156 156 156
"374" 85 64 86 93 90 101 103 157 157 157 157 157 157 157 156 156 156 156 156 156
"375" 206 193 192 181 181 179 178 157 157 157 157 157 157 156 157 156 156 156 156 156
"376" 205 183 187 178 177 175 175 157 157 157 157 157 157 156 157 156 156 156 156 156
"377" 202 183 190 179 179 177 177 157 157 157 157 157 157 156 157 156 156 156 156 156
"378" 138 90 145 181 181 179 179 156 157 158 157 157 157 157 157 156 156 156 156 156
"379" 47 37 145 151 148 178 178 157 157 157 157 157 157 157 157 156 156 156 156 156
"380" 85 61 86 122 137 123 119 157 157 157 157 157 157 156 157 156 156 156 156 156
"381" 205 92 190 181 181 178 177 157 157 158 157 157 157 157 157 156 156 156 156 156
"382" 211 195 194 185 185 183 182 157 157 158 157 157 157 157 157 157 156 156 156 156
"383" 204 180 187 177 178 177 176 156 157 157 157 156 156 156 156 156 156 156 156 156
"384" 116 108 183 179 179 178 176 156 157 157 157 157 157 156 157 156 156 156 156 156
"385" 206 91 189 180 179 178 177 157 157 157 157 156 157 156 157 156 156 156 156 156
"386" 208 188 191 181 180 179 178 157 157 158 157 157 157 157 157 157 156 156 156 156
"387" 205 181 187 179 178 176 176 157 157 157 157 157 157 157 157 156 156 156 156 156
"388" 204 108 182 178 177 176 175 157 157 157 157 157 157 156 157 156 156 156 156 156
"389" 201 176 179 177 177 174 174 157 157 157 157 157 157 156 157 156 156 156 156 156
"390" 203 195 193 181 181 180 180 157 157 158 157 157 157 157 157 156 156 156 156 156
"391" 84 66 82 90 98 126 178 157 157 158 157 157 157 157 157 156 156 156 156 156
"392" 204 198 196 183 183 180 178 157 157 157 157 157 157 157 157 156 156 156 156 156
"393" 203 190 190 179 178 177 176 157 157 157 157 157 157 156 157 156 156 156 156 156
"394" 144 65 82 91 175 174 170 157 157 157 157 156 156 156 156 156 156 156 156 156
"395" 47 47 61 72 84 87 143 157 157 157 157 157 157 157 157 157 156 156 156 156
"396" 203 191 190 180 179 178 176 157 157 157 157 157 157 156 157 156 156 156 156 156
"397" 209 190 191 183 182 180 179 157 157 157 157 157 157 156 157 156 156 156 156 156
"398" 107 103 125 132 131 137 157 157 157 157 157 156 157 156 157 156 156 156 156 156
"399" 96 194 194 180 180 178 179 157 157 157 157 157 157 156 156 156 156 156 156 156
"400" 206 190 191 181 180 178 177 157 157 158 157 157 157 157 157 157 156 156 156 156
"401" 115 185 187 181 180 178 177 157 157 157 157 157 157 157 157 157 156 156 156 156
"402" 210 70 185 181 180 178 177 157 157 157 157 157 157 157 157 156 156 156 156 156
"403" 203 141 187 180 180 179 179 157 157 157 157 157 157 156 157 156 156 156 156 156
"404" 205 183 189 181 181 179 178 157 157 157 157 157 157 157 157 156 156 156 156 156
"405" 90 94 193 182 182 180 179 157 157 157 157 156 157 156 157 156 156 156 156 156
"406" 208 184 188 181 180 178 177 157 157 157 157 157 157 156 156 156 156 156 156 156
"407" 204 76 192 182 181 180 179 157 157 157 157 157 157 157 157 156 156 156 156 156
"408" 206 61 193 183 182 180 179 157 157 157 157 156 157 156 157 156 156 156 156 156
"409" 156 70 107 125 125 147 177 157 157 157 157 157 157 156 157 156 156 156 156 156
"410" 208 187 191 183 182 180 179 157 157 158 157 157 157 157 157 156 156 156 156 156
"411" 99 75 95 105 115 123 132 157 157 157 157 157 157 156 157 156 156 156 156 156
"412" 73 46 76 127 180 178 178 157 157 157 157 157 157 157 157 156 156 156 156 156
"413" 81 75 93 103 98 110 108 157 157 157 157 157 157 156 156 156 156 156 156 156
"414" 207 183 188 180 180 178 178 157 157 157 157 157 157 157 157 157 156 156 156 156
"415" 203 191 192 183 182 179 179 157 158 158 157 157 158 157 157 157 156 156 156 156
"416" 206 181 187 180 179 178 177 157 157 157 157 157 157 156 157 156 156 156 156 156
"417" 204 81 97 183 120 181 179 157 157 157 157 156 157 156 157 156 156 156 156 156
"418" 204 190 191 182 181 179 179 157 157 157 157 157 157 156 157 156 156 156 156 156
"419" 209 184 186 182 181 178 177 157 158 158 157 157 157 157 157 156 156 156 156 156
"420" 212 47 187 182 181 179 178 157 158 158 157 157 158 157 158 157 156 156 156 156
"421" 58 58 188 183 182 179 179 157 157 157 157 157 157 156 157 156 156 156 156 156
"422" 201 192 191 180 180 178 178 157 157 157 157 157 157 156 157 156 156 156 156 156
"423" 209 179 183 179 179 177 176 157 157 157 157 156 157 156 157 156 156 156 156 156
"424" 207 175 178 176 176 173 173 157 157 157 157 157 157 157 157 156 156 156 156 156
"425" 82 91 187 130 114 127 177 157 157 158 157 157 157 157 157 156 156 156 156 156
"426" 210 85 193 185 185 183 181 157 157 157 157 156 157 156 156 156 156 156 156 156
"427" 207 185 188 180 180 178 178 157 157 157 157 156 157 156 157 156 156 156 156 156
"428" 205 147 189 180 180 178 178 157 157 157 157 157 157 157 157 156 156 156 156 156
"429" 155 194 194 185 185 183 181 157 158 158 157 157 157 157 157 157 156 156 156 156
"430" 202 185 190 178 178 177 177 157 157 157 156 156 156 156 156 156 156 156 156 156
"431" 202 176 181 177 177 176 175 157 157 157 157 156 156 156 157 156 156 156 156 156
"432" 204 186 191 181 181 179 179 157 157 157 157 156 157 156 157 156 156 156 156 156
"433" 118 110 183 178 178 177 176 157 157 157 157 157 157 156 157 156 156 156 156 156
"434" 66 48 78 80 80 80 176 157 157 157 156 156 156 156 156 156 156 156 156 156
"435" 203 180 185 178 179 177 177 156 157 157 157 157 157 156 156 156 156 156 156 156
"436" 104 106 155 180 180 178 176 157 157 157 157 157 157 156 156 156 156 156 156 156
"437" 203 196 192 179 178 176 176 157 157 157 157 156 156 156 156 156 156 156 156 156
"438" 206 80 97 126 122 129 149 157 157 157 157 157 157 157 157 157 156 156 156 156
"439" 143 51 76 74 75 103 116 157 157 157 157 157 157 156 156 156 156 156 156 156
"440" 72 48 59 70 77 101 107 157 157 157 157 157 157 157 157 157 156 156 156 156
"441" 48 50 88 84 88 108 120 157 157 157 157 157 157 156 157 156 156 156 156 156
"442" 85 58 81 121 178 176 176 157 157 157 157 157 157 156 157 156 156 156 156 156
"443" 206 46 192 182 182 180 179 157 157 157 157 157 157 157 157 156 156 156 156 156
"444" 206 52 181 177 177 177 177 157 157 157 157 157 157 156 157 156 156 156 156 156
"445" 200 191 191 181 180 178 178 157 157 157 157 157 157 157 157 156 156 156 156 156
"446" 83 56 78 82 77 79 109 157 157 157 157 157 157 157 157 157 156 156 156 156
"447" 206 194 192 182 182 179 179 157 157 157 157 157 157 156 157 156 156 156 156 156
"448" 83 189 189 179 178 176 175 157 157 157 157 157 157 156 157 156 156 156 156 156
"449" 54 52 68 71 141 177 177 157 157 157 157 157 157 157 157 156 156 156 156 156
"450" 179 179 186 178 178 177 173 157 157 157 157 157 157 156 156 156 156 156 156 156
"451" 205 181 188 180 179 177 177 157 157 157 157 157 157 156 157 156 156 156 156 156
"452" 207 126 190 181 180 179 178 157 157 157 157 156 157 156 157 156 156 156 156 156
"453" 126 112 186 180 180 178 178 157 157 157 157 157 157 157 157 156 156 156 156 156
"454" 205 182 187 180 179 178 178 157 157 157 157 157 157 157 157 156 156 156 156 156
"455" 207 91 121 182 182 180 179 157 157 157 157 157 157 157 157 157 156 156 156 156
"456" 204 181 186 180 179 178 177 157 157 157 157 157 157 157 157 156 156 156 156 156
"457" 207 182 187 179 178 177 176 157 157 157 157 156 157 156 156 156 156 156 156 156
"458" 69 71 190 183 182 181 180 157 157 158 157 157 157 157 157 156 156 156 156 156
"459" 143 94 189 180 179 176 176 157 157 157 156 156 157 156 157 156 156 156 156 156
"460" 204 185 189 180 180 177 176 157 157 157 157 157 157 157 157 156 156 156 156 156
"461" 208 89 189 182 181 180 179 157 157 158 157 157 157 157 157 156 156 156 156 156
"462" 204 56 193 182 180 177 176 157 157 157 157 157 157 157 157 157 156 156 156 156
"463" 205 54 143 147 141 143 177 157 157 157 157 156 157 156 157 156 156 156 156 156
"464" 75 55 73 84 95 110 180 157 157 157 157 157 157 156 157 156 156 156 156 156
"465" 209 197 193 184 183 181 180 157 157 157 157 157 157 156 156 156 156 156 156 156
"466" 209 55 182 179 63 68 178 157 157 158 157 157 157 157 157 156 156 156 156 156
"467" 208 136 191 180 161 160 177 157 157 157 157 156 157 156 156 156 156 156 156 156
"468" 202 98 193 181 181 180 179 157 157 157 157 157 157 156 157 156 156 156 156 156
"469" 204 179 183 179 178 177 176 156 157 157 157 156 156 156 156 156 156 156 156 156
"470" 200 119 142 179 152 177 177 157 157 158 157 157 157 157 158 157 156 156 156 156
"471" 206 200 195 181 181 179 178 157 157 157 157 156 157 156 156 156 156 156 156 156
"472" 211 199 195 185 183 180 179 157 157 157 157 157 157 156 156 156 156 156 156 156
"473" 205 181 186 178 178 177 176 157 157 157 157 157 157 157 157 156 156 156 156 156
"474" 83 90 112 116 118 134 178 157 157 157 157 157 157 157 157 156 156 156 156 156
"475" 81 71 93 112 111 118 125 157 157 157 157 157 157 156 156 156 156 156 156 156
"476" 206 197 195 183 182 180 180 157 157 157 157 157 157 156 157 156 156 156 156 156
"477" 205 93 110 110 103 103 96 156 157 157 156 156 156 156 156 156 156 156 156 156
"478" 207 87 189 183 182 180 179 157 157 157 157 157 157 157 157 156 156 156 156 156
"479" 208 182 187 181 180 178 177 157 157 157 157 157 157 157 157 156 156 156 156 156
"480" 207 180 183 180 179 176 175 157 157 157 157 157 157 156 157 156 156 156 156 156
"481" 201 56 123 179 179 177 177 157 157 157 157 156 157 156 157 156 156 156 156 156
"482" 204 189 193 181 181 180 179 157 157 158 157 157 157 157 157 157 156 156 156 156
"483" 210 197 192 182 181 179 178 156 157 157 157 157 157 156 157 156 156 156 156 156
"484" 202 177 181 178 179 178 177 157 157 157 157 157 157 157 157 156 156 156 156 156
"485" 207 81 190 181 180 178 177 157 157 157 157 157 157 157 157 156 156 156 156 156
"486" 88 91 110 126 126 139 180 157 157 157 156 156 157 156 157 156 156 156 156 156
"487" 202 82 193 183 182 180 179 157 157 158 157 157 157 157 157 156 156 156 156 156
"488" 202 148 190 180 179 177 176 157 157 157 157 157 157 157 157 157 156 156 156 156
"489" 209 125 159 182 181 178 178 157 157 158 157 157 157 157 157 157 156 156 156 156
"490" 201 52 193 180 179 178 177 157 157 157 157 157 157 157 157 156 156 156 156 156
"491" 208 87 187 181 181 179 178 157 157 157 157 157 157 157 157 156 156 156 156 156
"492" 203 195 193 181 180 178 177 157 157 157 157 157 157 156 157 156 156 156 156 156
"493" 146 193 190 183 182 180 179 157 157 158 157 157 157 157 157 156 156 156 156 156
"494" 202 195 193 183 182 181 180 157 157 157 157 156 157 156 157 156 156 156 156 156
"495" 208 84 105 181 181 180 179 156 157 157 157 157 157 157 157 156 156 156 156 156
"496" 206 57 140 179 179 178 177 157 158 158 157 157 157 157 157 157 156 156 156 156
"497" 202 109 193 182 181 180 179 157 157 157 157 157 157 156 157 156 156 156 156 156
"498" 76 152 189 181 180 179 178 157 157 157 157 157 157 157 156 156 156 156 156 156
"499" 207 148 192 184 183 181 180 157 157 157 157 157 157 156 156 156 156 156 156 156
"500" 205 184 189 179 180 179 179 157 157 157 157 157 157 156 157 156 156 156 156 156
