"max_pca1" "max_pca2" "max_pca3" "max_pca5" "max_pca10" "max_pca20" "max_pca40" "min_pca1" "min_pca2" "min_pca3" "min_pca5" "min_pca10" "min_pca20" "min_pca40" "tpca0.8" "tpca0.9" "tpca0.95" "tpca0.99" "tpca0.995" "tpca0.999"
"1" 955 955 955 955 182 163 163 955 955 955 195 187 193 179 182 173 176 175 175 175
"2" 119 57 95 98 94 164 164 955 955 955 955 955 274 182 196 186 187 186 186 186
"3" 717 713 955 955 185 164 164 955 955 955 201 196 276 185 196 185 185 183 183 183
"4" 198 48 955 955 184 167 166 955 955 955 206 190 194 181 192 183 183 182 182 182
"5" 59 49 64 73 86 91 166 955 955 955 955 202 199 183 194 188 186 185 185 185
"6" 955 167 955 955 185 167 165 955 955 955 955 955 199 183 195 189 187 187 187 187
"7" 181 136 955 955 176 165 165 955 955 955 955 200 196 176 182 177 172 172 172 172
"8" 437 955 955 955 180 163 163 955 955 955 955 200 199 179 199 190 188 187 187 187
"9" 43 33 43 82 100 107 127 955 955 955 955 242 198 185 194 192 189 190 190 190
"10" 131 74 132 955 134 164 164 955 955 955 955 955 200 183 189 187 187 187 187 187
"11" 175 232 676 700 180 163 163 955 955 955 955 955 278 188 199 189 186 187 187 187
"12" 716 721 955 955 184 163 163 955 955 955 955 338 201 179 185 181 182 183 183 183
"13" 692 730 955 955 186 165 165 955 955 955 955 191 197 183 193 188 182 184 184 184
"14" 181 90 955 955 176 163 163 955 955 955 955 204 200 181 192 187 185 185 185 185
"15" 192 50 564 595 178 165 165 955 955 955 955 196 195 182 193 186 183 185 185 185
"16" 671 679 955 955 185 165 165 955 955 955 955 197 192 180 188 183 183 182 182 182
"17" 45 75 955 955 181 164 164 955 955 955 955 185 189 178 170 172 171 174 174 174
"18" 955 955 955 955 182 164 163 955 955 955 955 192 195 178 174 174 171 173 173 173
"19" 461 458 484 955 183 163 163 955 955 955 955 209 199 184 198 191 191 189 189 189
"20" 118 45 121 130 175 165 164 955 955 955 955 343 301 187 297 198 193 192 192 192
"21" 280 272 309 955 183 163 163 955 955 955 955 188 193 177 193 184 180 180 180 180
"22" 838 84 955 955 195 169 165 955 955 955 955 194 197 181 187 183 176 176 176 176
"23" 65 49 62 70 77 95 133 955 955 955 955 955 304 185 188 181 184 186 186 186
"24" 955 800 955 955 178 163 163 955 955 955 194 183 197 175 170 165 165 168 168 168
"25" 955 150 955 955 180 166 166 955 955 955 955 196 198 178 191 185 179 179 179 179
"26" 40 41 109 112 125 130 164 955 955 955 187 184 187 175 172 169 168 169 169 169
"27" 149 138 955 955 190 163 163 955 955 955 955 324 278 184 196 188 186 186 186 186
"28" 955 131 955 955 183 166 165 955 955 955 955 192 194 178 189 181 182 181 181 181
"29" 131 91 141 955 184 167 165 955 955 955 955 196 198 180 193 187 184 182 182 182
"30" 955 82 108 955 177 167 166 955 955 955 955 196 195 181 183 177 177 178 178 178
"31" 72 34 77 84 89 100 163 955 955 955 955 333 264 185 194 188 188 186 186 186
"32" 179 209 955 955 180 167 167 955 955 955 955 198 196 184 193 185 183 184 184 184
"33" 403 158 955 955 181 163 162 955 955 955 955 285 228 185 200 194 193 193 193 193
"34" 166 208 245 266 177 164 164 955 955 955 955 199 196 176 184 178 178 180 180 180
"35" 89 64 85 95 96 109 130 955 955 955 955 200 199 181 184 180 178 180 180 180
"36" 849 50 955 955 186 164 164 955 955 955 955 202 203 182 232 190 186 183 183 183
"37" 811 654 913 955 178 167 167 955 955 955 197 192 195 180 189 183 183 183 183 183
"38" 129 105 156 179 173 166 164 955 955 955 188 188 192 176 183 174 172 171 171 171
"39" 916 950 955 955 186 165 165 955 955 955 955 332 298 185 196 187 187 187 187 187
"40" 484 82 581 955 180 166 165 955 955 955 955 282 206 183 187 184 182 183 183 183
"41" 396 399 477 495 182 163 163 955 955 955 955 955 278 185 196 188 189 188 188 188
"42" 87 65 87 126 124 130 134 955 955 955 955 201 200 178 196 181 179 180 180 180
"43" 438 955 955 955 184 163 163 955 955 955 955 192 195 177 180 177 177 177 177 177
"44" 460 130 532 546 183 164 163 955 955 955 955 198 198 180 186 183 179 178 178 178
"45" 84 59 92 112 126 132 161 193 955 955 197 190 195 177 176 172 170 172 172 172
"46" 77 47 64 100 109 164 164 955 955 955 955 331 290 183 196 189 186 186 186 186
"47" 641 646 684 694 188 167 166 955 955 955 955 196 194 183 189 183 182 184 184 184
"48" 928 908 955 955 182 163 163 955 955 955 955 197 196 177 181 176 170 173 173 173
"49" 491 486 955 955 182 166 166 955 955 955 955 199 198 180 185 178 176 178 178 178
"50" 420 180 955 955 177 165 165 955 955 955 955 206 200 181 186 180 179 180 180 180
"51" 955 955 955 955 183 166 166 955 955 955 955 349 216 184 335 193 189 187 187 187
"52" 244 293 324 955 187 163 163 955 955 955 955 200 200 183 194 186 185 185 185 185
"53" 108 70 89 95 176 162 163 955 955 955 955 201 201 187 201 192 188 189 189 189
"54" 157 138 955 153 165 162 162 955 955 955 955 199 196 179 189 179 178 177 177 177
"55" 955 955 955 955 191 164 163 955 955 955 955 197 199 179 185 182 178 179 179 179
"56" 670 955 955 955 185 164 163 955 955 955 955 194 194 178 187 182 181 182 182 182
"57" 86 61 78 87 176 164 164 955 955 955 955 192 194 181 184 179 179 181 181 181
"58" 87 77 102 108 143 165 165 955 955 955 955 321 228 181 199 188 187 187 187 187
"59" 132 322 955 955 184 163 163 955 955 955 955 196 196 178 184 177 176 177 177 177
"60" 620 174 955 955 173 167 166 955 955 955 955 200 356 180 187 180 179 179 179 179
"61" 272 102 330 955 182 164 163 955 955 955 200 193 194 176 180 168 169 172 172 172
"62" 429 437 458 475 179 166 165 955 955 955 955 207 280 181 193 184 183 182 182 182
"63" 107 62 97 107 124 134 139 955 955 955 955 194 196 181 182 179 178 178 178 178
"64" 561 559 955 955 180 166 166 955 955 955 955 199 197 178 190 184 182 182 182 182
"65" 516 227 955 955 187 164 164 955 955 955 955 955 318 183 188 181 181 183 183 183
"66" 354 62 85 955 188 167 163 955 955 955 955 193 197 180 190 183 184 182 182 182
"67" 698 706 955 955 189 166 166 955 955 955 955 187 193 180 186 183 182 182 182 182
"68" 143 298 955 955 188 167 167 955 955 955 955 192 191 176 179 174 174 173 173 173
"69" 111 85 108 118 116 137 143 955 955 955 955 191 191 177 174 169 168 170 170 170
"70" 470 485 594 955 184 165 164 955 955 955 955 196 194 179 187 180 176 177 177 177
"71" 198 955 955 955 183 164 164 955 955 955 955 199 197 181 188 181 179 182 182 182
"72" 383 380 416 443 178 165 164 955 955 955 955 200 200 178 181 177 176 177 177 177
"73" 119 125 955 955 183 163 163 955 955 955 955 200 201 180 198 183 184 183 183 183
"74" 118 50 107 118 122 126 143 955 955 955 955 196 199 180 185 178 176 177 177 177
"75" 261 252 955 955 182 164 164 955 955 955 955 200 198 180 182 177 175 177 177 177
"76" 77 100 496 955 188 167 166 955 955 955 955 201 198 180 190 188 185 183 183 183
"77" 303 305 955 955 182 165 165 955 955 955 198 189 194 177 179 174 171 173 173 173
"78" 160 69 143 154 162 164 164 955 955 955 955 203 203 183 199 186 187 189 189 189
"79" 77 86 955 955 183 164 164 955 955 955 201 197 196 181 192 185 184 181 181 181
"80" 955 65 955 955 176 164 164 955 955 955 955 955 321 182 200 188 186 187 187 187
"81" 87 52 69 79 85 94 147 955 955 955 202 193 195 181 193 188 186 183 183 183
"82" 99 67 110 129 145 130 163 955 955 955 955 191 196 180 196 191 187 185 185 185
"83" 95 95 955 955 182 165 165 955 955 955 955 195 197 182 188 182 180 180 180 180
"84" 109 62 78 86 112 163 163 955 955 955 955 205 203 181 190 183 181 182 182 182
"85" 68 59 78 88 101 167 166 955 955 955 955 201 201 179 188 182 182 183 183 183
"86" 188 162 955 955 176 166 166 955 955 955 955 191 192 176 178 171 169 172 172 172
"87" 134 110 135 141 142 157 164 955 955 955 955 201 302 183 200 195 193 190 190 190
"88" 190 531 558 955 179 163 163 955 955 955 955 200 196 179 176 175 173 176 176 176
"89" 888 72 91 98 112 165 165 955 955 955 955 194 196 179 186 182 181 181 181 181
"90" 447 49 531 562 177 163 163 955 955 955 955 194 194 177 187 183 181 181 181 181
"91" 169 144 201 223 172 167 164 955 955 955 955 199 200 184 187 188 188 188 188 188
"92" 955 955 955 955 182 167 166 955 955 955 955 197 198 180 199 193 190 188 188 188
"93" 955 955 955 955 182 162 162 955 955 955 955 196 196 181 191 182 183 184 184 184
"94" 99 51 90 123 128 128 130 955 955 955 955 196 201 183 202 194 195 193 193 193
"95" 955 955 955 955 182 162 162 955 955 955 955 193 195 178 190 184 182 179 179 179
"96" 576 66 955 955 188 166 166 955 955 955 955 200 278 182 198 192 192 192 192 192
"97" 124 53 672 696 189 168 168 955 955 955 955 196 194 178 174 169 171 174 174 174
"98" 176 180 955 955 179 163 163 955 955 955 955 193 199 181 192 189 188 186 186 186
"99" 228 871 955 955 192 166 165 955 955 955 955 201 200 180 192 178 177 177 177 177
"100" 387 60 195 955 179 167 167 955 955 955 955 342 305 189 201 192 190 191 191 191
"101" 877 901 955 955 183 163 163 955 955 955 955 201 199 180 192 185 183 184 184 184
"102" 955 90 955 955 183 167 167 955 955 955 955 198 198 180 197 189 186 184 184 184
"103" 172 162 955 955 183 164 164 955 955 955 955 196 197 182 192 186 184 183 183 183
"104" 707 53 955 955 180 165 165 955 955 955 955 201 198 183 192 188 187 186 186 186
"105" 240 69 260 326 180 164 164 955 955 955 955 200 201 176 177 170 170 174 174 174
"106" 275 276 955 955 186 164 164 955 955 955 955 216 210 180 189 184 185 185 185 185
"107" 89 45 93 955 98 164 164 955 955 955 955 330 204 181 190 183 182 183 183 183
"108" 58 48 955 955 178 166 165 955 955 955 955 955 231 184 195 187 187 189 189 189
"109" 595 607 955 955 181 162 162 955 955 955 955 347 251 182 206 191 190 190 190 190
"110" 615 77 955 955 176 164 155 955 955 955 955 200 199 181 193 179 179 181 181 181
"111" 604 610 724 955 179 163 163 955 955 955 955 196 194 179 190 182 178 178 178 178
"112" 379 374 423 522 177 163 164 955 955 955 955 203 201 176 184 176 175 177 177 177
"113" 709 724 955 955 183 164 164 955 955 955 955 194 193 179 190 183 185 185 185 185
"114" 955 955 955 955 188 163 163 955 955 955 955 193 198 182 188 183 180 182 182 182
"115" 43 44 155 155 122 109 117 955 955 955 955 200 204 182 187 178 178 182 182 182
"116" 180 122 145 156 154 166 163 955 955 955 955 195 198 181 199 186 188 186 186 186
"117" 124 75 94 110 113 132 163 955 955 955 955 326 274 188 201 193 189 189 189 189
"118" 102 87 124 135 136 166 165 955 955 955 955 190 191 175 186 174 171 173 173 173
"119" 955 955 955 955 187 167 166 955 955 955 955 955 283 187 199 190 190 187 187 187
"120" 267 153 955 955 182 167 164 955 955 955 955 203 202 179 180 176 175 175 175 175
"121" 168 67 116 131 124 127 164 955 955 955 955 955 201 182 191 184 183 184 184 184
"122" 952 185 955 955 172 146 121 955 955 955 955 195 197 177 176 167 165 170 170 170
"123" 96 59 93 109 113 121 166 955 955 955 955 199 197 183 183 180 179 181 181 181
"124" 399 68 955 955 182 166 166 955 955 955 955 190 193 177 181 173 170 173 173 173
"125" 955 955 955 955 186 164 164 955 955 955 955 200 201 183 196 192 191 189 189 189
"126" 66 42 91 103 113 122 135 955 955 955 955 294 197 181 185 179 178 180 180 180
"127" 955 105 955 955 183 163 163 955 955 955 955 349 199 182 185 176 174 175 175 175
"128" 50 49 955 955 183 164 164 955 955 955 955 197 199 180 188 182 181 182 182 182
"129" 460 473 955 955 191 167 164 955 955 955 955 955 200 180 189 185 184 184 184 184
"130" 742 107 771 955 184 163 163 955 955 955 955 196 194 180 188 185 185 185 185 185
"131" 260 82 325 364 184 163 163 955 955 955 955 198 197 182 196 192 189 187 187 187
"132" 104 85 738 760 175 166 166 955 955 955 955 195 197 180 183 179 176 178 178 178
"133" 78 66 83 86 115 113 135 955 955 955 955 955 225 185 194 190 188 190 190 190
"134" 380 848 955 955 181 163 163 201 955 955 200 190 192 178 174 172 173 174 174 174
"135" 175 114 142 150 152 166 166 173 186 955 193 184 187 174 175 173 173 175 175 175
"136" 955 955 955 955 180 165 165 955 955 955 201 195 188 175 184 178 178 178 178 178
"137" 208 806 955 955 183 166 165 955 955 955 955 955 200 181 196 188 188 189 189 189
"138" 151 110 138 955 180 165 165 955 955 955 955 955 300 186 192 183 184 182 182 182
"139" 635 712 955 955 184 164 164 955 955 955 955 202 199 181 194 184 181 182 182 182
"140" 117 112 128 137 135 135 166 955 955 955 955 189 193 174 191 180 177 178 178 178
"141" 254 62 75 76 72 77 77 955 955 955 955 190 196 178 188 181 179 179 179 179
"142" 955 955 955 955 183 164 164 108 955 955 187 180 189 173 172 162 162 166 166 166
"143" 447 468 955 955 180 167 166 955 955 955 955 955 311 183 190 185 184 185 185 185
"144" 147 126 152 164 157 164 164 955 955 955 196 189 195 181 191 187 185 184 184 184
"145" 955 955 955 955 179 164 164 955 955 955 955 198 195 177 189 182 181 179 179 179
"146" 101 55 85 600 178 164 164 955 955 955 955 196 198 181 188 182 181 180 180 180
"147" 177 842 955 955 183 169 169 955 955 955 955 199 310 184 190 185 183 183 183 183
"148" 150 57 135 955 182 146 133 955 955 955 955 195 199 182 185 179 173 174 174 174
"149" 194 41 955 955 176 165 165 955 955 955 955 194 195 182 194 184 186 184 184 184
"150" 430 473 661 955 177 164 164 955 955 955 955 196 197 182 191 184 184 184 184 184
"151" 398 73 146 955 174 163 163 955 955 955 194 189 193 179 175 173 171 174 174 174
"152" 490 478 955 955 178 164 164 955 955 955 955 204 202 177 192 183 178 177 177 177
"153" 104 62 94 113 118 133 163 955 955 955 955 197 199 183 189 185 182 184 184 184
"154" 535 443 955 955 196 168 167 955 955 955 955 955 198 184 197 193 188 185 185 185
"155" 110 120 326 350 171 155 154 955 955 955 199 187 190 181 181 179 178 180 180 180
"156" 119 87 103 113 104 104 132 955 955 955 955 195 194 178 185 181 179 181 181 181
"157" 233 235 252 248 179 163 163 192 955 955 190 182 187 171 174 170 168 170 170 170
"158" 175 955 955 955 181 167 167 955 955 955 955 200 197 177 194 183 179 179 179 179
"159" 98 87 955 955 181 164 164 955 955 955 955 196 196 179 195 185 182 182 182 182
"160" 748 105 126 955 175 165 165 955 955 955 955 199 196 175 170 163 160 163 163 163
"161" 642 111 955 955 184 164 164 955 955 955 955 191 194 175 191 181 178 176 176 176
"162" 701 724 955 955 183 163 163 955 955 955 955 217 275 178 187 176 176 177 177 177
"163" 815 955 955 955 186 166 165 955 955 955 955 303 272 185 197 188 183 184 184 184
"164" 955 52 955 955 174 164 164 955 955 955 955 188 198 178 188 172 171 174 174 174
"165" 58 43 57 68 80 166 164 955 955 955 955 192 194 181 185 181 179 179 179 179
"166" 630 638 955 955 174 163 163 955 955 955 955 189 191 177 187 179 176 178 178 178
"167" 651 691 955 955 180 166 166 955 955 955 955 200 208 184 193 183 184 184 184 184
"168" 229 699 955 955 179 163 163 955 955 955 955 195 196 182 194 182 183 182 182 182
"169" 199 55 955 955 183 166 165 955 955 955 955 201 199 182 199 189 186 188 188 188
"170" 955 99 130 143 190 167 167 955 955 955 955 194 202 185 198 191 191 188 188 188
"171" 596 955 955 955 179 166 165 955 955 955 955 197 201 178 189 177 176 177 177 177
"172" 188 75 142 158 156 146 147 955 955 955 955 955 199 181 180 179 177 180 180 180
"173" 747 113 171 955 176 166 166 955 955 955 955 200 199 179 179 173 174 174 174 174
"174" 314 313 337 743 179 163 163 955 955 955 192 186 186 176 178 173 175 175 175 175
"175" 252 251 955 955 176 164 164 955 955 955 955 194 193 179 189 182 179 179 179 179
"176" 440 474 955 955 185 165 165 955 955 955 955 195 194 172 176 165 167 166 166 166
"177" 188 75 276 955 176 164 164 955 955 955 955 198 198 180 183 179 179 180 180 180
"178" 472 955 955 955 189 165 164 955 955 955 955 198 199 182 200 191 189 185 185 185
"179" 955 955 955 955 186 166 165 955 955 955 955 193 201 182 194 187 187 184 184 184
"180" 776 74 955 955 189 167 164 955 955 955 955 289 243 186 199 189 188 190 190 190
"181" 148 89 116 111 112 122 133 955 955 955 955 201 199 178 194 183 183 181 181 181
"182" 225 848 955 955 176 164 164 955 955 955 955 195 195 179 186 178 180 180 180 180
"183" 329 147 955 955 172 167 167 955 955 955 191 187 190 177 175 172 170 171 171 171
"184" 452 62 486 955 182 167 164 955 955 955 955 317 224 183 191 184 183 183 183 183
"185" 349 49 573 955 183 165 165 955 955 955 955 198 198 178 187 174 174 176 176 176
"186" 158 106 128 160 162 155 166 955 955 955 955 194 195 180 188 183 180 180 180 180
"187" 613 111 152 955 181 154 164 955 955 955 955 188 194 178 187 178 174 175 175 175
"188" 339 357 395 955 185 164 164 955 955 955 209 183 189 172 185 177 173 175 175 175
"189" 167 165 220 955 179 163 163 955 955 955 955 187 191 177 186 174 174 174 174 174
"190" 453 450 955 955 184 164 164 955 955 955 955 198 201 182 194 184 181 182 182 182
"191" 355 955 955 955 182 164 164 955 955 955 955 195 194 179 182 176 175 178 178 178
"192" 788 955 955 955 178 164 164 955 955 955 955 191 194 181 184 181 181 182 182 182
"193" 192 194 249 955 180 162 162 955 955 955 197 187 192 176 176 165 166 169 169 169
"194" 49 42 51 58 59 65 111 955 955 955 955 955 199 181 201 188 187 187 187 187
"195" 277 50 312 955 183 163 163 955 955 955 955 189 193 174 175 172 171 173 173 173
"196" 170 120 160 175 174 163 163 955 955 955 955 200 195 179 192 181 181 183 183 183
"197" 139 955 955 955 180 166 166 955 955 955 955 955 202 182 198 190 188 189 189 189
"198" 390 269 339 361 182 163 163 955 955 955 955 193 196 176 196 186 182 181 181 181
"199" 955 955 955 955 186 166 166 955 955 955 955 196 199 181 196 188 184 186 186 186
"200" 201 216 955 955 179 167 167 955 955 955 955 196 195 177 188 184 178 179 179 179
"201" 453 71 169 955 175 165 164 955 955 955 955 206 199 180 198 185 183 183 183 183
"202" 637 649 955 955 184 165 165 955 955 955 955 194 194 179 187 185 183 182 182 182
"203" 346 84 955 955 181 166 166 955 955 955 955 193 194 184 188 187 183 183 183 183
"204" 136 77 104 143 139 144 166 955 955 955 955 209 211 185 188 186 185 186 186 186
"205" 824 955 955 955 178 163 163 955 955 955 955 955 199 184 194 193 193 191 191 191
"206" 106 74 100 148 148 164 164 955 955 955 955 198 197 183 195 190 186 186 186 186
"207" 93 78 99 955 183 163 163 955 955 955 955 311 257 182 189 185 184 184 184 184
"208" 255 145 881 902 183 164 164 955 955 955 955 351 286 181 195 188 188 185 185 185
"209" 97 802 955 955 182 163 163 955 955 955 955 191 197 181 197 186 182 181 181 181
"210" 411 409 452 955 188 167 165 955 955 955 955 192 194 178 190 183 182 182 182 182
"211" 351 362 387 955 186 167 166 955 955 955 955 191 191 181 191 183 181 181 181 181
"212" 121 59 118 124 73 116 128 955 955 955 955 198 195 177 187 175 172 173 173 173
"213" 635 682 723 955 149 164 163 955 955 955 955 955 225 182 193 187 185 187 187 187
"214" 624 46 101 105 122 166 166 955 955 955 955 193 198 180 195 181 181 181 181 181
"215" 395 402 955 955 182 167 167 955 955 955 198 187 192 178 181 180 176 175 175 175
"216" 955 164 955 955 174 163 163 955 955 955 955 199 198 182 194 183 180 181 181 181
"217" 491 91 955 955 189 167 165 955 955 955 955 197 196 182 185 180 181 181 181 181
"218" 60 47 66 75 75 89 112 955 955 955 955 196 197 179 183 178 179 180 180 180
"219" 60 47 61 65 79 87 164 955 955 955 955 194 196 179 181 171 170 174 174 174
"220" 955 159 955 167 164 159 163 955 955 955 194 192 197 175 179 170 168 171 171 171
"221" 464 451 483 495 181 164 164 955 955 955 955 192 192 177 170 165 168 168 168 168
"222" 59 53 65 75 79 131 164 955 955 955 955 193 192 178 189 180 178 178 178 178
"223" 293 98 132 133 126 159 166 955 955 955 955 200 195 180 187 184 183 183 183 183
"224" 142 50 955 955 187 164 163 955 955 955 955 198 196 180 192 186 184 184 184 184
"225" 284 68 955 955 181 164 164 955 955 955 955 290 200 181 199 193 190 189 189 189
"226" 495 521 955 955 187 165 165 955 955 955 955 200 198 183 194 187 188 187 187 187
"227" 421 65 81 446 187 166 165 955 955 955 955 194 192 177 184 179 179 178 178 178
"228" 868 52 71 77 81 163 163 955 955 955 955 200 198 182 192 188 185 185 185 185
"229" 458 470 527 955 181 162 163 955 955 955 955 310 201 180 191 186 187 189 189 189
"230" 369 398 955 955 186 166 166 955 955 955 955 205 204 184 222 196 192 191 191 191
"231" 198 51 264 955 182 163 163 955 955 955 955 192 193 174 174 169 167 169 169 169
"232" 80 87 117 136 138 135 140 955 955 955 955 339 247 185 189 187 185 187 187 187
"233" 745 75 121 134 137 133 143 189 955 955 193 186 194 180 174 174 172 176 176 176
"234" 55 49 105 123 131 142 165 955 955 955 955 193 195 181 196 189 187 186 186 186
"235" 304 298 955 955 176 163 163 955 955 955 955 955 243 184 201 192 189 190 190 190
"236" 335 104 955 955 187 167 167 955 955 955 955 189 193 178 180 174 170 171 171 171
"237" 98 60 79 94 100 163 163 955 955 955 955 207 200 182 190 184 180 182 182 182
"238" 69 68 110 155 156 161 162 155 955 955 194 188 194 174 168 165 163 166 166 166
"239" 187 96 117 124 181 164 164 955 955 955 955 193 194 180 180 176 178 178 178 178
"240" 104 955 955 955 185 163 163 955 955 955 955 201 197 177 178 173 174 177 177 177
"241" 793 64 920 955 183 165 165 955 955 955 955 187 195 180 196 188 185 183 183 183
"242" 955 955 955 955 180 166 166 955 955 955 955 204 199 179 187 182 180 182 182 182
"243" 676 66 955 955 182 164 164 955 955 955 955 333 322 183 191 183 184 184 184 184
"244" 532 549 565 585 184 168 168 955 955 955 955 201 201 180 199 190 188 186 186 186
"245" 155 57 955 955 178 166 165 955 955 955 955 955 199 183 191 186 184 184 184 184
"246" 955 69 955 955 183 164 164 955 955 955 955 198 200 181 191 183 184 184 184 184
"247" 152 146 182 189 172 163 164 955 955 955 955 200 197 178 180 176 173 176 176 176
"248" 470 492 955 955 181 167 167 955 955 955 955 197 197 179 190 185 182 182 182 182
"249" 76 62 75 955 185 166 165 955 955 955 955 194 191 175 191 181 177 178 178 178
"250" 70 62 86 128 169 164 164 955 955 955 955 200 201 182 202 191 190 190 190 190
"251" 319 324 955 955 178 166 166 955 955 955 955 198 197 178 181 179 178 178 178 178
"252" 617 620 955 955 178 165 165 955 955 955 955 191 189 178 186 178 175 178 178 178
"253" 817 955 955 955 185 167 164 955 955 955 955 206 198 181 198 189 185 184 184 184
"254" 237 955 955 955 183 163 163 955 955 955 955 198 197 181 192 186 186 186 186 186
"255" 88 62 450 839 172 166 165 955 955 955 955 190 195 179 182 178 178 179 179 179
"256" 119 86 955 955 179 118 122 955 955 955 955 190 194 180 297 187 187 185 185 185
"257" 151 115 144 144 150 164 164 955 955 955 955 192 198 182 195 185 183 183 183 183
"258" 505 474 955 955 182 163 163 955 955 955 196 191 199 181 186 181 179 179 179 179
"259" 505 945 955 955 176 167 166 955 955 955 955 195 194 180 195 190 187 185 185 185
"260" 320 330 955 955 188 163 163 955 955 955 955 197 204 181 193 185 185 184 184 184
"261" 181 165 955 955 184 169 166 955 955 955 955 185 188 177 188 182 181 181 181 181
"262" 134 135 686 697 180 164 164 955 955 955 955 199 197 179 198 182 181 181 181 181
"263" 591 955 955 955 181 165 164 955 955 207 191 186 191 180 183 175 176 176 176 176
"264" 801 811 955 955 186 166 165 955 955 955 955 194 195 179 187 179 179 180 180 180
"265" 344 861 893 927 182 166 164 955 955 955 955 196 194 179 190 180 176 177 177 177
"266" 367 77 369 955 189 164 164 955 955 955 955 197 195 178 191 181 178 180 180 180
"267" 408 955 955 955 186 167 165 955 955 955 955 296 280 189 260 202 202 201 201 201
"268" 145 827 955 955 185 164 164 955 955 955 955 201 205 184 191 183 180 181 181 181
"269" 505 55 955 955 180 164 164 955 955 955 955 298 276 185 198 190 189 186 186 186
"270" 75 48 85 488 180 166 165 955 955 955 955 197 197 183 192 185 184 184 184 184
"271" 955 955 955 955 191 166 166 955 955 955 955 955 354 187 200 191 188 187 187 187
"272" 564 564 598 623 181 167 166 955 955 955 955 200 210 184 198 187 187 186 186 186
"273" 617 611 955 955 179 167 166 955 955 955 955 198 197 178 190 182 180 179 179 179
"274" 180 171 197 221 177 166 166 955 955 955 955 197 199 179 195 184 183 184 184 184
"275" 183 955 955 955 180 166 165 955 955 955 955 189 196 181 190 184 182 181 181 181
"276" 119 123 955 955 186 165 165 955 955 955 955 358 271 183 195 182 184 183 183 183
"277" 193 160 510 955 177 165 165 955 955 955 187 187 190 177 175 174 173 176 176 176
"278" 77 81 955 955 184 164 164 955 955 955 955 201 200 182 195 188 183 183 183 183
"279" 727 151 731 955 183 165 164 955 955 955 955 198 198 181 181 178 176 178 178 178
"280" 220 73 187 955 181 163 162 955 955 955 955 195 195 179 195 185 184 183 183 183
"281" 323 106 651 673 182 167 166 955 955 955 955 194 193 179 183 183 180 180 180 180
"282" 344 91 955 955 119 123 166 955 955 955 197 190 192 179 178 173 172 173 173 173
"283" 75 65 81 107 114 165 165 955 955 955 955 197 196 178 197 189 189 187 187 187
"284" 111 716 750 955 189 164 164 955 955 955 955 200 244 182 181 171 175 178 178 178
"285" 79 60 86 794 181 163 163 955 955 955 955 199 198 181 199 192 189 187 187 187
"286" 119 58 113 120 122 123 120 955 955 955 955 955 197 182 185 183 183 184 184 184
"287" 117 95 127 177 171 163 162 955 955 955 197 186 185 173 179 175 174 174 174 174
"288" 398 333 955 955 176 164 164 955 955 955 955 199 202 177 184 178 177 178 178 178
"289" 118 111 955 955 181 163 163 955 955 955 955 346 316 187 192 188 188 190 190 190
"290" 640 63 955 955 184 164 164 955 955 955 955 194 197 180 189 183 184 185 185 185
"291" 281 285 955 955 176 162 162 955 955 955 955 194 196 176 199 184 178 179 179 179
"292" 252 253 582 619 182 166 165 955 955 955 955 197 197 179 195 185 187 185 185 185
"293" 119 57 69 109 113 115 136 955 955 955 955 199 200 185 199 192 191 192 192 192
"294" 907 77 118 955 180 168 167 955 955 955 955 955 238 185 191 185 186 186 186 186
"295" 229 107 955 955 187 163 163 955 955 955 955 191 197 182 188 185 183 181 181 181
"296" 345 496 955 955 179 163 163 955 955 955 955 194 194 178 190 186 179 179 179 179
"297" 819 827 955 955 180 166 166 955 955 955 955 197 195 181 191 189 186 184 184 184
"298" 355 71 130 139 123 126 147 955 955 955 955 234 304 184 191 184 184 184 184 184
"299" 612 63 955 955 180 165 165 955 955 955 955 189 194 176 194 185 183 182 182 182
"300" 101 116 416 955 174 162 162 955 955 955 955 288 269 182 193 186 184 185 185 185
"301" 332 84 955 955 185 165 165 955 955 955 955 190 196 178 186 180 178 176 176 176
"302" 272 173 955 955 182 167 164 955 955 955 955 955 313 179 198 184 184 183 183 183
"303" 317 399 955 955 179 163 163 955 955 955 955 955 224 180 189 180 179 180 180 180
"304" 136 82 126 146 145 167 168 955 955 955 955 193 194 178 187 182 181 180 180 180
"305" 66 53 69 955 176 164 164 955 955 955 955 195 196 181 192 185 186 185 185 185
"306" 93 86 167 176 173 164 165 955 955 955 955 955 276 181 188 183 183 183 183 183
"307" 190 71 955 955 181 163 163 955 955 955 955 200 316 179 196 184 184 184 184 184
"308" 245 268 955 955 186 164 164 955 955 955 955 194 196 180 184 183 178 180 180 180
"309" 636 955 955 955 192 166 165 955 955 955 955 197 192 178 178 173 173 173 173 173
"310" 235 583 955 955 193 167 167 955 955 955 955 306 196 180 179 172 171 177 177 177
"311" 280 539 955 955 180 166 165 955 955 955 955 341 206 182 188 184 183 185 185 185
"312" 913 926 954 955 181 164 164 955 955 955 955 198 200 186 198 187 189 188 188 188
"313" 89 66 86 98 181 166 166 955 955 955 955 201 199 180 189 181 181 181 181 181
"314" 367 106 955 955 185 165 164 955 955 955 955 355 260 182 192 183 183 185 185 185
"315" 276 289 955 955 183 162 162 955 955 955 955 198 198 178 189 182 182 179 179 179
"316" 880 60 955 955 183 167 166 955 955 955 200 190 194 180 189 181 179 178 178 178
"317" 521 955 955 955 183 163 163 955 955 955 955 189 196 179 186 178 172 174 174 174
"318" 342 58 433 457 185 168 168 955 955 955 955 955 339 186 190 186 185 187 187 187
"319" 504 97 955 955 182 164 163 955 955 955 955 189 199 181 200 189 186 185 185 185
"320" 598 955 955 955 114 105 108 955 955 955 955 197 197 179 171 171 167 172 172 172
"321" 168 140 168 191 174 163 163 955 955 955 955 196 197 182 189 185 185 185 185 185
"322" 229 864 955 955 180 167 166 955 955 955 955 195 197 179 190 184 182 182 182 182
"323" 104 54 81 89 93 100 120 955 955 955 202 195 196 180 190 182 180 180 180 180
"324" 96 58 81 101 103 124 163 955 955 955 955 200 199 177 207 192 187 188 188 188
"325" 133 82 131 135 185 164 164 955 955 955 955 198 196 181 187 184 181 181 181 181
"326" 183 843 955 955 176 164 164 955 955 955 955 955 221 181 184 178 182 181 181 181
"327" 849 955 955 955 185 166 165 955 955 955 955 192 194 176 193 183 179 177 177 177
"328" 94 56 94 97 99 99 114 955 955 955 197 192 192 182 195 189 190 188 188 188
"329" 90 74 99 102 114 114 164 955 955 955 955 205 205 184 194 187 187 185 185 185
"330" 107 103 125 955 177 167 166 955 955 955 955 201 200 180 199 187 186 185 185 185
"331" 106 94 750 955 182 165 164 955 955 955 955 193 193 184 191 186 186 185 185 185
"332" 265 50 955 955 185 166 165 955 955 955 955 200 208 181 195 185 187 184 184 184
"333" 169 74 134 146 142 153 164 955 955 955 955 198 200 182 197 192 187 186 186 186
"334" 58 50 91 955 177 165 165 955 955 955 955 197 194 179 186 181 179 181 181 181
"335" 370 66 955 955 186 166 166 955 955 955 955 955 255 184 191 183 182 182 182 182
"336" 305 305 367 955 185 165 165 955 955 955 955 335 270 181 304 193 192 190 190 190
"337" 732 955 955 955 185 163 163 955 955 955 955 195 197 179 191 181 182 181 181 181
"338" 462 500 568 850 184 162 162 955 955 955 955 339 308 183 185 179 178 181 181 181
"339" 316 945 955 955 184 164 164 955 955 955 955 189 194 177 179 170 169 172 172 172
"340" 109 123 700 732 183 165 165 955 955 955 955 190 192 176 180 172 172 173 173 173
"341" 69 56 335 955 184 164 163 955 955 955 188 185 190 178 178 173 170 170 170 170
"342" 252 503 955 955 180 163 163 955 955 955 955 190 189 174 181 176 175 176 176 176
"343" 150 34 130 173 168 162 162 955 955 955 955 191 191 177 186 176 173 176 176 176
"344" 121 955 955 955 180 164 164 955 955 955 955 271 262 183 204 191 186 185 185 185
"345" 60 49 66 82 72 80 88 955 955 955 955 195 196 180 197 189 186 185 185 185
"346" 33 31 44 53 56 64 92 955 955 955 955 197 197 183 189 178 178 178 178 178
"347" 95 88 109 116 110 110 156 955 955 955 955 196 197 182 191 182 181 181 181 181
"348" 67 77 955 955 181 164 164 955 955 955 955 201 195 178 188 183 182 182 182 182
"349" 364 63 127 955 171 166 166 955 955 955 955 197 198 179 191 177 175 176 176 176
"350" 955 75 955 955 186 165 165 955 955 955 955 191 194 180 191 181 180 180 180 180
"351" 293 66 955 955 180 163 163 955 955 955 955 195 196 179 193 186 184 182 182 182
"352" 335 371 955 955 178 167 166 955 955 955 955 191 193 177 188 178 173 174 174 174
"353" 368 362 386 955 182 167 155 955 955 955 191 180 186 170 172 168 159 162 162 162
"354" 122 101 955 955 180 165 165 955 955 955 955 202 201 184 192 186 185 186 186 186
"355" 803 955 955 955 175 162 162 955 955 955 955 193 193 180 182 180 179 179 179 179
"356" 410 85 955 955 186 165 165 955 955 955 955 212 203 187 196 191 191 191 191 191
"357" 331 349 955 955 187 163 163 955 955 955 955 330 241 182 183 173 174 176 176 176
"358" 47 36 58 955 185 164 164 955 955 955 955 203 196 180 190 184 185 185 185 185
"359" 311 308 955 315 182 163 163 955 955 955 955 197 195 178 190 185 183 183 183 183
"360" 137 75 142 955 175 165 165 955 955 955 955 338 204 184 198 190 188 188 188 188
"361" 859 51 955 955 181 164 164 955 955 955 955 333 203 183 186 183 182 183 183 183
"362" 299 46 955 955 183 164 164 955 955 955 955 197 200 182 190 183 183 183 183 183
"363" 249 277 308 332 177 166 165 955 955 955 955 190 197 176 177 171 170 170 170 170
"364" 100 79 139 955 180 163 163 955 955 955 955 955 343 181 191 185 184 184 184 184
"365" 251 45 955 955 187 165 165 955 955 955 955 198 199 182 187 180 176 178 178 178
"366" 98 90 155 955 178 164 164 955 955 955 198 193 195 174 193 183 176 176 176 176
"367" 148 67 171 183 170 153 143 955 955 955 955 195 194 176 176 170 169 173 173 173
"368" 353 317 637 666 180 166 166 955 955 955 955 196 197 181 191 185 184 184 184 184
"369" 548 586 663 697 181 164 164 955 955 955 955 955 201 179 191 183 180 180 180 180
"370" 170 92 129 145 165 163 164 955 955 955 955 955 314 184 192 188 187 186 186 186
"371" 955 955 955 955 179 163 163 955 955 955 955 190 191 175 178 175 174 175 175 175
"372" 60 58 84 94 98 118 142 955 955 955 955 194 195 180 189 181 182 183 183 183
"373" 453 465 955 955 180 166 165 955 955 955 955 188 194 176 176 178 175 175 175 175
"374" 85 64 86 93 90 101 103 955 955 955 200 188 189 175 170 167 163 167 167 167
"375" 200 955 955 955 183 163 163 955 955 955 955 199 197 179 188 181 181 183 183 183
"376" 207 299 955 955 181 167 166 955 955 955 955 195 192 179 187 186 184 184 184 184
"377" 344 516 955 955 191 169 168 955 955 955 955 200 197 179 195 185 183 185 185 185
"378" 138 90 145 955 167 164 164 955 955 955 955 190 195 179 177 175 175 175 175 175
"379" 47 37 145 151 148 166 166 955 955 955 955 198 198 179 188 179 177 178 178 178
"380" 85 61 86 122 137 123 119 955 955 955 955 193 200 184 191 183 182 182 182 182
"381" 235 92 955 955 188 166 164 955 955 955 955 193 194 178 192 174 175 176 176 176
"382" 765 543 955 955 178 165 165 955 955 955 955 199 198 180 194 184 181 180 180 180
"383" 955 955 955 955 182 164 164 955 955 955 955 197 197 181 186 181 177 180 180 180
"384" 116 108 955 955 183 163 163 955 955 955 200 190 198 179 189 180 178 178 178 178
"385" 873 91 955 196 176 165 165 955 955 955 955 190 195 180 190 184 181 182 182 182
"386" 955 955 955 955 199 166 166 955 955 955 955 199 206 184 196 191 187 185 185 185
"387" 226 955 955 955 182 163 163 204 955 955 201 193 195 182 182 178 179 180 180 180
"388" 335 108 955 955 174 163 163 955 955 955 955 201 200 180 190 175 176 179 179 179
"389" 548 955 955 955 182 163 163 955 955 955 955 205 200 181 195 187 184 186 186 186
"390" 884 885 955 955 188 162 162 955 955 955 955 323 292 182 187 185 182 184 184 184
"391" 84 66 82 90 98 126 165 955 955 955 955 333 314 183 197 189 186 186 186 186
"392" 316 326 955 955 184 165 164 955 955 955 955 197 200 181 189 182 180 179 179 179
"393" 696 703 730 955 189 166 166 955 955 955 955 197 196 179 315 186 181 181 181 181
"394" 144 65 82 91 178 165 165 955 955 955 195 181 187 176 175 174 172 173 173 173
"395" 47 47 61 72 84 87 143 955 955 955 955 955 199 183 187 186 186 187 187 187
"396" 275 228 274 303 183 167 165 955 955 955 955 955 288 181 200 188 187 186 186 186
"397" 601 597 955 955 195 166 166 955 955 955 955 192 194 179 192 181 180 179 179 179
"398" 107 103 125 132 131 137 157 955 955 955 955 199 197 181 188 178 180 181 181 181
"399" 96 955 955 955 183 163 163 955 955 955 955 200 197 176 184 175 174 175 175 175
"400" 196 260 535 955 178 164 164 955 955 955 955 284 200 179 188 186 183 184 184 184
"401" 115 422 955 955 178 165 165 955 955 955 197 184 192 177 182 178 176 176 176 176
"402" 795 70 955 955 188 163 163 955 955 955 955 189 197 184 185 182 181 181 181 181
"403" 955 141 955 955 181 166 164 955 955 955 955 199 199 179 188 180 181 181 181 181
"404" 196 173 692 955 177 165 165 955 955 955 955 192 192 177 178 175 172 174 174 174
"405" 90 94 955 955 187 165 165 955 955 955 955 955 331 182 191 187 184 183 183 183
"406" 434 442 955 955 183 164 164 955 955 955 955 191 196 177 178 176 174 176 176 176
"407" 228 76 955 955 183 164 164 955 955 955 955 196 195 179 190 185 185 183 183 183
"408" 180 61 955 955 181 165 165 955 955 955 955 194 193 179 181 180 181 181 181 181
"409" 156 70 107 125 125 147 165 955 955 955 955 195 196 178 181 174 176 178 178 178
"410" 618 655 955 955 191 167 165 955 955 955 955 197 197 186 192 188 186 186 186 186
"411" 99 75 95 105 115 123 132 955 955 955 955 220 201 183 191 185 186 186 186 186
"412" 73 46 76 127 175 163 163 955 955 955 955 200 198 179 198 187 182 180 180 180
"413" 81 75 93 103 98 110 108 955 955 955 955 193 196 180 179 171 166 171 171 171
"414" 812 172 955 955 176 163 163 955 955 955 955 339 235 184 196 191 186 186 186 186
"415" 708 713 955 955 186 165 165 955 955 955 201 191 190 177 177 173 174 177 177 177
"416" 955 955 955 955 184 163 163 955 955 955 955 955 311 180 193 183 180 181 181 181
"417" 270 81 97 955 120 163 163 955 955 955 955 200 200 184 285 195 194 190 190 190
"418" 192 232 662 955 177 163 163 955 955 955 199 188 196 177 193 180 178 177 177 177
"419" 955 955 955 955 187 167 166 955 955 955 955 200 196 178 184 178 174 176 176 176
"420" 955 47 955 955 183 166 165 955 955 955 955 188 191 177 183 178 177 176 176 176
"421" 58 58 460 955 188 167 165 955 955 955 955 198 193 176 194 187 183 182 182 182
"422" 854 955 955 955 188 167 167 955 955 955 955 200 203 183 187 182 183 183 183 183
"423" 480 684 773 823 183 168 167 955 955 955 201 191 192 178 185 182 182 181 181 181
"424" 408 375 409 436 186 166 165 955 955 955 955 193 194 178 186 181 179 178 178 178
"425" 82 91 955 130 114 127 166 955 955 955 955 190 192 181 191 185 179 179 179 179
"426" 184 85 955 955 176 165 165 955 955 955 955 188 191 176 175 173 172 173 173 173
"427" 838 955 955 955 177 164 164 955 955 955 955 197 198 182 196 191 188 187 187 187
"428" 277 147 187 955 178 165 165 955 955 955 955 194 196 177 180 176 177 178 178 178
"429" 155 890 955 955 185 165 165 955 955 955 955 203 253 182 195 188 187 187 187 187
"430" 183 196 955 955 179 167 166 955 955 955 955 200 198 179 187 181 181 181 181 181
"431" 672 412 930 955 183 166 164 955 955 955 955 196 196 183 190 183 181 179 179 179
"432" 955 955 955 955 179 166 166 955 955 955 955 955 199 178 191 181 181 181 181 181
"433" 118 110 955 955 182 162 162 955 955 955 955 194 196 179 188 179 175 177 177 177
"434" 66 48 78 80 80 80 165 955 955 955 206 188 192 182 186 182 180 181 181 181
"435" 269 290 955 955 179 165 165 955 955 955 955 199 201 178 182 175 174 177 177 177
"436" 104 106 155 180 172 162 162 955 955 955 955 199 197 177 185 177 177 177 177 177
"437" 955 382 955 955 182 167 166 955 955 955 955 195 195 181 187 183 182 183 183 183
"438" 173 80 97 126 122 129 149 955 955 955 955 335 200 182 200 189 183 187 187 187
"439" 143 51 76 74 75 103 116 955 955 955 955 192 194 180 180 174 174 177 177 177
"440" 72 48 59 70 77 101 107 955 955 955 955 194 196 181 196 192 190 188 188 188
"441" 48 50 88 84 88 108 120 955 955 955 955 955 199 181 191 184 183 183 183 183
"442" 85 58 81 121 181 162 162 955 955 955 955 226 200 184 190 181 182 183 183 183
"443" 685 46 752 781 184 164 164 955 955 955 955 201 198 180 186 184 184 184 184 184
"444" 302 52 955 955 182 166 164 955 955 955 955 200 194 178 185 180 178 178 178 178
"445" 443 467 955 955 185 163 163 955 955 955 955 955 345 185 192 186 185 187 187 187
"446" 83 56 78 82 77 79 109 955 955 955 955 250 229 180 189 184 181 181 181 181
"447" 870 955 955 955 176 163 163 955 955 955 955 345 201 183 194 186 185 184 184 184
"448" 83 212 239 256 182 164 164 955 955 955 955 198 195 176 190 182 177 177 177 177
"449" 54 52 68 71 141 163 164 955 955 955 955 199 197 178 185 178 177 177 177 177
"450" 329 955 955 955 182 166 163 955 955 955 955 200 221 185 190 184 185 186 186 186
"451" 768 188 955 955 177 162 162 955 955 955 955 193 191 176 175 172 172 174 174 174
"452" 179 126 955 955 175 163 163 955 955 955 955 194 311 178 185 179 178 178 178 178
"453" 126 112 955 955 186 166 165 955 955 955 955 193 193 179 179 175 175 177 177 177
"454" 580 195 955 955 184 163 163 955 955 955 955 208 208 179 187 181 182 181 181 181
"455" 216 91 121 955 183 165 165 955 955 955 955 201 201 181 194 186 185 184 184 184
"456" 317 288 419 955 185 165 165 955 955 955 196 192 194 179 192 185 184 184 184 184
"457" 219 955 955 955 185 164 164 955 955 955 955 177 184 174 176 172 167 168 168 168
"458" 69 71 955 955 185 165 164 955 955 955 955 189 191 178 174 174 174 175 175 175
"459" 143 94 955 955 186 166 165 955 955 955 955 191 197 182 198 190 190 187 187 187
"460" 258 181 560 592 177 165 165 955 955 955 955 194 195 181 183 180 181 181 181 181
"461" 184 89 182 955 175 164 164 955 955 955 955 195 193 175 183 172 172 173 173 173
"462" 211 56 199 290 176 164 164 955 955 955 955 321 243 182 197 192 190 190 190 190
"463" 251 54 143 147 141 143 165 955 955 955 955 191 194 180 188 182 179 182 182 182
"464" 75 55 73 84 95 110 163 955 955 955 955 193 190 177 184 178 178 179 179 179
"465" 267 888 955 955 182 164 164 955 955 955 955 191 195 178 185 177 177 177 177 177
"466" 355 55 955 955 63 68 162 955 955 955 955 199 198 178 197 181 180 179 179 179
"467" 164 136 176 177 163 162 163 955 955 955 955 191 194 174 168 166 165 168 168 168
"468" 955 98 955 955 183 167 164 955 955 955 955 199 270 180 195 188 183 182 182 182
"469" 345 348 955 955 186 164 164 955 955 955 955 199 198 180 179 174 169 171 171 171
"470" 178 119 142 160 152 163 163 955 955 955 955 288 226 184 197 184 183 184 184 184
"471" 302 305 334 955 184 164 164 955 955 955 955 198 198 177 184 179 177 176 176 176
"472" 955 955 955 955 184 166 166 955 955 955 955 199 194 180 179 177 177 177 177 177
"473" 241 261 305 955 180 163 163 955 955 955 955 214 199 180 189 181 181 179 179 179
"474" 83 90 112 116 118 134 163 955 955 955 955 191 193 179 181 179 180 179 179 179
"475" 81 71 93 112 111 118 125 955 955 955 195 182 188 176 172 169 167 168 168 168
"476" 315 332 851 955 174 163 163 955 955 955 955 289 238 181 192 185 181 181 181 181
"477" 705 93 110 110 103 103 96 955 955 955 201 193 193 176 176 168 164 168 168 168
"478" 256 87 319 955 187 166 165 955 955 955 955 955 195 180 188 180 179 180 180 180
"479" 641 286 658 955 185 166 165 955 955 955 955 198 199 179 196 185 180 180 180 180
"480" 760 603 955 955 180 166 165 955 955 955 955 201 200 177 184 180 181 181 181 181
"481" 553 56 123 955 174 163 163 955 955 955 955 200 197 178 191 186 185 183 183 183
"482" 472 463 955 955 180 167 167 955 955 955 955 348 314 183 188 184 181 185 185 185
"483" 316 308 343 358 186 167 167 955 955 955 955 201 195 178 187 180 179 180 180 180
"484" 378 360 431 436 179 165 164 955 955 955 955 955 292 187 197 191 190 190 190 190
"485" 667 81 955 955 179 164 163 955 955 955 955 200 200 180 188 176 174 176 176 176
"486" 88 91 110 126 126 139 166 955 955 955 955 197 196 179 189 180 180 181 181 181
"487" 331 82 955 955 181 166 166 955 955 955 955 188 193 177 186 180 175 176 176 176
"488" 955 148 955 955 182 163 163 955 955 955 955 199 196 181 195 188 187 187 187 187
"489" 169 125 160 955 177 166 165 955 955 955 955 206 203 185 191 189 189 188 188 188
"490" 955 52 955 955 190 164 164 955 955 955 955 206 202 184 191 184 183 184 184 184
"491" 290 87 901 955 182 163 163 955 955 955 955 266 202 185 200 194 187 188 188 188
"492" 480 493 955 955 186 164 164 955 955 955 955 290 199 183 196 188 188 186 186 186
"493" 146 916 955 955 178 165 165 955 955 955 955 360 208 179 192 182 182 183 183 183
"494" 309 746 955 955 186 167 166 955 955 955 955 194 197 181 199 187 187 187 187 187
"495" 537 84 105 663 185 166 165 955 955 955 190 187 195 174 177 172 167 172 172 172
"496" 289 57 140 159 167 164 164 955 955 955 955 204 201 183 196 189 186 186 186 186
"497" 713 109 955 955 181 166 165 955 955 955 955 199 201 179 186 181 179 180 180 180
"498" 76 152 955 955 179 168 165 955 955 955 955 188 187 176 167 166 166 168 168 168
"499" 183 148 955 955 184 167 167 955 955 955 955 188 188 175 167 167 165 168 168 168
"500" 201 194 293 955 177 164 164 955 955 955 955 955 203 183 194 183 183 182 182 182
