"max_pca1" "max_pca2" "max_pca3" "max_pca5" "max_pca10" "max_pca20" "max_pca40" "min_pca1" "min_pca2" "min_pca3" "min_pca5" "min_pca10" "min_pca20" "min_pca40" "tpca0.8" "tpca0.9" "tpca0.95" "tpca0.99" "tpca0.995" "tpca0.999"
"1" 468 955 955 955 955 955 955 955 955 955 955 955 955 955 171 183 185 195 195 195
"2" 119 57 95 98 94 955 955 955 955 955 955 955 955 955 186 195 198 955 955 955
"3" 523 710 768 774 783 792 955 955 955 955 955 955 955 319 178 187 192 198 198 198
"4" 196 48 606 604 955 225 225 955 955 955 955 955 955 293 179 189 192 200 200 200
"5" 59 49 64 73 86 91 190 955 955 955 955 955 955 955 200 955 955 955 955 955
"6" 604 167 955 955 955 955 955 955 955 955 955 955 955 955 955 955 955 955 955 955
"7" 181 136 955 955 955 955 955 955 955 955 955 955 955 955 170 170 169 186 186 186
"8" 440 955 955 955 955 955 955 955 955 955 955 955 955 303 199 303 303 303 303 303
"9" 43 33 43 82 100 107 127 955 955 955 955 955 955 274 220 274 274 274 274 274
"10" 131 74 132 955 134 955 955 955 955 955 955 955 955 955 191 196 197 955 955 955
"11" 175 227 246 701 704 955 955 955 955 955 955 955 955 350 192 350 350 350 350 350
"12" 722 719 955 955 955 955 955 955 955 955 955 955 955 955 176 202 201 955 955 955
"13" 274 282 955 955 955 955 955 955 955 955 955 955 955 955 191 955 955 955 955 955
"14" 182 90 955 955 955 955 955 955 955 955 955 955 955 333 178 184 190 196 196 196
"15" 190 50 575 576 955 955 955 955 955 955 955 955 955 309 200 309 309 309 309 309
"16" 833 667 955 955 955 955 955 955 955 955 955 955 955 955 181 189 190 195 195 195
"17" 45 75 955 955 955 955 955 955 955 955 955 955 955 322 166 170 169 176 176 176
"18" 955 955 955 955 955 955 955 955 955 955 955 955 955 955 167 176 176 185 185 185
"19" 459 452 955 955 955 955 955 955 955 955 955 955 955 955 955 955 955 955 955 955
"20" 118 45 121 130 189 188 197 955 955 955 955 955 955 955 955 955 955 955 955 955
"21" 248 243 275 281 316 955 955 955 955 955 955 955 955 955 177 188 190 200 200 200
"22" 836 84 955 955 955 955 955 955 955 955 955 955 955 955 186 192 189 197 197 197
"23" 65 49 62 70 77 95 133 955 955 955 955 955 955 337 181 337 337 337 337 337
"24" 858 648 955 955 955 955 955 955 955 955 955 955 955 955 153 158 161 173 173 173
"25" 955 150 955 955 955 955 955 955 955 955 955 955 955 350 202 350 350 350 350 350
"26" 40 41 109 112 125 130 955 955 955 955 955 955 955 955 159 168 167 180 180 180
"27" 149 138 955 955 955 955 955 955 955 955 955 955 955 955 180 195 196 955 955 955
"28" 225 131 955 955 955 955 955 955 955 955 955 955 955 331 190 198 331 331 331 331
"29" 131 91 141 955 850 955 955 955 955 955 955 955 955 955 189 955 955 955 955 955
"30" 333 82 108 385 177 171 168 955 955 955 955 955 955 321 176 177 179 196 196 196
"31" 72 34 77 84 89 100 955 955 955 955 955 955 955 955 955 955 955 955 955 955
"32" 196 758 781 955 955 955 955 955 955 955 955 955 955 341 195 201 199 341 341 341
"33" 955 158 955 955 955 955 955 955 955 955 955 955 955 955 955 955 955 955 955 955
"34" 166 202 230 239 248 263 955 955 955 955 955 955 955 242 181 185 188 242 242 242
"35" 89 64 85 95 96 109 130 955 955 955 955 955 955 353 177 182 182 196 196 196
"36" 955 50 955 955 955 955 955 955 955 955 955 955 955 955 180 188 192 955 955 955
"37" 656 645 873 894 887 916 955 955 955 955 955 955 955 955 197 955 955 955 955 955
"38" 129 105 156 178 184 184 955 955 955 955 955 955 955 955 166 176 176 184 184 184
"39" 955 955 955 955 955 955 955 955 955 955 955 955 955 346 173 189 346 346 346 346
"40" 514 82 581 955 955 955 955 955 955 955 955 955 955 955 179 195 955 955 955 955
"41" 404 400 420 440 445 448 460 955 955 955 955 955 955 955 955 955 955 955 955 955
"42" 87 65 87 126 124 130 134 955 955 955 955 955 955 955 173 186 185 955 955 955
"43" 955 949 955 955 955 955 955 955 955 955 955 955 955 193 170 177 182 187 187 187
"44" 463 130 529 525 531 542 567 955 955 955 955 955 955 955 178 180 185 196 196 196
"45" 84 59 92 112 126 132 955 171 955 955 955 955 955 955 163 172 181 187 187 187
"46" 77 47 64 100 109 955 955 955 955 955 955 955 955 265 174 190 190 265 265 265
"47" 554 610 684 689 698 731 955 955 955 955 955 955 955 955 198 955 955 955 955 955
"48" 269 907 955 955 955 955 955 955 955 955 955 955 955 955 160 164 164 183 183 183
"49" 497 484 529 955 955 955 955 955 955 955 955 955 955 955 174 181 185 197 197 197
"50" 431 180 955 955 955 955 955 955 955 955 955 955 955 286 182 192 193 286 286 286
"51" 532 689 955 955 955 955 955 955 955 955 955 955 955 955 955 955 955 955 955 955
"52" 217 281 307 325 955 509 504 955 955 955 955 955 955 324 195 324 324 324 324 324
"53" 108 70 89 95 955 955 269 955 955 955 955 955 955 955 955 955 955 955 955 955
"54" 157 138 955 153 955 955 955 955 955 955 955 955 955 303 179 187 187 197 197 197
"55" 955 955 955 955 955 955 955 955 955 955 955 955 955 955 160 195 200 955 955 955
"56" 654 571 955 955 955 955 955 955 955 955 955 955 955 299 175 185 192 299 299 299
"57" 86 61 78 87 955 955 955 955 955 955 955 955 955 955 182 193 198 955 955 955
"58" 87 77 102 108 143 955 955 955 955 955 955 955 955 327 188 327 327 327 327 327
"59" 132 315 955 955 955 955 955 955 955 955 955 955 955 955 178 190 190 955 955 955
"60" 955 174 955 955 955 955 955 955 955 955 955 955 955 353 168 180 190 353 353 353
"61" 283 102 339 955 955 955 955 955 955 955 955 955 955 196 142 168 167 175 175 175
"62" 466 452 505 955 955 955 955 955 955 955 955 955 955 955 190 200 955 955 955 955
"63" 107 62 97 107 124 134 139 955 955 955 955 955 955 321 163 168 170 187 187 187
"64" 618 586 955 955 955 955 955 955 955 955 955 955 955 315 186 192 192 315 315 315
"65" 282 218 955 955 955 955 955 955 955 955 955 955 955 246 175 180 190 201 201 201
"66" 947 62 85 955 955 955 955 955 955 955 955 955 955 955 194 205 955 955 955 955
"67" 673 683 704 714 738 955 955 955 955 955 955 955 955 955 204 955 955 955 955 955
"68" 143 242 955 955 955 955 955 955 955 955 955 955 955 290 163 185 178 192 192 192
"69" 111 85 108 118 116 137 143 955 955 955 955 955 955 352 166 176 176 186 186 186
"70" 485 538 955 955 955 955 955 955 955 955 955 955 955 955 175 183 187 197 197 197
"71" 197 955 955 955 955 955 955 955 955 955 955 955 955 955 165 185 188 196 196 196
"72" 406 410 427 435 458 471 955 955 955 955 955 955 955 955 167 171 177 194 194 194
"73" 119 125 955 955 955 955 955 955 955 955 955 955 955 332 180 193 194 332 332 332
"74" 118 50 107 118 122 126 143 955 955 955 955 955 955 955 172 181 182 196 196 196
"75" 654 250 955 955 955 955 955 955 955 955 955 955 955 321 177 190 176 198 198 198
"76" 77 100 436 454 467 955 955 955 955 955 955 955 955 955 200 955 955 955 955 955
"77" 303 295 955 955 955 955 955 955 955 955 955 955 955 955 161 163 165 173 173 173
"78" 160 69 143 154 160 167 184 955 955 955 955 955 955 955 194 200 955 955 955 955
"79" 77 86 739 955 955 195 955 955 955 955 955 955 955 955 200 955 955 955 955 955
"80" 955 65 955 955 955 955 955 955 955 955 955 955 955 955 192 955 955 955 955 955
"81" 87 52 69 79 85 94 147 955 955 955 955 955 955 955 206 955 955 955 955 955
"82" 99 67 110 129 145 130 169 955 955 955 955 955 955 955 955 955 955 955 955 955
"83" 95 95 955 955 955 955 955 955 955 955 955 955 955 955 182 200 201 955 955 955
"84" 109 62 78 86 112 176 955 955 955 955 955 955 955 353 175 190 192 353 353 353
"85" 68 59 78 88 101 191 955 955 955 955 955 955 955 955 191 201 955 955 955 955
"86" 189 162 873 955 187 169 184 955 955 955 955 955 955 955 163 167 168 182 182 182
"87" 134 110 135 141 142 157 170 955 955 955 955 955 955 955 196 955 955 955 955 955
"88" 188 526 551 563 955 955 955 955 955 955 955 955 955 955 166 171 169 175 175 175
"89" 887 72 91 98 112 955 955 955 955 955 955 955 955 955 191 199 200 955 955 955
"90" 484 49 615 955 955 955 955 955 955 955 955 955 955 341 189 193 193 198 198 198
"91" 170 144 202 224 228 955 955 955 955 955 955 955 955 352 188 352 352 352 352 352
"92" 955 290 955 955 955 955 955 955 955 955 955 955 955 349 216 349 349 349 349 349
"93" 941 955 955 955 955 955 955 955 955 955 955 955 955 275 180 191 191 201 201 201
"94" 99 51 90 123 128 128 130 955 955 955 955 955 955 955 955 955 955 955 955 955
"95" 955 955 955 955 955 955 955 955 955 955 955 955 955 355 189 355 355 355 355 355
"96" 955 66 955 955 955 955 955 955 955 955 955 955 955 311 311 311 311 311 311 311
"97" 124 53 668 673 669 685 705 955 955 955 955 955 955 955 161 180 177 190 190 190
"98" 176 178 302 955 955 955 955 955 955 955 955 955 955 302 200 302 302 302 302 302
"99" 225 940 955 955 955 955 955 955 955 955 955 955 955 955 163 167 168 175 175 175
"100" 607 60 191 955 955 955 955 955 955 955 955 955 955 315 200 315 315 315 315 315
"101" 426 907 955 955 955 955 903 955 955 955 955 955 955 955 177 198 200 955 955 955
"102" 955 90 955 955 955 955 955 955 955 955 955 955 955 955 188 955 955 955 955 955
"103" 171 161 955 955 955 955 955 955 955 955 955 955 955 955 182 188 196 955 955 955
"104" 697 53 955 955 955 955 955 955 955 955 955 955 955 955 955 955 955 955 955 955
"105" 244 69 303 310 317 197 196 955 955 955 955 955 955 332 153 161 163 170 170 170
"106" 279 278 359 363 370 368 955 955 955 955 955 955 955 955 955 955 955 955 955 955
"107" 89 45 93 955 98 955 291 955 955 955 955 955 955 331 181 192 185 331 331 331
"108" 58 48 955 955 195 955 955 955 955 955 955 955 955 306 183 306 306 306 306 306
"109" 584 955 955 955 955 955 955 955 955 955 955 955 955 355 334 355 355 355 355 355
"110" 468 77 955 955 955 955 155 955 955 955 955 955 955 955 168 190 191 955 955 955
"111" 590 589 612 634 645 647 696 955 955 955 955 955 955 955 175 181 185 196 196 196
"112" 375 371 413 450 521 525 550 955 955 955 955 955 955 955 170 185 185 201 201 201
"113" 242 242 614 955 955 955 955 955 955 955 955 955 955 266 193 266 266 266 266 266
"114" 727 955 955 955 955 955 955 955 955 955 955 955 955 955 166 187 196 955 955 955
"115" 43 44 155 155 122 109 117 955 955 955 955 955 955 955 180 199 199 955 955 955
"116" 179 122 145 156 154 160 171 955 955 955 955 955 955 336 336 336 336 336 336 336
"117" 124 75 94 110 113 132 158 955 955 955 955 955 955 257 184 198 200 257 257 257
"118" 102 87 124 135 136 955 955 955 955 955 955 955 955 196 163 169 173 190 190 190
"119" 955 955 955 955 955 955 955 955 955 955 955 955 955 293 193 293 293 293 293 293
"120" 574 153 955 955 955 955 955 955 955 955 955 955 955 349 167 171 171 182 182 182
"121" 167 67 116 131 124 127 165 955 955 955 955 955 955 348 192 348 348 348 348 348
"122" 425 184 955 955 163 146 121 955 955 955 955 955 955 955 158 162 163 183 183 183
"123" 96 59 93 109 113 121 955 955 955 955 955 955 955 329 192 200 202 329 329 329
"124" 393 68 955 955 955 955 955 955 955 955 955 955 955 203 166 174 175 188 188 188
"125" 955 658 955 955 955 955 955 955 955 955 955 955 955 356 356 356 356 356 356 356
"126" 66 42 91 103 113 122 135 955 955 955 955 955 955 955 183 196 198 955 955 955
"127" 955 105 955 955 955 955 955 955 955 955 955 955 955 309 163 181 176 190 190 190
"128" 50 49 955 955 955 955 955 955 955 955 955 955 955 955 196 203 204 955 955 955
"129" 539 551 955 955 955 955 955 955 955 955 955 955 955 286 179 200 201 286 286 286
"130" 747 107 782 955 955 955 955 955 955 955 955 955 955 955 321 955 955 955 955 955
"131" 308 82 358 547 550 549 557 955 955 955 955 955 955 347 196 347 347 347 347 347
"132" 104 85 737 759 955 955 955 955 955 955 955 955 955 320 181 188 190 197 197 197
"133" 78 66 83 86 115 113 135 955 955 955 955 955 955 955 191 955 955 955 955 955
"134" 817 955 955 955 955 955 955 188 955 955 955 955 955 315 167 172 177 187 187 187
"135" 175 114 142 150 152 178 199 173 955 955 955 955 955 955 178 191 193 199 199 199
"136" 955 955 955 955 955 955 955 955 955 955 955 955 955 194 171 183 182 341 341 341
"137" 210 232 806 955 955 955 955 955 955 955 955 955 955 319 196 319 319 319 319 319
"138" 151 110 138 398 418 441 955 955 955 955 955 955 955 955 186 199 197 955 955 955
"139" 414 871 955 955 955 955 955 955 955 955 955 955 955 337 169 176 179 189 189 189
"140" 117 112 128 137 135 135 158 955 955 955 955 955 955 955 170 192 199 955 955 955
"141" 239 62 75 76 72 77 77 955 955 955 955 955 955 955 180 183 186 204 204 204
"142" 287 955 955 955 955 955 955 108 955 955 955 955 955 955 129 156 157 170 170 170
"143" 472 483 601 955 955 955 955 955 955 955 955 955 955 337 180 197 199 337 337 337
"144" 147 126 152 164 157 166 194 955 955 955 955 955 955 955 195 199 200 955 955 955
"145" 955 955 955 955 955 955 955 955 955 955 955 955 955 955 187 199 198 955 955 955
"146" 101 55 85 955 955 955 955 955 955 955 955 955 955 955 183 189 193 955 955 955
"147" 177 513 955 955 889 892 888 955 955 955 955 955 955 340 188 194 194 340 340 340
"148" 150 57 135 955 955 146 133 955 955 955 955 955 955 955 158 163 158 189 189 189
"149" 195 41 955 955 955 955 955 955 955 955 955 955 955 290 195 290 290 290 290 290
"150" 460 468 955 955 955 955 955 955 955 955 955 955 955 955 198 955 955 955 955 955
"151" 955 73 146 955 191 173 187 955 955 955 955 955 955 309 164 168 169 191 191 191
"152" 477 467 497 955 955 955 955 955 955 955 955 955 955 955 182 192 193 955 955 955
"153" 104 62 94 113 118 133 470 955 955 955 955 955 955 955 955 955 955 955 955 955
"154" 364 361 440 419 429 955 955 955 955 955 955 955 955 318 318 318 318 318 318 318
"155" 110 120 351 358 374 155 154 955 955 955 955 955 955 281 180 191 194 281 281 281
"156" 119 87 103 113 104 104 132 955 955 955 955 955 955 240 166 180 187 200 200 200
"157" 233 233 255 247 255 955 955 182 955 955 955 955 955 186 145 158 162 164 164 164
"158" 176 480 955 955 955 955 938 955 955 955 955 955 955 955 182 190 191 955 955 955
"159" 98 87 955 955 955 955 955 955 955 955 955 955 955 955 200 955 955 955 955 955
"160" 768 105 126 955 955 955 955 955 955 955 955 955 955 955 150 157 150 166 166 166
"161" 658 111 955 955 955 955 955 955 955 955 955 955 955 955 173 195 194 955 955 955
"162" 716 724 955 955 955 955 955 955 955 955 955 955 955 955 166 176 182 198 198 198
"163" 358 955 955 955 955 955 955 955 955 955 955 955 955 319 181 198 197 319 319 319
"164" 714 52 955 955 955 955 955 955 955 955 955 955 955 326 160 167 176 187 187 187
"165" 58 43 57 68 80 331 361 955 955 955 955 955 955 306 181 186 186 195 195 195
"166" 593 610 955 955 955 955 955 955 955 955 955 955 955 320 186 201 320 320 320 320
"167" 686 673 955 955 955 955 955 955 955 955 955 955 955 955 183 955 955 955 955 955
"168" 230 251 697 720 955 955 955 955 955 955 955 955 955 293 293 293 293 293 293 293
"169" 205 55 955 955 955 955 955 955 955 955 955 955 955 955 188 197 199 955 955 955
"170" 248 99 130 143 955 955 955 213 955 955 955 955 955 955 200 955 955 955 955 955
"171" 586 955 955 955 955 955 955 955 955 955 955 955 955 955 174 185 190 955 955 955
"172" 187 75 142 158 156 146 147 955 955 955 955 955 955 955 182 190 186 955 955 955
"173" 746 113 170 955 955 955 955 955 955 955 955 955 955 955 161 175 177 192 192 192
"174" 360 320 342 955 955 955 955 955 955 955 955 955 955 304 180 194 191 197 197 197
"175" 244 241 873 955 955 955 955 955 955 955 955 955 955 955 192 955 955 955 955 955
"176" 397 423 955 955 955 955 955 955 955 955 955 955 955 955 132 154 155 172 172 172
"177" 189 75 256 260 199 202 228 955 955 955 955 955 955 348 180 192 196 348 348 348
"178" 476 955 955 955 955 955 955 955 955 955 955 955 955 955 203 955 955 955 955 955
"179" 492 581 955 955 955 955 955 955 955 955 955 955 955 351 182 190 193 351 351 351
"180" 771 74 955 955 955 955 955 955 955 955 955 955 955 271 182 198 201 271 271 271
"181" 148 89 116 111 112 122 133 955 955 955 955 955 955 955 183 197 199 955 955 955
"182" 247 955 955 955 955 955 955 955 955 955 955 955 955 955 200 955 955 955 955 955
"183" 330 147 568 955 955 175 168 955 955 955 955 955 955 955 160 167 170 184 184 184
"184" 955 62 955 955 955 955 955 955 955 955 955 955 955 244 244 244 244 244 244 244
"185" 175 49 955 955 955 955 955 955 955 955 955 955 955 955 158 167 177 189 189 189
"186" 158 106 128 160 158 155 955 955 955 955 955 955 955 330 182 198 197 330 330 330
"187" 615 111 152 955 955 154 955 955 955 955 955 955 955 192 169 176 177 184 184 184
"188" 329 325 367 371 372 375 383 955 955 955 955 955 955 191 167 181 187 201 201 201
"189" 168 165 209 226 955 955 955 955 955 955 955 955 955 955 162 175 186 203 203 203
"190" 459 444 481 955 955 955 955 955 955 955 955 955 955 259 164 181 186 197 197 197
"191" 955 955 955 955 955 955 955 955 955 955 955 955 955 346 171 186 187 193 193 193
"192" 216 544 955 955 955 955 955 955 955 955 955 955 955 339 175 339 339 339 339 339
"193" 190 192 208 263 700 680 695 955 955 955 955 955 955 201 137 155 163 167 167 167
"194" 49 42 51 58 59 65 111 955 955 955 955 955 955 955 193 955 955 955 955 955
"195" 270 50 300 309 955 955 955 955 955 955 955 955 955 955 169 177 183 189 189 189
"196" 170 120 160 174 187 197 955 955 955 955 955 955 955 955 191 955 955 955 955 955
"197" 139 263 955 955 955 955 955 955 955 955 955 955 955 311 311 311 311 311 311 311
"198" 576 267 345 360 357 358 353 955 955 955 955 955 955 955 199 955 955 955 955 955
"199" 955 955 955 955 955 955 955 955 955 955 955 955 955 199 168 177 186 200 200 200
"200" 200 215 955 955 955 955 955 955 955 955 955 955 955 337 181 188 186 199 199 199
"201" 486 71 168 499 955 955 955 955 955 955 955 955 955 955 195 955 955 955 955 955
"202" 636 645 955 955 955 955 955 955 955 955 955 955 955 955 195 955 955 955 955 955
"203" 321 84 955 955 955 955 955 955 955 955 955 955 955 955 171 184 192 203 203 203
"204" 136 77 104 143 139 144 955 955 955 955 955 955 955 955 246 955 955 955 955 955
"205" 757 438 652 670 738 955 955 955 955 955 955 955 955 324 234 324 324 324 324 324
"206" 106 74 100 148 148 162 161 955 955 955 955 955 955 291 195 291 291 291 291 291
"207" 93 78 99 955 955 955 955 955 955 955 955 955 955 319 171 184 189 319 319 319
"208" 255 145 837 904 914 955 497 955 955 955 955 955 955 343 187 189 190 195 195 195
"209" 97 955 955 955 955 955 955 955 955 955 955 955 955 326 185 194 198 326 326 326
"210" 363 392 404 415 424 442 955 955 955 955 955 955 955 955 189 955 955 955 955 955
"211" 352 357 384 743 757 955 955 955 955 955 955 955 955 955 185 195 198 955 955 955
"212" 121 59 118 124 73 116 128 955 955 955 955 955 955 344 159 174 164 186 186 186
"213" 795 708 955 955 149 163 170 955 955 955 955 955 955 311 195 311 311 311 311 311
"214" 646 46 101 105 122 955 955 955 955 955 955 955 955 293 190 293 293 293 293 293
"215" 392 398 955 955 902 905 916 955 955 955 955 955 955 955 180 181 188 195 195 195
"216" 955 164 955 955 955 955 373 955 955 955 955 955 955 348 194 348 348 348 348 348
"217" 931 91 955 955 955 955 558 955 955 955 955 955 955 955 186 200 200 955 955 955
"218" 60 47 66 75 75 89 112 955 955 955 955 955 955 955 173 185 190 196 196 196
"219" 60 47 61 65 79 87 955 955 955 955 955 955 955 307 164 167 167 175 175 175
"220" 444 159 187 165 160 158 162 955 955 955 955 955 955 200 161 167 177 182 182 182
"221" 408 412 432 474 481 488 489 955 955 955 955 955 955 201 158 161 162 170 170 170
"222" 59 53 65 75 79 131 955 955 955 955 955 955 955 955 185 193 192 955 955 955
"223" 275 98 132 133 126 159 168 955 955 955 955 955 955 346 183 199 200 346 346 346
"224" 142 50 955 955 955 955 955 955 955 955 955 955 955 955 186 955 955 955 955 955
"225" 955 68 194 955 955 955 955 955 955 955 955 955 955 955 955 955 955 955 955 955
"226" 466 884 955 955 955 955 955 955 955 955 955 955 955 955 198 955 955 955 955 955
"227" 425 65 81 414 424 438 955 955 955 955 955 955 955 325 175 189 189 325 325 325
"228" 303 52 71 77 81 880 881 955 955 955 955 955 955 955 187 195 200 201 201 201
"229" 505 499 581 955 955 955 955 955 955 955 955 955 955 955 179 955 955 955 955 955
"230" 406 955 955 955 955 955 955 955 955 955 955 955 955 955 188 195 199 955 955 955
"231" 198 51 258 270 937 955 955 955 955 955 955 955 955 955 168 177 177 190 190 190
"232" 80 87 117 136 138 135 140 955 955 955 955 955 955 955 186 192 196 955 955 955
"233" 701 75 121 134 137 133 143 183 955 955 955 955 955 955 159 171 181 187 187 187
"234" 55 49 105 123 131 142 177 955 955 955 955 955 955 311 196 311 311 311 311 311
"235" 261 714 736 757 769 955 955 955 955 955 955 955 955 315 174 194 315 315 315 315
"236" 313 104 955 955 955 955 955 955 955 955 955 955 955 955 169 174 174 186 186 186
"237" 98 60 79 94 100 955 955 955 955 955 955 955 955 260 186 195 194 260 260 260
"238" 69 68 110 155 156 167 169 155 955 955 955 955 955 189 152 156 159 163 163 163
"239" 187 96 117 124 428 424 417 955 955 955 955 955 955 955 167 174 181 201 201 201
"240" 104 955 955 955 955 955 955 955 955 955 955 955 955 955 168 185 185 192 192 192
"241" 691 64 910 943 955 955 955 955 955 955 955 955 955 279 204 279 279 279 279 279
"242" 955 420 955 955 955 955 955 955 955 955 955 955 955 955 182 191 198 204 204 204
"243" 682 66 955 955 955 955 955 955 955 955 955 955 955 955 190 955 955 955 955 955
"244" 566 571 599 955 955 955 955 955 955 955 955 955 955 955 198 955 955 955 955 955
"245" 155 57 955 955 955 955 955 955 955 955 955 955 955 955 955 955 955 955 955 955
"246" 955 69 955 955 955 955 955 955 955 955 955 955 955 348 182 190 194 202 202 202
"247" 152 146 181 180 167 179 171 955 955 955 955 955 955 201 175 177 176 186 186 186
"248" 479 955 955 955 955 955 955 955 955 955 955 955 955 955 955 955 955 955 955 955
"249" 76 62 75 955 955 955 955 955 955 955 955 955 955 198 187 190 192 198 198 198
"250" 70 62 86 128 166 185 955 955 955 955 955 955 955 955 194 955 955 955 955 955
"251" 418 425 438 440 436 955 955 955 955 955 955 955 955 955 178 189 191 955 955 955
"252" 557 550 661 955 955 955 955 955 955 955 955 955 955 955 181 187 188 955 955 955
"253" 955 955 955 955 955 955 955 955 955 955 955 955 955 955 955 955 955 955 955 955
"254" 238 245 955 955 955 955 955 955 955 955 955 955 955 955 198 955 955 955 955 955
"255" 88 62 435 442 452 955 955 955 955 955 955 955 955 955 169 183 185 200 200 200
"256" 119 86 955 955 955 118 122 955 955 955 955 955 955 955 192 955 955 955 955 955
"257" 151 115 144 144 150 955 955 955 955 955 955 955 955 264 178 190 198 264 264 264
"258" 337 335 955 955 955 955 503 955 955 955 955 955 955 313 175 193 197 313 313 313
"259" 770 921 955 955 955 955 955 955 955 955 955 955 955 955 955 955 955 955 955 955
"260" 320 325 955 955 955 955 955 955 955 955 955 955 955 955 185 955 955 955 955 955
"261" 180 165 955 955 955 955 955 955 955 955 955 955 955 201 180 188 194 274 274 274
"262" 134 135 684 673 667 684 690 955 955 955 955 955 955 201 184 186 186 192 192 192
"263" 955 955 955 955 955 955 955 955 955 955 955 955 955 955 177 179 181 185 185 185
"264" 797 479 955 955 955 955 955 955 955 955 955 955 955 340 177 190 190 201 201 201
"265" 344 343 871 886 898 955 955 955 955 955 955 955 955 348 166 174 185 192 192 192
"266" 261 77 729 752 955 955 955 955 955 955 955 955 955 200 175 183 186 197 197 197
"267" 408 683 955 705 693 695 702 955 955 955 955 955 955 955 955 955 955 955 955 955
"268" 145 286 955 955 955 955 955 955 955 955 955 955 955 955 199 955 955 955 955 955
"269" 404 55 955 955 955 955 955 955 955 955 955 955 955 329 189 193 199 329 329 329
"270" 75 48 85 955 955 955 955 955 955 955 955 955 955 955 181 955 955 955 955 955
"271" 955 955 955 955 955 955 955 955 955 955 955 955 955 238 185 238 238 238 238 238
"272" 596 618 955 955 632 955 955 955 955 955 955 955 955 955 193 955 955 955 955 955
"273" 675 939 955 955 955 955 955 955 955 955 955 955 955 955 179 192 198 955 955 955
"274" 178 170 187 208 204 183 185 955 955 955 955 955 955 303 178 191 199 303 303 303
"275" 183 955 955 955 955 955 955 955 955 955 955 955 955 955 182 192 196 198 198 198
"276" 119 123 955 955 955 955 955 955 955 955 955 955 955 955 181 955 955 955 955 955
"277" 193 160 216 217 216 231 955 211 955 955 955 955 955 208 164 175 178 194 194 194
"278" 77 81 334 595 955 955 955 955 955 955 955 955 955 955 170 183 188 955 955 955
"279" 670 151 650 664 668 681 703 955 955 955 955 955 955 955 168 174 175 194 194 194
"280" 220 73 186 955 955 955 955 955 955 955 955 955 955 955 185 198 199 955 955 955
"281" 324 106 672 693 725 722 837 955 955 955 955 955 955 291 182 192 194 291 291 291
"282" 344 91 955 955 119 123 955 955 955 955 955 955 955 955 166 171 174 185 185 185
"283" 75 65 81 107 114 955 955 955 955 955 955 955 955 347 190 347 347 347 347 347
"284" 111 760 955 955 955 955 955 955 955 955 955 955 955 955 169 184 192 955 955 955
"285" 79 60 86 776 781 793 955 955 955 955 955 955 955 955 955 955 955 955 955 955
"286" 119 58 113 120 122 123 120 955 955 955 955 955 955 955 184 955 955 955 955 955
"287" 117 95 127 171 182 282 955 955 955 955 955 955 955 335 175 187 187 335 335 335
"288" 416 332 955 955 316 288 302 955 955 955 955 955 955 955 180 193 193 955 955 955
"289" 118 111 955 955 955 955 955 955 955 955 955 955 955 321 202 321 321 321 321 321
"290" 627 63 955 955 955 955 955 955 955 955 955 955 955 955 179 199 955 955 955 955
"291" 955 322 955 955 955 955 955 955 955 955 955 955 955 955 177 186 183 198 198 198
"292" 239 240 955 955 955 955 955 955 955 955 955 955 955 955 185 197 197 955 955 955
"293" 119 57 69 109 113 115 136 955 955 955 955 955 955 325 325 325 325 325 325 325
"294" 284 77 118 955 955 955 955 955 955 955 955 955 955 955 955 955 955 955 955 955
"295" 229 107 955 955 955 955 955 955 955 955 955 955 955 955 201 955 955 955 955 955
"296" 697 393 423 955 955 955 955 955 955 955 955 955 955 351 184 196 202 351 351 351
"297" 955 955 955 955 955 955 955 955 955 955 955 955 955 955 196 955 955 955 955 955
"298" 345 71 130 139 123 126 147 955 955 955 955 955 955 955 188 955 955 955 955 955
"299" 260 63 955 955 955 955 955 955 955 955 955 955 955 190 164 179 185 201 201 201
"300" 101 116 392 373 369 359 354 955 955 955 955 955 955 955 192 955 955 955 955 955
"301" 331 84 955 955 955 955 955 955 955 955 955 955 955 359 167 176 189 359 359 359
"302" 248 172 955 955 955 955 955 955 955 955 955 955 955 955 180 198 955 955 955 955
"303" 256 314 955 955 955 955 955 955 955 955 955 955 955 197 165 177 180 189 189 189
"304" 136 82 126 146 145 159 169 191 955 955 955 955 955 200 182 185 188 190 190 190
"305" 66 53 69 955 955 955 955 955 955 955 955 955 955 955 218 955 955 955 955 955
"306" 93 86 166 174 955 955 955 955 955 955 955 955 955 955 178 955 955 955 955 955
"307" 190 71 924 955 955 955 955 955 955 955 955 955 955 955 185 197 201 955 955 955
"308" 259 955 955 955 955 955 955 955 955 955 955 955 955 200 168 174 177 186 186 186
"309" 634 955 955 955 955 955 955 955 955 955 955 955 955 955 174 182 181 194 194 194
"310" 246 514 593 606 955 955 955 955 955 955 955 955 955 199 147 163 168 186 186 186
"311" 284 310 955 955 955 955 955 955 955 955 955 955 955 955 185 202 955 955 955 955
"312" 709 913 955 955 955 955 955 955 955 955 955 955 955 955 955 955 955 955 955 955
"313" 89 66 86 98 955 955 955 955 955 955 955 955 955 281 191 281 281 281 281 281
"314" 955 106 955 955 955 955 955 955 955 955 955 955 955 322 181 200 200 322 322 322
"315" 293 278 301 498 522 955 955 955 955 955 955 955 955 955 186 201 200 955 955 955
"316" 885 60 937 955 955 955 955 955 955 955 955 955 955 955 189 955 955 955 955 955
"317" 519 955 955 955 955 955 189 955 955 955 955 955 955 955 171 178 176 185 185 185
"318" 385 58 435 455 469 955 955 955 955 955 955 955 955 955 188 955 955 955 955 955
"319" 255 97 955 955 955 955 955 955 955 955 955 955 955 334 188 334 334 334 334 334
"320" 600 955 955 955 114 105 108 955 955 955 955 955 955 955 139 160 162 167 167 167
"321" 168 140 167 187 190 955 955 955 955 955 955 955 955 955 194 955 955 955 955 955
"322" 232 955 955 955 955 955 955 955 955 955 955 955 955 355 188 196 201 355 355 355
"323" 104 54 81 89 93 100 120 955 955 955 955 955 955 288 195 197 201 288 288 288
"324" 96 58 81 101 103 124 955 955 955 955 955 955 955 274 190 274 274 274 274 274
"325" 133 82 131 135 955 955 955 955 955 955 955 955 955 301 184 193 194 301 301 301
"326" 183 907 955 955 955 955 955 955 955 955 955 955 955 319 179 199 319 319 319 319
"327" 846 955 955 955 955 955 955 955 955 955 955 955 955 955 186 196 198 955 955 955
"328" 94 56 94 97 99 99 114 955 955 955 955 955 955 296 214 296 296 296 296 296
"329" 90 74 99 102 114 114 955 955 955 955 955 955 955 955 955 955 955 955 955 955
"330" 107 103 125 955 955 955 955 955 955 955 955 955 955 955 198 955 955 955 955 955
"331" 106 94 718 733 733 955 955 955 955 955 955 955 955 331 182 195 198 331 331 331
"332" 264 50 955 955 908 900 955 955 955 955 955 955 955 278 187 278 278 278 278 278
"333" 168 74 134 146 142 153 173 955 955 955 955 955 955 955 195 199 955 955 955 955
"334" 58 50 91 955 955 955 955 955 955 955 955 955 955 955 185 191 193 200 200 200
"335" 369 66 819 955 955 955 955 955 955 955 955 955 955 955 177 198 201 955 955 955
"336" 298 294 354 364 955 955 955 955 955 955 955 955 955 282 192 282 282 282 282 282
"337" 741 322 955 955 955 955 955 955 955 955 955 955 955 955 179 191 955 955 955 955
"338" 549 479 557 955 955 955 955 955 955 955 955 955 955 955 174 177 176 189 189 189
"339" 318 940 955 955 955 955 955 955 955 955 955 955 955 955 158 173 174 182 182 182
"340" 109 123 679 695 702 737 766 955 955 955 955 955 955 955 162 170 173 180 180 180
"341" 69 56 348 955 955 955 955 955 955 955 955 955 955 303 167 170 175 184 184 184
"342" 225 233 253 955 955 955 955 955 955 955 955 955 955 337 181 198 198 337 337 337
"343" 150 34 130 172 161 164 955 955 955 955 955 955 955 255 166 173 175 190 190 190
"344" 121 788 955 955 955 955 955 955 955 955 955 955 955 955 180 184 187 955 955 955
"345" 60 49 66 82 72 80 88 955 955 955 955 955 955 955 207 955 955 955 955 955
"346" 33 31 44 53 56 64 92 955 955 955 955 955 955 317 167 176 177 197 197 197
"347" 95 88 109 116 110 110 156 955 955 955 955 955 955 955 183 195 199 955 955 955
"348" 67 77 955 955 955 955 955 955 955 955 955 955 955 955 176 186 193 955 955 955
"349" 366 63 127 955 955 955 955 955 955 955 955 955 955 955 182 188 191 955 955 955
"350" 836 75 955 955 955 955 955 955 955 955 955 955 955 955 188 195 198 955 955 955
"351" 533 66 501 955 955 955 955 955 955 955 955 955 955 200 172 180 184 196 196 196
"352" 332 360 508 955 955 955 955 955 955 955 955 955 955 240 164 169 171 184 184 184
"353" 360 352 385 955 955 955 155 955 955 955 955 955 955 178 133 148 150 160 160 160
"354" 122 101 955 955 955 955 955 955 955 955 955 955 955 955 190 955 955 955 955 955
"355" 801 955 955 955 955 955 955 955 955 955 955 955 955 955 177 193 191 200 200 200
"356" 955 85 955 955 955 955 955 955 955 955 955 955 955 295 295 295 295 295 295 295
"357" 326 337 355 955 955 955 955 955 955 955 955 955 955 267 159 166 170 179 179 179
"358" 47 36 58 955 955 955 955 955 955 955 955 955 955 955 182 194 198 955 955 955
"359" 307 302 526 308 306 304 310 955 955 955 955 955 955 955 188 201 955 955 955 955
"360" 137 75 142 955 190 183 180 955 955 955 955 955 955 955 188 955 955 955 955 955
"361" 955 51 955 955 955 955 955 955 955 955 955 955 955 276 178 195 195 201 201 201
"362" 211 46 304 307 955 955 955 955 955 955 955 955 955 325 195 325 325 325 325 325
"363" 235 257 308 307 309 348 392 955 955 955 955 955 955 955 149 158 163 173 173 173
"364" 100 79 139 201 244 955 955 955 955 955 955 955 955 361 171 181 188 361 361 361
"365" 663 45 955 955 955 955 955 955 955 955 955 955 955 197 170 183 176 187 187 187
"366" 98 90 155 955 955 955 955 955 955 955 955 955 955 955 183 196 196 955 955 955
"367" 148 67 171 180 174 153 143 955 955 955 955 955 955 955 151 164 166 178 178 178
"368" 319 301 611 638 651 955 955 955 955 955 955 955 955 955 192 955 955 955 955 955
"369" 539 693 955 955 955 955 955 955 955 955 955 955 955 332 183 194 188 204 204 204
"370" 169 92 129 145 158 179 201 955 955 955 955 955 955 347 176 189 186 198 198 198
"371" 955 955 955 955 955 955 955 955 955 955 955 955 955 955 172 175 176 197 197 197
"372" 60 58 84 94 98 118 142 955 955 955 955 955 955 955 197 955 955 955 955 955
"373" 578 556 955 955 955 955 955 955 955 955 955 955 955 955 168 176 182 194 194 194
"374" 85 64 86 93 90 101 103 955 955 955 955 955 955 194 153 162 161 166 166 166
"375" 202 955 955 955 955 955 955 955 955 955 955 955 955 298 195 201 298 298 298 298
"376" 207 955 955 955 955 955 955 955 955 955 955 955 955 357 192 201 357 357 357 357
"377" 341 901 955 955 955 955 955 955 955 955 955 955 955 955 182 955 955 955 955 955
"378" 138 90 145 955 172 166 169 955 955 955 955 955 955 955 174 180 186 955 955 955
"379" 47 37 145 151 148 158 177 955 955 955 955 955 955 319 173 191 189 199 199 199
"380" 85 61 86 122 137 123 119 955 955 955 955 955 955 244 169 179 181 194 194 194
"381" 210 92 558 955 955 955 955 955 955 955 955 955 955 188 168 170 172 184 184 184
"382" 748 760 955 955 955 955 955 955 955 955 955 955 955 270 183 192 192 203 203 203
"383" 955 955 955 955 955 955 955 955 955 955 955 955 955 340 177 186 187 195 195 195
"384" 116 108 491 955 955 955 955 955 955 955 955 955 955 201 182 187 188 192 192 192
"385" 227 91 927 179 178 181 192 955 955 955 955 955 955 315 179 198 315 315 315 315
"386" 747 955 955 955 955 955 955 955 955 955 955 955 955 955 186 955 955 955 955 955
"387" 234 955 955 955 955 955 955 955 955 955 955 955 955 955 179 187 190 198 198 198
"388" 335 108 653 683 955 955 955 955 955 955 955 955 955 955 169 176 177 190 190 190
"389" 493 843 955 955 955 955 955 955 955 955 955 955 955 955 189 196 955 955 955 955
"390" 856 773 888 955 955 955 955 955 955 955 955 955 955 347 168 185 187 194 194 194
"391" 84 66 82 90 98 126 955 955 955 955 955 955 955 955 190 955 955 955 955 955
"392" 315 322 955 955 955 955 955 955 955 955 955 955 955 955 180 195 196 955 955 955
"393" 678 687 703 729 955 955 955 955 955 955 955 955 955 955 178 195 199 955 955 955
"394" 144 65 82 91 955 235 192 955 955 955 955 955 955 201 169 172 175 179 179 179
"395" 47 47 61 72 84 87 143 955 955 955 955 955 955 955 191 955 955 955 955 955
"396" 264 218 255 279 282 283 955 955 955 955 955 955 955 315 184 204 315 315 315 315
"397" 603 955 955 955 955 955 955 955 955 955 955 955 955 338 182 189 201 338 338 338
"398" 107 103 125 132 131 137 157 955 955 955 955 955 955 955 197 955 955 955 955 955
"399" 96 955 955 955 955 955 955 955 955 955 955 955 955 335 168 181 181 191 191 191
"400" 194 257 955 955 268 264 267 955 955 955 955 955 955 955 193 198 955 955 955 955
"401" 115 677 702 708 713 785 817 955 955 955 955 955 955 282 165 178 176 185 185 185
"402" 453 70 955 955 955 955 955 955 955 955 955 955 955 955 177 194 955 955 955 955
"403" 519 141 955 955 955 955 955 955 955 955 955 955 955 955 183 955 204 955 955 955
"404" 199 172 695 955 955 955 411 955 955 955 955 955 955 312 175 176 175 184 184 184
"405" 90 94 955 955 955 955 955 955 955 955 955 955 955 955 182 185 191 955 955 955
"406" 426 189 441 445 955 193 187 955 955 955 955 955 955 349 163 183 193 196 196 196
"407" 227 76 257 264 273 955 955 955 955 955 955 955 955 286 201 286 286 286 286 286
"408" 179 61 955 955 955 955 955 955 955 955 955 955 955 955 213 955 955 955 955 955
"409" 156 70 107 125 125 147 161 955 955 955 955 955 955 313 166 191 186 313 313 313
"410" 624 655 955 955 955 955 955 955 955 955 955 955 955 329 178 191 196 329 329 329
"411" 99 75 95 105 115 123 132 955 955 955 955 955 955 955 191 198 198 955 955 955
"412" 73 46 76 127 955 955 955 955 955 955 955 955 955 333 171 188 193 333 333 333
"413" 81 75 93 103 98 110 108 955 955 955 955 955 955 955 158 161 161 173 173 173
"414" 798 172 955 955 955 955 955 955 955 955 955 955 955 955 198 955 955 955 955 955
"415" 709 710 738 955 955 955 955 955 955 955 955 955 955 955 171 191 190 955 955 955
"416" 955 955 955 955 955 955 955 955 955 955 955 955 955 955 169 180 181 201 201 201
"417" 272 81 97 955 120 955 955 955 955 955 955 955 955 955 955 955 955 955 955 955
"418" 196 757 950 955 955 955 955 955 955 955 955 955 955 304 180 188 195 304 304 304
"419" 563 542 568 955 955 955 955 955 955 955 955 955 955 300 162 166 171 189 189 189
"420" 955 47 955 955 955 955 955 955 955 955 955 955 955 955 180 192 195 955 955 955
"421" 58 58 459 955 955 955 955 955 955 955 955 955 955 955 188 955 955 955 955 955
"422" 955 955 955 955 955 955 955 955 955 955 955 955 955 955 179 955 955 955 955 955
"423" 472 762 955 955 955 955 955 955 955 955 955 955 955 955 201 955 955 955 955 955
"424" 471 413 491 486 516 622 634 955 955 955 955 955 955 955 181 192 201 955 955 955
"425" 82 91 955 130 114 127 955 955 955 955 955 955 955 955 187 191 193 955 955 955
"426" 183 85 955 955 955 955 458 955 955 955 955 955 955 323 161 172 171 188 188 188
"427" 483 599 955 955 955 955 955 955 955 955 955 955 955 322 200 322 322 322 322 322
"428" 280 147 186 201 955 955 955 955 955 955 955 955 955 955 171 187 194 955 955 955
"429" 155 892 955 955 955 955 955 955 955 955 955 955 955 955 197 955 955 955 955 955
"430" 181 192 955 955 955 955 955 955 955 955 955 955 955 316 180 192 192 316 316 316
"431" 766 771 932 929 932 955 955 955 955 955 955 955 955 955 176 180 181 195 195 195
"432" 830 955 955 955 955 955 955 955 955 955 955 955 955 352 177 189 194 352 352 352
"433" 118 110 955 955 955 955 955 955 955 955 955 955 955 305 176 187 186 193 193 193
"434" 66 48 78 80 80 80 955 955 955 955 955 955 955 955 187 198 193 955 955 955
"435" 282 955 955 955 955 955 955 955 955 955 955 955 955 955 163 177 179 195 195 195
"436" 104 106 155 179 182 174 185 955 955 955 955 955 955 955 178 186 188 955 955 955
"437" 955 399 955 955 955 955 955 955 955 955 955 955 955 355 199 202 203 355 355 355
"438" 172 80 97 126 122 129 149 955 955 955 955 955 955 346 198 346 346 346 346 346
"439" 143 51 76 74 75 103 116 955 955 955 955 955 955 955 163 177 177 194 194 194
"440" 72 48 59 70 77 101 107 955 955 955 955 955 955 955 199 955 955 955 955 955
"441" 48 50 88 84 88 108 120 955 955 955 955 955 955 955 193 955 955 955 955 955
"442" 85 58 81 121 955 955 955 955 955 955 955 955 955 316 175 195 196 316 316 316
"443" 603 46 847 938 955 955 299 955 955 955 955 955 955 955 194 955 955 955 955 955
"444" 955 52 955 955 955 955 955 955 955 955 955 955 955 197 176 186 186 191 191 191
"445" 468 460 477 955 955 955 955 955 955 955 955 955 955 955 170 955 955 955 955 955
"446" 83 56 78 82 77 79 109 955 955 955 955 955 955 361 177 193 202 361 361 361
"447" 873 955 955 955 955 955 955 955 955 955 955 955 955 955 199 955 955 955 955 955
"448" 83 200 230 244 259 955 955 955 955 955 955 955 955 955 175 192 190 199 199 199
"449" 54 52 68 71 141 166 955 955 955 955 955 955 955 354 175 186 192 354 354 354
"450" 955 955 955 955 955 955 955 955 955 955 955 955 955 955 179 200 955 955 955 955
"451" 767 188 955 955 955 955 955 955 955 955 955 955 955 314 161 177 182 194 194 194
"452" 177 126 212 214 955 955 955 955 955 955 955 955 955 280 185 192 194 280 280 280
"453" 126 112 955 955 955 891 886 955 955 955 955 955 955 955 163 169 175 955 955 955
"454" 573 194 577 585 592 955 955 955 955 955 955 955 955 955 195 955 955 955 955 955
"455" 216 91 121 210 198 955 955 955 955 955 955 955 955 297 297 297 297 297 297 297
"456" 542 296 550 902 305 300 307 955 955 955 955 955 955 955 955 955 955 955 955 955
"457" 219 464 955 955 955 955 955 955 955 955 955 955 955 190 165 168 168 173 173 173
"458" 69 71 932 955 955 955 955 955 955 955 955 955 955 955 172 185 191 201 201 201
"459" 143 94 955 955 955 955 955 955 955 955 955 955 955 955 198 955 955 955 955 955
"460" 522 181 560 580 604 183 186 955 955 955 955 955 955 301 181 192 198 301 301 301
"461" 185 89 181 955 185 955 955 955 955 955 955 955 955 338 168 184 177 196 196 196
"462" 211 56 194 212 215 218 231 955 955 955 955 955 955 955 201 955 955 955 955 955
"463" 230 54 143 147 141 143 164 955 955 955 955 955 955 348 189 195 199 348 348 348
"464" 75 55 73 84 95 110 955 955 955 955 955 955 955 955 173 197 196 955 955 955
"465" 312 876 910 955 955 955 955 955 955 955 955 955 955 303 163 180 186 303 303 303
"466" 955 55 955 955 63 68 955 955 955 955 955 955 955 306 176 183 189 199 199 199
"467" 164 136 175 175 160 160 175 955 955 955 955 955 955 197 158 162 162 171 171 171
"468" 364 98 955 955 955 955 955 955 955 955 955 955 955 320 184 320 320 320 320 320
"469" 340 346 562 577 570 955 955 955 955 955 955 955 955 955 158 166 168 187 187 187
"470" 178 119 142 159 152 168 176 955 955 955 955 955 955 300 190 300 300 300 300 300
"471" 298 304 331 358 955 955 955 955 955 955 955 955 955 955 174 191 192 955 955 955
"472" 955 254 955 955 955 955 955 955 955 955 955 955 955 955 176 180 187 207 207 207
"473" 238 251 268 271 276 955 955 955 955 955 955 955 955 955 191 955 955 955 955 955
"474" 83 90 112 116 118 134 955 955 955 955 955 955 955 355 185 198 202 355 355 355
"475" 81 71 93 112 111 118 125 955 955 955 955 955 955 306 163 165 165 172 172 172
"476" 955 822 955 955 955 955 955 955 955 955 955 955 955 273 179 273 273 273 273 273
"477" 718 93 110 110 103 103 96 955 955 955 955 955 955 955 155 160 159 175 175 175
"478" 265 87 302 312 955 955 955 955 955 955 955 955 955 191 174 178 179 189 189 189
"479" 645 270 955 955 955 955 955 955 955 955 955 955 955 271 189 190 192 201 201 201
"480" 757 606 955 955 955 955 955 955 955 955 955 955 955 955 175 194 196 955 955 955
"481" 552 56 123 955 955 196 955 955 955 955 955 955 955 955 955 955 955 955 955 955
"482" 490 474 537 955 955 955 955 955 955 955 955 955 955 955 183 193 197 955 955 955
"483" 296 297 330 342 353 955 955 955 955 955 955 955 955 955 179 186 195 955 955 955
"484" 379 358 425 380 382 395 410 955 955 955 955 955 955 333 193 333 333 333 333 333
"485" 443 81 198 955 955 955 955 955 955 955 955 955 955 324 166 172 179 324 324 324
"486" 88 91 110 126 126 139 955 955 955 955 955 955 955 955 167 198 955 955 955 955
"487" 325 82 955 955 955 955 955 955 955 955 955 955 955 260 177 182 184 188 188 188
"488" 955 148 955 955 955 955 955 955 955 955 955 955 955 955 955 955 955 955 955 955
"489" 169 125 159 188 194 184 955 955 955 955 955 955 955 270 196 270 270 270 270 270
"490" 589 52 955 955 955 955 955 955 955 955 955 955 955 336 195 336 197 336 336 336
"491" 495 87 908 924 955 955 955 955 955 955 955 955 955 249 193 249 249 249 249 249
"492" 475 955 955 955 955 955 955 955 955 955 955 955 955 305 205 305 305 305 305 305
"493" 146 371 955 955 955 955 955 955 955 955 955 955 955 280 168 181 186 197 197 197
"494" 311 387 955 955 955 955 955 955 955 955 955 955 955 194 173 186 194 303 303 303
"495" 520 84 105 955 955 955 955 955 955 955 955 955 955 273 158 175 175 182 182 182
"496" 330 57 140 159 164 159 167 955 955 955 955 955 955 955 191 204 205 955 955 955
"497" 955 109 955 955 955 955 955 955 955 955 955 955 955 275 170 185 184 200 200 200
"498" 76 152 955 955 955 178 166 955 955 955 955 955 955 200 152 161 164 166 166 166
"499" 180 148 364 340 319 335 347 955 955 955 955 955 955 955 120 145 158 169 169 169
"500" 201 194 955 955 955 955 955 955 955 955 955 955 955 955 184 198 201 955 955 955
