"max_pca1" "max_pca2" "max_pca3" "max_pca5" "max_pca10" "max_pca20" "max_pca40" "min_pca1" "min_pca2" "min_pca3" "min_pca5" "min_pca10" "min_pca20" "min_pca40" "tpca0.8" "tpca0.9" "tpca0.95" "tpca0.99" "tpca0.995" "tpca0.999"
"1" 390 435 955 955 955 443 955 208 213 216 204 206 209 198 187 193 193 194 194 194
"2" 119 57 95 98 94 955 955 167 168 168 167 168 168 166 165 165 166 166 166 166
"3" 955 955 955 955 955 955 955 174 176 176 174 175 176 173 170 172 172 172 172 172
"4" 955 48 955 955 955 225 223 208 212 214 195 197 201 188 182 187 187 187 187 187
"5" 59 49 64 73 86 91 190 231 234 237 229 231 232 225 220 223 223 224 224 224
"6" 294 167 955 375 373 373 375 178 179 180 177 178 179 176 174 176 175 175 175 175
"7" 181 136 955 955 955 955 955 213 216 217 213 214 215 208 200 197 184 204 204 204
"8" 955 955 955 955 955 955 955 209 212 213 209 209 210 206 203 204 204 204 204 204
"9" 43 33 43 82 100 107 127 201 206 208 200 201 201 195 192 194 193 193 193 193
"10" 131 74 132 434 134 429 436 214 219 223 204 208 209 198 193 196 196 196 196 196
"11" 174 955 955 955 955 955 955 204 213 216 199 201 202 192 185 188 187 189 189 189
"12" 623 955 955 955 955 955 955 226 232 234 217 218 221 208 201 206 203 205 205 205
"13" 955 955 955 955 955 955 955 179 184 186 180 182 184 179 176 177 177 177 177 177
"14" 181 90 955 955 955 955 955 200 203 204 197 198 198 192 188 189 190 190 190 190
"15" 192 50 955 955 955 955 955 229 233 235 229 231 233 227 224 227 227 227 227 227
"16" 221 218 295 295 220 294 296 200 211 215 196 198 199 191 187 189 189 188 188 188
"17" 45 75 955 955 955 366 299 198 207 209 195 196 198 190 177 181 181 183 183 183
"18" 955 955 955 955 955 955 955 169 172 172 170 171 172 169 164 166 166 167 167 167
"19" 238 955 955 955 955 955 955 197 200 202 197 199 200 195 192 193 193 193 193 193
"20" 118 45 121 130 190 188 197 232 236 236 232 234 234 230 229 230 230 230 230 230
"21" 268 955 955 955 955 955 955 197 201 202 197 198 199 195 190 193 193 193 193 193
"22" 955 84 955 955 955 955 955 240 246 249 236 238 239 226 219 221 221 223 223 223
"23" 65 49 62 70 77 95 133 212 216 218 210 212 213 205 199 202 203 204 204 204
"24" 262 258 955 263 263 955 955 248 257 260 242 243 244 232 153 158 162 177 177 177
"25" 736 150 955 955 955 386 955 186 188 188 182 183 184 178 175 176 176 177 177 177
"26" 40 41 109 112 125 130 623 206 213 220 213 213 216 207 167 181 179 193 193 193
"27" 149 138 510 469 392 473 525 199 204 207 199 201 202 195 190 193 192 193 193 193
"28" 955 131 955 955 955 955 955 189 194 195 188 189 191 183 180 181 182 182 182 182
"29" 131 91 141 955 955 955 955 216 220 222 217 218 220 214 210 212 212 212 212 212
"30" 368 82 108 421 178 171 168 185 189 190 186 187 189 184 179 180 181 181 181 181
"31" 72 34 77 84 89 100 955 223 227 229 215 217 218 208 202 205 203 205 205 205
"32" 185 616 955 955 955 268 264 192 195 197 187 188 190 182 178 181 180 181 181 181
"33" 188 158 955 955 367 325 329 178 179 180 177 178 179 175 174 176 176 176 176 176
"34" 166 193 955 955 955 955 955 195 197 198 194 195 195 191 188 189 189 190 190 190
"35" 89 64 85 95 96 109 130 199 205 209 198 199 202 193 181 183 183 186 186 186
"36" 480 50 955 955 955 470 473 194 197 197 191 193 194 189 184 186 186 187 187 187
"37" 693 955 955 955 511 955 955 231 237 239 230 231 232 225 218 221 222 223 223 223
"38" 129 105 156 178 183 183 460 197 198 198 196 198 199 196 192 193 193 195 195 195
"39" 907 955 955 955 955 955 955 174 175 175 174 175 175 173 171 172 172 173 173 173
"40" 656 82 955 955 955 955 955 217 220 221 216 217 218 213 210 211 212 212 212 212
"41" 588 588 955 736 635 637 638 215 216 216 215 216 216 214 213 213 214 214 214 214
"42" 87 65 87 126 124 130 134 241 245 247 238 239 240 231 226 230 230 230 230 230
"43" 656 651 734 955 444 433 434 267 278 282 266 267 268 253 250 253 253 253 253 253
"44" 685 130 955 699 390 955 955 216 220 223 204 206 209 197 190 193 193 193 193 193
"45" 84 59 92 112 126 132 955 182 187 188 186 187 189 186 172 181 182 184 184 184
"46" 77 47 64 100 109 955 955 200 203 206 194 197 198 189 182 185 184 186 186 186
"47" 423 421 439 422 419 409 413 224 226 226 222 223 223 219 218 220 220 219 219 219
"48" 315 293 305 955 460 469 955 197 199 200 196 198 199 194 181 190 189 191 191 191
"49" 357 366 955 955 344 393 415 198 201 206 197 199 200 194 188 189 190 191 191 191
"50" 258 180 955 358 355 352 354 223 230 236 218 221 224 211 199 204 205 207 207 207
"51" 409 379 400 379 377 376 380 209 212 216 207 208 209 200 196 198 198 198 198 198
"52" 218 955 955 955 955 570 515 225 228 230 222 224 225 219 215 218 218 218 218 218
"53" 108 70 89 95 955 955 955 173 174 174 173 173 174 172 171 171 171 172 172 172
"54" 157 138 955 153 563 564 570 171 173 173 171 172 173 170 169 169 169 169 169 169
"55" 955 955 955 955 955 955 955 178 184 186 179 180 182 175 169 173 173 174 174 174
"56" 404 754 955 422 392 391 376 208 210 209 207 207 208 205 202 204 204 205 205 205
"57" 86 61 78 87 293 297 364 198 201 202 195 196 198 190 183 186 186 188 188 188
"58" 87 77 102 108 143 245 247 228 235 237 220 222 224 212 201 208 207 209 209 209
"59" 132 584 955 955 955 955 955 199 201 202 196 197 199 192 187 189 189 190 190 190
"60" 315 175 955 955 857 854 859 181 183 184 179 180 181 175 170 172 173 174 174 174
"61" 588 102 955 955 955 955 955 198 199 199 198 199 199 197 142 188 188 195 195 195
"62" 826 955 955 955 392 471 955 225 235 240 226 229 231 219 208 211 212 214 214 214
"63" 107 62 97 107 124 134 139 208 209 210 204 206 206 200 191 195 196 197 197 197
"64" 248 955 955 955 955 955 955 249 253 255 243 243 244 233 226 229 231 231 231 231
"65" 420 458 955 461 460 407 417 204 205 205 203 204 205 202 198 199 200 200 200 200
"66" 224 62 85 955 326 322 324 199 202 204 195 197 199 192 186 190 189 190 190 190
"67" 708 955 955 955 955 955 955 207 211 213 205 206 210 201 197 199 199 199 199 199
"68" 143 351 955 384 383 355 440 234 236 237 231 232 233 228 189 226 226 226 226 226
"69" 111 85 108 118 116 137 143 194 198 198 195 196 198 193 169 188 188 190 190 190
"70" 955 955 955 955 955 955 955 180 182 183 181 181 182 180 176 177 177 178 178 178
"71" 206 744 955 955 427 955 955 197 200 200 195 196 197 192 186 189 189 190 190 190
"72" 934 955 955 955 955 955 955 209 212 212 209 210 210 206 181 198 201 203 203 203
"73" 119 125 955 419 424 319 317 180 181 181 179 180 181 177 174 176 176 176 176 176
"74" 118 50 107 118 122 126 143 186 187 186 186 187 187 185 182 184 184 184 184 184
"75" 955 955 955 955 462 460 457 210 223 230 215 215 217 205 192 195 193 198 198 198
"76" 77 100 955 251 250 252 351 234 242 246 232 233 234 222 218 222 222 222 222 222
"77" 236 955 955 955 955 955 955 208 222 229 211 212 217 202 176 188 191 194 194 194
"78" 160 69 143 154 160 167 186 185 190 192 186 189 190 184 179 181 181 182 182 182
"79" 77 86 955 763 762 194 955 212 215 217 207 211 213 206 201 203 203 204 204 204
"80" 425 65 955 955 955 955 955 206 210 210 197 199 200 190 184 188 188 188 188 188
"81" 87 52 69 79 85 94 147 208 210 209 206 207 208 205 204 204 205 205 205 205
"82" 99 67 110 129 145 130 169 202 205 205 200 201 203 198 196 197 197 197 197 197
"83" 95 95 955 955 955 955 955 183 184 184 183 184 185 183 181 182 182 183 183 183
"84" 109 62 78 86 112 176 955 211 224 228 212 216 218 207 193 200 200 201 201 201
"85" 68 59 78 88 101 197 955 203 206 208 201 202 204 198 194 196 196 196 196 196
"86" 188 162 317 309 186 168 183 208 211 214 195 199 203 191 180 182 181 184 184 184
"87" 134 110 135 141 142 157 169 236 241 244 230 232 233 221 219 221 221 221 221 221
"88" 301 955 955 381 368 368 955 181 183 184 178 179 180 175 168 170 169 171 171 171
"89" 715 72 91 98 112 955 955 215 217 217 216 216 217 215 213 214 214 214 214 214
"90" 287 49 955 355 357 356 443 210 213 214 208 209 210 204 199 200 200 201 201 201
"91" 169 144 183 955 323 321 321 187 189 189 183 184 186 181 178 180 180 180 180 180
"92" 955 955 955 955 955 955 955 169 171 171 169 170 171 168 167 168 168 168 168 168
"93" 955 955 955 955 955 955 955 173 174 175 173 174 175 171 169 171 171 171 171 171
"94" 99 51 90 123 128 128 130 245 252 255 245 247 248 238 238 238 238 238 238 238
"95" 322 323 955 497 737 498 736 179 181 182 177 177 179 174 172 174 174 174 174 174
"96" 314 66 955 305 306 307 955 217 223 227 213 213 216 203 199 203 203 203 203 203
"97" 124 53 955 955 955 955 955 184 191 192 186 187 187 180 165 175 175 177 177 177
"98" 176 177 955 955 955 480 474 208 210 210 206 208 208 204 202 203 203 203 203 203
"99" 220 237 955 246 245 955 955 191 192 192 191 192 192 190 187 188 188 189 189 189
"100" 188 60 190 955 955 348 389 192 196 197 193 194 195 190 187 188 189 189 189 189
"101" 899 906 955 955 955 955 955 213 218 222 210 211 212 201 191 196 195 196 196 196
"102" 678 90 955 955 955 955 955 208 212 218 203 207 208 198 194 195 195 196 196 196
"103" 170 161 342 273 344 346 395 173 175 175 173 174 175 172 169 170 171 171 171 171
"104" 955 53 955 283 282 290 348 199 201 201 194 196 197 190 187 189 189 189 189 189
"105" 376 69 407 412 446 195 194 226 229 230 222 224 225 217 153 162 171 195 195 195
"106" 589 955 955 955 351 362 347 187 189 189 186 187 188 183 181 183 182 182 182 182
"107" 89 45 93 576 98 580 583 224 227 227 223 225 225 221 214 218 217 218 218 218
"108" 58 48 955 955 191 955 955 191 193 194 191 192 192 188 184 186 187 187 187 187
"109" 582 648 955 689 677 670 690 242 245 247 234 235 236 222 221 224 223 222 222 222
"110" 770 77 955 955 955 572 155 193 196 197 192 193 195 190 183 187 187 188 188 188
"111" 586 955 955 955 377 376 348 179 180 181 176 177 179 174 171 173 173 173 173 173
"112" 915 955 955 955 955 955 955 204 209 213 200 202 204 193 172 185 184 188 188 188
"113" 265 294 955 955 955 955 955 202 206 209 195 197 199 190 188 190 190 189 189 189
"114" 212 955 955 955 955 955 944 208 210 214 201 204 208 198 188 193 193 195 195 195
"115" 43 44 155 155 122 109 117 182 185 188 183 184 186 181 174 178 178 179 179 179
"116" 178 122 145 156 154 160 170 189 194 194 188 190 192 186 184 186 185 185 185 185
"117" 124 75 94 110 113 132 158 199 203 204 200 201 203 197 192 194 194 195 195 195
"118" 102 87 124 135 136 955 955 189 190 191 187 188 189 183 178 179 179 181 181 181
"119" 713 955 955 955 955 955 955 219 225 228 220 220 221 214 210 212 213 212 212 212
"120" 662 153 955 955 955 543 955 216 221 223 213 215 216 206 182 185 188 198 198 198
"121" 168 67 116 131 124 127 164 210 217 221 209 212 214 206 200 204 202 203 203 203
"122" 955 180 955 955 162 146 121 225 235 238 225 227 230 221 158 165 166 214 214 214
"123" 96 59 93 109 113 121 955 183 187 188 182 183 183 178 174 176 176 176 176 176
"124" 321 68 955 955 416 415 955 193 196 197 192 193 195 189 169 183 182 184 184 184
"125" 955 955 955 955 955 418 955 209 217 219 205 208 211 201 198 201 200 200 200 200
"126" 66 42 91 103 113 122 135 204 217 221 202 203 204 194 185 189 189 189 189 189
"127" 955 105 955 955 955 955 955 238 241 243 236 237 237 232 178 195 185 229 229 229
"128" 50 49 955 955 955 955 955 183 185 186 182 183 184 181 179 180 180 180 180 180
"129" 955 955 955 955 955 955 955 215 218 223 209 211 213 200 192 196 196 197 197 197
"130" 577 107 955 955 955 955 955 189 191 192 187 188 189 184 182 184 183 183 183 183
"131" 955 82 955 955 955 549 538 200 204 207 196 197 199 189 182 186 186 187 187 187
"132" 104 85 955 955 286 286 395 251 258 262 247 248 250 235 225 231 233 233 233 233
"133" 78 66 83 86 115 113 135 206 207 207 205 206 207 204 202 203 203 203 203 203
"134" 757 955 955 955 955 955 955 201 236 238 228 228 230 221 184 192 198 217 217 217
"135" 175 114 142 150 152 178 198 196 201 201 196 198 200 194 187 192 192 193 193 193
"136" 517 955 955 955 955 955 955 176 180 180 175 176 177 172 168 170 170 171 171 171
"137" 464 734 955 955 371 357 344 197 200 201 197 198 199 193 191 192 193 193 193 193
"138" 151 110 138 955 389 391 391 213 216 218 206 207 208 199 192 195 194 195 195 195
"139" 955 721 955 955 955 430 435 195 197 197 193 194 194 189 183 185 185 186 186 186
"140" 117 112 128 137 135 135 158 214 220 225 213 218 220 210 200 205 207 208 208 208
"141" 250 62 75 76 72 77 77 206 215 221 204 204 208 195 183 188 189 191 191 191
"142" 332 327 428 337 337 955 955 108 227 230 214 216 219 204 129 156 157 173 173 173
"143" 445 849 894 948 952 955 370 174 175 175 173 174 175 172 169 171 171 171 171 171
"144" 147 126 152 164 157 166 194 255 259 261 245 247 249 235 231 235 235 235 235 235
"145" 722 955 955 955 399 404 410 227 231 232 222 224 226 216 210 213 213 213 213 213
"146" 101 55 85 955 955 955 955 244 247 248 242 243 244 237 236 237 237 237 237 237
"147" 884 955 955 955 955 955 955 185 190 192 184 185 187 180 174 176 176 178 178 178
"148" 150 57 135 955 955 146 133 205 211 213 200 201 204 195 178 181 167 188 188 188
"149" 194 41 955 235 234 235 955 215 223 232 211 213 215 205 200 203 202 202 202 202
"150" 240 307 955 403 400 353 402 216 219 223 202 209 210 198 195 197 196 196 196 196
"151" 510 73 146 955 191 172 186 203 215 221 206 209 212 201 186 194 193 195 195 195
"152" 955 955 955 955 955 955 955 211 213 213 210 211 212 208 201 206 206 207 207 207
"153" 104 62 94 113 118 133 513 213 216 217 214 214 215 211 208 209 209 209 209 209
"154" 221 229 955 955 955 955 955 216 219 222 213 214 214 208 204 205 205 205 205 205
"155" 110 120 955 342 955 155 154 208 213 215 198 199 201 190 182 185 185 185 185 185
"156" 119 87 103 113 104 104 132 200 201 201 200 200 201 199 197 197 198 198 198 198
"157" 234 814 955 955 955 955 955 194 199 200 192 193 195 188 145 163 178 180 180 180
"158" 175 258 955 332 329 326 327 226 233 236 222 223 225 210 201 207 207 208 208 208
"159" 98 87 955 372 334 335 333 217 221 224 210 212 214 202 199 201 200 200 200 200
"160" 377 105 126 955 199 955 955 233 238 244 230 232 232 223 150 157 150 215 215 215
"161" 370 111 955 955 955 955 955 202 207 212 201 202 205 196 188 193 193 194 194 194
"162" 511 519 955 955 511 383 384 211 213 213 210 211 212 208 197 204 204 206 206 206
"163" 955 955 955 955 955 955 955 196 199 200 197 197 198 194 191 193 192 193 193 193
"164" 489 52 955 955 955 955 955 200 203 204 202 203 205 201 163 197 198 199 199 199
"165" 58 43 57 68 80 362 367 213 216 219 203 207 211 199 190 192 191 193 193 193
"166" 343 409 510 405 412 422 486 183 185 185 182 184 184 180 178 179 179 179 179 179
"167" 509 955 955 955 955 955 955 227 230 232 227 228 229 224 220 222 223 223 223 223
"168" 536 650 681 955 428 423 422 191 192 192 190 191 192 189 188 188 188 189 189 189
"169" 507 55 955 955 493 494 955 199 201 202 197 197 198 193 190 192 192 192 192 192
"170" 320 99 130 143 549 549 553 204 207 207 195 197 199 191 188 191 191 190 190 190
"171" 955 955 955 955 955 955 955 188 191 193 186 186 188 180 172 176 177 177 177 177
"172" 304 75 142 158 156 146 147 187 189 189 186 188 188 185 183 183 183 184 184 184
"173" 677 113 170 955 955 955 955 199 203 207 198 201 203 196 162 177 182 189 189 189
"174" 227 955 955 955 955 399 409 202 205 207 195 200 200 192 184 187 186 187 187 187
"175" 881 955 955 955 955 955 955 221 224 228 217 219 221 211 205 208 208 208 208 208
"176" 728 955 955 955 734 737 740 212 215 216 211 212 214 204 132 154 155 184 184 184
"177" 190 75 955 534 201 955 955 205 212 213 197 200 202 191 180 185 185 187 187 187
"178" 299 304 955 955 955 955 955 187 190 190 185 187 188 183 182 183 183 183 183 183
"179" 955 955 955 955 955 386 373 197 200 200 196 197 199 194 190 193 192 193 193 193
"180" 955 74 955 955 527 469 469 210 214 218 206 208 210 201 194 196 197 198 198 198
"181" 148 89 116 111 112 122 133 220 225 229 213 215 217 203 197 200 200 201 201 201
"182" 223 955 955 627 560 492 547 251 256 259 247 248 249 234 232 234 234 234 234 234
"183" 709 147 781 778 785 176 168 218 221 222 209 211 213 205 168 181 184 196 196 196
"184" 201 62 955 955 955 955 955 208 211 212 208 209 210 204 201 202 201 202 202 202
"185" 218 49 955 955 955 397 955 196 201 204 192 194 196 186 161 178 181 182 182 182
"186" 158 106 128 160 158 155 264 179 181 181 179 180 181 178 177 178 178 178 178 178
"187" 234 111 152 353 300 154 298 194 198 198 189 191 194 186 182 183 183 184 184 184
"188" 917 775 955 955 955 955 955 227 233 236 226 228 229 220 194 215 216 218 218 218
"189" 167 165 955 955 955 955 955 208 213 224 205 208 211 199 186 192 192 195 195 195
"190" 261 955 955 955 955 336 955 249 255 258 245 249 251 241 201 238 238 239 239 239
"191" 231 237 318 330 955 662 720 236 245 250 240 241 242 233 190 227 228 228 228 228
"192" 781 955 955 955 955 955 955 216 220 222 215 216 217 211 207 210 209 209 209 209
"193" 306 955 955 955 955 955 955 189 194 195 189 190 192 185 137 155 169 179 179 179
"194" 49 42 51 58 59 65 111 264 270 274 257 258 261 246 242 246 246 246 246 246
"195" 317 50 955 955 955 955 955 216 219 219 215 216 216 212 186 195 201 210 210 210
"196" 170 120 160 174 187 196 955 230 238 242 231 233 235 223 217 221 222 222 222 222
"197" 139 955 955 955 955 955 955 191 195 196 190 192 193 187 184 186 185 186 186 186
"198" 367 457 955 353 342 344 348 201 210 213 195 197 201 191 188 191 190 190 190 190
"199" 532 955 955 955 955 955 955 191 193 194 190 191 192 187 183 186 186 186 186 186
"200" 203 955 955 955 955 955 955 217 221 224 207 209 209 195 189 192 191 193 193 193
"201" 673 71 168 955 392 395 955 218 222 224 212 214 216 207 203 207 206 206 206 206
"202" 336 955 955 955 955 955 955 201 204 206 197 199 200 194 190 193 193 192 192 192
"203" 387 84 955 955 955 759 753 215 217 218 213 213 214 208 198 201 202 203 203 203
"204" 136 77 104 143 139 144 297 214 218 220 207 208 209 201 196 199 198 198 198 198
"205" 525 955 955 955 955 955 955 226 231 236 224 222 223 212 207 210 210 210 210 210
"206" 106 74 100 148 148 162 161 173 176 176 173 174 175 171 170 171 171 171 171 171
"207" 93 78 99 955 955 955 955 252 258 260 249 250 251 239 237 240 240 239 239 239
"208" 257 145 955 955 955 955 955 227 233 236 225 226 226 217 211 213 213 214 214 214
"209" 97 955 955 955 955 516 510 191 194 195 189 190 191 184 181 181 182 182 182 182
"210" 955 955 955 955 955 955 955 203 205 206 201 202 204 199 197 199 199 200 200 200
"211" 887 315 955 955 955 955 955 206 211 213 199 201 203 194 189 192 192 192 192 192
"212" 121 59 118 124 73 116 128 205 208 210 200 203 204 196 184 191 186 192 192 192
"213" 955 174 955 201 149 163 170 174 176 176 174 175 176 173 171 172 173 173 173 173
"214" 542 46 101 105 122 955 955 209 212 215 204 206 208 197 192 195 196 196 196 196
"215" 955 955 955 955 955 955 955 179 183 184 177 178 181 175 172 173 173 173 173 173
"216" 492 164 955 955 955 412 395 229 236 238 231 232 233 225 222 224 224 224 224 224
"217" 955 91 955 955 955 947 955 255 262 264 249 249 251 236 232 236 236 236 236 236
"218" 60 47 66 75 75 89 112 198 199 202 190 193 194 186 179 181 182 182 182 182
"219" 60 47 61 65 79 87 955 193 198 199 194 195 196 190 167 182 182 186 186 186
"220" 796 159 185 165 160 158 162 195 202 205 194 197 199 192 166 184 188 189 189 189
"221" 864 955 955 955 955 955 955 235 237 238 233 236 236 230 164 171 173 187 187 187
"222" 59 53 65 75 79 131 955 180 181 181 180 181 182 179 177 178 178 179 179 179
"223" 561 98 132 133 126 159 168 196 200 203 191 193 194 185 180 182 182 183 183 183
"224" 142 50 955 357 359 357 380 192 195 196 192 193 194 189 186 188 188 188 188 188
"225" 244 68 199 955 955 955 955 241 249 253 239 241 242 230 226 230 229 229 229 229
"226" 955 955 955 955 955 419 432 190 194 195 192 193 194 190 187 189 189 189 189 189
"227" 730 65 81 955 955 955 955 230 233 234 230 231 232 227 223 225 225 226 226 226
"228" 230 52 71 77 81 331 955 233 237 240 231 232 233 223 220 223 223 223 223 223
"229" 315 328 955 383 326 295 327 191 202 217 195 198 201 191 185 189 188 188 188 188
"230" 513 955 955 955 955 955 955 195 201 204 194 195 196 186 180 184 184 184 184 184
"231" 198 51 955 370 367 333 363 218 220 224 215 216 218 211 176 203 200 206 206 206
"232" 80 87 117 136 138 135 140 196 200 204 193 195 195 186 179 182 182 183 183 183
"233" 471 75 121 134 137 133 143 172 228 229 225 226 226 222 164 187 195 202 202 202
"234" 55 49 105 123 131 142 178 204 209 212 200 201 204 196 192 195 195 194 194 194
"235" 555 955 955 955 955 955 955 189 195 198 189 190 192 185 179 182 183 184 184 184
"236" 955 104 955 955 955 955 955 196 203 207 196 197 200 191 172 176 177 186 186 186
"237" 98 60 79 94 100 373 382 190 193 196 189 190 191 184 180 181 181 181 181 181
"238" 69 68 110 155 156 167 169 155 227 231 210 216 220 206 152 156 161 166 166 166
"239" 187 96 117 124 955 457 442 194 198 200 193 194 196 188 180 183 183 185 185 185
"240" 104 955 955 955 955 955 955 186 189 189 186 187 188 182 172 180 180 181 181 181
"241" 955 64 955 955 955 228 955 207 212 216 200 200 204 194 192 194 194 194 194 194
"242" 454 740 955 955 955 572 575 203 206 206 203 204 205 202 197 199 200 200 200 200
"243" 230 66 955 955 955 955 955 198 203 206 199 199 200 194 189 192 191 191 191 191
"244" 955 644 955 955 955 562 509 207 209 210 207 208 209 205 203 204 205 205 205 205
"245" 155 57 955 931 437 440 740 211 215 220 210 213 214 205 200 202 202 202 202 202
"246" 854 69 955 955 955 657 659 226 232 235 224 223 225 216 208 211 212 214 214 214
"247" 152 146 180 180 167 178 170 260 265 268 257 258 259 246 240 242 243 244 244 244
"248" 426 421 955 468 420 407 457 181 183 183 181 182 182 179 176 177 177 178 178 178
"249" 76 62 75 227 225 377 955 186 189 190 186 187 188 183 181 181 181 182 182 182
"250" 70 62 86 128 166 188 336 213 221 225 210 212 214 202 196 201 200 201 201 201
"251" 410 955 955 955 955 398 397 200 204 205 197 198 199 190 184 186 187 188 188 188
"252" 546 254 955 955 955 955 955 182 184 184 181 182 183 179 177 178 178 178 178 178
"253" 622 955 955 683 955 955 955 212 215 216 210 211 211 205 203 204 204 204 204 204
"254" 606 599 612 600 599 955 955 212 214 215 210 211 213 208 204 207 207 207 207 207
"255" 88 62 955 955 955 955 955 210 213 214 212 213 214 210 208 209 209 209 209 209
"256" 119 86 955 450 444 118 122 225 225 225 223 224 225 222 221 222 222 222 222 222
"257" 151 115 144 144 150 955 955 217 219 220 217 218 219 214 210 212 212 212 212 212
"258" 955 247 955 955 463 446 461 237 242 247 234 237 239 226 218 224 224 225 225 225
"259" 816 955 955 955 955 955 955 222 227 228 220 221 222 214 212 214 213 213 213 213
"260" 222 228 955 955 955 955 955 203 212 216 199 201 203 193 187 191 191 191 191 191
"261" 181 165 955 955 955 955 955 221 223 226 215 216 219 208 204 206 207 207 207 207
"262" 134 135 955 955 955 384 374 229 232 233 223 223 223 213 204 208 205 208 208 208
"263" 218 955 955 312 311 251 310 189 192 192 186 188 190 186 182 182 183 183 183 183
"264" 712 955 955 955 955 955 955 191 192 193 189 191 192 187 184 186 186 186 186 186
"265" 243 233 328 324 326 232 234 211 215 220 204 206 207 195 182 188 189 191 191 191
"266" 417 77 955 955 955 498 955 221 227 230 216 217 219 205 195 198 199 201 201 201
"267" 231 235 955 955 955 955 955 231 235 237 227 229 230 221 219 221 221 221 221 221
"268" 145 955 955 955 955 955 955 236 245 250 233 234 236 222 211 218 216 217 217 217
"269" 352 55 955 955 459 464 457 213 218 220 208 210 211 200 194 195 195 196 196 196
"270" 75 48 85 955 955 955 955 182 184 184 179 180 181 177 174 175 175 176 176 176
"271" 743 735 955 955 955 472 470 219 226 230 212 214 216 204 199 200 200 201 201 201
"272" 564 588 955 955 599 955 955 191 194 195 189 190 192 186 181 184 184 184 184 184
"273" 601 955 955 955 955 955 340 213 215 215 212 213 213 208 202 204 205 206 206 206
"274" 242 228 955 955 541 955 955 167 168 169 167 168 168 166 164 165 166 166 166 166
"275" 182 364 409 380 379 375 376 190 194 197 191 192 195 188 183 185 187 186 186 186
"276" 119 123 352 352 352 351 350 230 234 238 225 225 226 216 210 214 214 214 214 214
"277" 193 160 215 215 215 225 233 245 251 253 240 240 240 227 194 225 224 226 226 226
"278" 77 81 955 955 955 955 955 240 244 246 237 240 241 233 227 231 230 231 231 231
"279" 221 151 955 955 955 955 955 182 184 184 179 180 180 175 171 173 173 173 173 173
"280" 768 73 172 955 955 955 955 173 174 175 172 173 173 170 168 169 169 169 169 169
"281" 858 106 955 955 955 356 357 220 223 227 207 211 212 198 193 195 195 195 195 195
"282" 506 91 821 728 119 123 955 262 268 272 258 258 259 243 193 195 195 243 243 243
"283" 75 65 81 107 114 955 955 188 188 188 188 188 189 187 186 187 187 187 187 187
"284" 111 377 955 955 381 373 374 215 217 221 212 215 216 207 191 198 201 205 205 205
"285" 79 60 86 955 955 955 955 194 199 201 193 194 195 190 189 191 190 190 190 190
"286" 119 58 113 120 122 123 120 240 247 252 231 236 237 225 222 224 224 223 223 223
"287" 117 95 127 170 183 955 955 191 194 195 190 192 193 188 184 186 185 186 186 186
"288" 517 955 955 955 955 407 351 218 220 222 214 215 215 207 196 200 200 203 203 203
"289" 118 111 955 387 385 388 396 203 208 209 201 204 205 199 195 197 197 197 197 197
"290" 707 63 955 955 344 955 955 205 208 210 198 200 202 193 184 189 190 190 190 190
"291" 396 955 955 955 955 955 955 174 179 180 177 178 180 176 173 175 174 175 175 175
"292" 319 955 955 955 955 955 404 212 215 216 212 212 213 208 206 207 207 208 208 208
"293" 119 57 69 109 113 115 136 206 213 219 205 208 212 200 196 198 199 199 199 199
"294" 515 77 118 955 955 955 955 199 201 201 200 200 201 198 197 198 198 198 198 198
"295" 545 107 955 955 955 955 955 198 201 208 192 194 198 188 183 185 185 185 185 185
"296" 955 955 955 955 955 955 955 194 198 201 191 192 195 186 183 185 185 185 185 185
"297" 461 482 667 389 439 439 449 217 219 220 214 215 216 209 206 208 207 207 207 207
"298" 457 71 130 139 123 126 147 199 201 202 197 199 199 195 192 195 194 194 194 194
"299" 895 63 955 955 955 955 955 173 175 175 172 173 174 171 170 171 171 172 172 172
"300" 101 116 955 955 955 955 955 181 183 183 181 182 183 180 176 178 178 179 179 179
"301" 955 84 955 955 483 570 399 209 214 216 208 210 212 203 193 198 199 200 200 200
"302" 580 172 603 616 578 578 580 230 234 239 225 226 228 218 211 215 216 216 216 216
"303" 366 955 955 955 955 955 955 194 195 195 192 194 194 190 184 187 187 188 188 188
"304" 136 82 126 146 145 159 168 228 236 239 224 226 228 218 209 213 213 213 213 213
"305" 66 53 69 332 331 371 409 206 214 217 200 202 204 194 188 192 192 192 192 192
"306" 93 86 166 173 431 955 955 239 243 246 235 236 237 226 225 227 227 226 226 226
"307" 190 71 955 955 955 955 955 219 225 227 218 219 220 213 206 209 209 210 210 210
"308" 955 955 955 955 357 364 955 188 190 190 188 190 190 188 186 186 186 187 187 187
"309" 955 955 955 955 955 955 955 187 189 188 187 188 189 186 184 184 184 185 185 185
"310" 235 868 955 955 955 955 872 178 180 181 177 179 179 175 147 164 169 173 173 173
"311" 267 955 955 955 955 955 955 223 225 226 223 224 225 222 220 221 221 221 221 221
"312" 955 955 955 955 955 955 955 235 237 239 233 234 235 229 228 229 229 229 229 229
"313" 89 66 86 98 955 955 955 185 186 186 185 186 186 184 183 184 184 184 184 184
"314" 226 106 955 955 955 395 955 198 201 202 192 194 195 186 180 184 183 184 184 184
"315" 855 955 955 955 955 955 955 178 179 179 175 177 178 174 170 172 172 173 173 173
"316" 270 60 955 421 422 419 423 255 261 263 250 251 251 238 236 238 238 238 238 238
"317" 453 526 955 535 588 955 190 226 229 231 219 221 223 210 180 193 187 200 200 200
"318" 216 58 955 955 955 955 955 223 229 234 220 222 224 211 202 204 205 206 206 206
"319" 217 97 955 955 328 322 955 206 208 209 197 198 201 193 187 190 191 192 192 192
"320" 741 955 955 955 114 105 108 197 200 200 197 198 199 195 139 161 163 175 175 175
"321" 168 140 168 955 955 955 955 186 191 193 185 188 189 184 180 182 182 182 182 182
"322" 234 201 955 955 955 955 955 177 179 180 176 178 179 174 173 174 174 174 174 174
"323" 104 54 81 89 93 100 120 193 195 195 193 193 194 190 188 189 189 190 190 190
"324" 96 58 81 101 103 124 955 173 175 175 173 174 175 172 170 172 172 172 172 172
"325" 133 82 131 135 955 955 955 196 200 200 195 197 198 193 189 190 190 191 191 191
"326" 183 196 955 955 955 955 955 201 204 210 194 198 201 190 179 185 185 187 187 187
"327" 594 955 955 955 626 567 563 204 209 215 199 199 201 191 186 188 189 190 190 190
"328" 94 56 94 97 99 99 114 253 260 263 245 247 248 234 229 232 232 232 232 232
"329" 90 74 99 102 114 114 369 202 203 204 198 200 202 196 193 195 195 195 195 195
"330" 107 103 125 955 955 955 955 187 189 190 187 188 189 186 184 185 185 185 185 185
"331" 106 94 955 955 955 955 955 200 202 202 201 202 202 200 198 199 199 200 200 200
"332" 738 50 955 955 955 382 955 191 193 193 189 191 193 188 185 186 187 187 187 187
"333" 168 74 134 146 142 153 173 190 193 194 184 187 189 182 180 182 182 182 182 182
"334" 58 50 91 955 955 955 318 223 230 234 217 221 222 207 198 199 198 199 199 199
"335" 210 66 955 955 955 955 955 197 201 202 196 197 199 193 187 189 189 191 191 191
"336" 548 955 955 955 955 955 955 229 235 238 223 223 226 214 208 213 213 213 213 213
"337" 503 339 955 955 654 398 393 228 231 234 220 221 223 211 204 208 208 210 210 210
"338" 452 955 955 955 955 955 955 222 230 236 217 219 220 205 188 190 190 196 196 196
"339" 556 860 955 955 955 955 955 234 240 243 229 231 232 221 159 178 180 214 214 214
"340" 109 123 955 955 955 955 955 241 246 248 238 238 239 229 172 190 196 227 227 227
"341" 69 56 955 955 392 364 348 190 192 192 185 187 191 182 173 175 175 178 178 178
"342" 458 535 955 955 955 955 955 213 217 219 213 213 214 205 199 201 201 202 202 202
"343" 150 34 130 172 161 164 435 187 189 191 187 188 189 183 176 179 180 181 181 181
"344" 121 441 458 449 448 446 361 233 234 235 232 233 233 229 227 228 228 228 228 228
"345" 60 49 66 82 72 80 88 219 220 221 218 219 219 215 212 213 214 214 214 214
"346" 33 31 44 53 56 64 92 190 194 194 190 191 193 188 178 182 183 185 185 185
"347" 95 88 109 116 110 110 156 246 251 255 241 243 244 231 225 228 229 229 229 229
"348" 67 77 955 955 955 955 955 210 212 213 210 211 212 208 205 206 206 207 207 207
"349" 334 63 127 955 955 955 955 212 218 222 209 212 215 202 190 194 194 197 197 197
"350" 759 75 955 955 955 955 955 237 244 246 232 232 233 221 208 211 213 216 216 216
"351" 955 66 955 955 370 367 367 230 236 240 224 226 228 216 207 213 212 213 213 213
"352" 408 407 955 405 400 408 955 240 243 244 238 238 239 231 178 190 194 227 227 227
"353" 955 955 955 955 955 392 155 173 175 175 173 173 174 172 133 148 150 160 160 160
"354" 122 101 955 955 955 544 955 195 196 196 194 195 196 193 191 192 192 192 192 192
"355" 955 336 343 401 402 406 955 183 185 184 181 182 183 179 177 178 178 178 178 178
"356" 871 85 955 955 425 426 428 199 202 203 197 199 200 194 191 193 193 193 193 193
"357" 955 955 955 955 955 435 430 217 220 220 218 219 219 216 159 175 201 213 213 213
"358" 47 36 58 524 470 955 955 212 214 214 210 212 213 209 205 208 208 208 208 208
"359" 722 720 955 955 955 955 360 234 237 238 233 235 236 230 227 229 229 229 229 229
"360" 137 75 142 197 192 183 180 203 206 213 197 197 200 189 186 188 188 188 188 188
"361" 254 51 955 303 294 303 313 175 178 178 175 176 177 174 172 173 173 173 173 173
"362" 816 46 955 955 955 955 955 219 225 230 216 219 221 211 206 209 209 209 209 209
"363" 808 955 955 955 955 955 955 181 183 183 182 182 183 181 149 159 176 179 179 179
"364" 100 79 139 955 955 955 955 250 255 258 248 248 249 239 235 239 239 239 239 239
"365" 237 45 955 955 955 955 955 200 203 206 197 198 199 192 186 188 187 188 188 188
"366" 98 90 155 314 248 245 245 227 232 236 217 223 226 210 197 202 202 206 206 206
"367" 148 67 171 955 174 153 143 173 176 176 174 175 176 172 151 168 169 170 170 170
"368" 784 955 955 955 955 955 955 219 224 227 214 216 218 207 202 205 204 204 204 204
"369" 496 709 955 955 955 417 419 216 225 228 210 213 217 204 196 199 198 199 199 199
"370" 170 92 129 145 158 179 390 192 194 194 190 192 192 188 186 187 186 187 187 187
"371" 347 337 415 403 403 404 405 201 207 207 197 198 200 193 188 190 189 191 191 191
"372" 60 58 84 94 98 118 142 216 221 224 212 213 216 205 200 203 204 204 204 204
"373" 955 955 955 955 955 541 533 211 213 215 207 207 209 201 178 194 196 198 198 198
"374" 85 64 86 93 90 101 103 246 250 251 243 243 244 235 153 166 162 174 174 174
"375" 476 748 955 955 955 955 955 195 197 198 191 193 193 188 185 186 186 186 186 186
"376" 376 598 955 955 955 955 955 173 176 176 173 173 174 170 168 170 170 170 170 170
"377" 540 955 955 955 955 955 955 194 197 199 194 195 195 190 187 189 189 190 190 190
"378" 138 90 145 298 172 166 169 185 200 203 190 194 197 186 175 178 179 180 180 180
"379" 47 37 145 151 148 158 177 209 213 218 203 207 209 197 189 191 191 192 192 192
"380" 85 61 86 122 137 123 119 231 236 244 229 231 234 221 203 212 215 217 217 217
"381" 955 92 955 955 955 955 955 226 236 245 228 227 230 215 190 198 201 210 210 210
"382" 955 955 955 955 955 955 955 221 225 228 220 221 222 215 203 206 206 209 209 209
"383" 442 459 955 955 457 460 581 186 191 192 189 190 191 186 181 182 182 183 183 183
"384" 116 108 955 955 955 829 814 213 219 223 212 215 217 209 196 198 199 201 201 201
"385" 894 91 196 179 178 180 192 221 226 226 221 222 223 218 215 217 217 217 217 217
"386" 458 955 955 955 955 955 955 200 205 208 199 200 202 194 188 190 190 192 192 192
"387" 955 955 955 955 955 955 955 198 201 201 192 193 195 189 181 184 185 185 185 185
"388" 203 108 955 955 955 381 707 206 208 208 204 205 205 200 179 190 190 197 197 197
"389" 493 543 955 955 373 367 369 217 218 219 215 216 216 212 210 211 212 212 212 212
"390" 946 952 955 955 955 955 955 243 249 252 238 239 241 228 221 225 226 226 226 226
"391" 84 66 82 90 98 126 796 234 243 248 233 234 236 223 214 221 222 222 222 222
"392" 551 808 955 955 804 769 955 236 240 243 230 231 232 219 200 210 211 214 214 214
"393" 955 436 955 955 955 310 312 212 220 225 209 211 213 200 192 197 197 198 198 198
"394" 144 65 82 91 260 253 188 188 190 191 185 186 188 182 176 177 179 179 179 179
"395" 47 47 61 72 84 87 143 219 226 230 218 220 223 214 208 212 212 212 212 212
"396" 470 534 562 567 565 568 583 230 235 236 219 222 223 209 202 204 204 205 205 205
"397" 317 309 397 386 386 310 390 226 229 231 224 226 227 220 216 217 218 218 218 218
"398" 107 103 125 132 131 137 157 184 186 186 181 183 184 179 175 177 177 177 177 177
"399" 96 258 313 307 303 307 310 208 212 215 207 209 210 202 181 194 192 197 197 197
"400" 195 955 955 955 955 955 955 226 228 228 226 227 227 223 219 221 221 222 222 222
"401" 115 955 955 955 955 436 955 255 261 266 249 251 252 238 188 199 193 232 232 232
"402" 609 70 955 639 955 955 955 201 204 204 201 201 203 199 194 196 198 198 198 198
"403" 604 141 955 937 955 195 955 236 240 241 230 232 234 224 219 223 222 222 222 222
"404" 547 171 896 915 920 955 955 188 196 197 188 189 191 183 174 176 175 179 179 179
"405" 90 94 955 955 955 436 358 207 210 212 206 207 208 202 198 199 199 200 200 200
"406" 880 955 955 955 955 196 186 191 193 194 189 191 192 187 173 182 184 185 185 185
"407" 370 76 955 434 367 363 365 174 175 175 174 175 176 173 173 174 174 174 174 174
"408" 180 61 955 955 955 955 955 219 226 229 213 214 215 199 191 194 195 196 196 196
"409" 156 70 107 125 125 147 161 195 198 199 190 191 192 183 175 180 179 180 180 180
"410" 905 905 955 366 955 955 955 181 182 182 181 181 182 180 177 178 178 179 179 179
"411" 99 75 95 105 115 123 132 254 258 261 253 254 254 244 240 243 244 244 244 244
"412" 73 46 76 127 213 214 218 201 204 205 196 197 198 190 184 186 187 187 187 187
"413" 81 75 93 103 98 110 108 189 192 193 191 192 193 190 160 166 170 186 186 186
"414" 232 172 955 955 417 257 350 260 266 269 255 257 257 241 237 242 242 241 241 241
"415" 243 236 345 342 338 340 342 229 234 237 225 225 225 214 200 211 209 211 211 211
"416" 211 955 955 955 955 955 955 181 183 183 181 182 182 180 177 178 178 179 179 179
"417" 521 81 97 656 120 368 375 183 187 189 182 184 185 180 178 179 179 179 179 179
"418" 198 207 955 955 650 955 753 209 216 219 198 201 205 192 185 188 188 189 189 189
"419" 658 684 955 706 955 413 420 210 214 215 209 211 212 205 192 192 196 200 200 200
"420" 416 47 774 955 955 955 955 209 213 216 204 204 207 198 191 192 193 194 194 194
"421" 58 58 955 955 955 955 955 195 197 198 194 194 195 189 187 189 188 189 189 189
"422" 575 955 955 955 400 405 557 206 213 217 208 208 212 204 196 201 201 202 202 202
"423" 390 955 955 955 955 955 955 219 224 226 208 211 212 201 196 198 197 198 198 198
"424" 387 955 955 955 955 955 955 187 189 188 186 187 188 185 183 184 184 184 184 184
"425" 82 91 955 130 114 127 349 242 245 245 241 242 243 239 236 238 238 238 238 238
"426" 290 85 955 955 955 955 955 181 184 185 182 183 184 179 167 173 172 175 175 175
"427" 955 955 955 955 378 349 347 188 192 192 187 187 188 184 180 182 182 182 182 182
"428" 451 147 184 199 506 458 482 220 227 232 220 221 222 207 191 198 201 203 203 203
"429" 155 372 955 955 374 374 955 270 275 278 265 265 268 253 248 253 253 253 253 253
"430" 182 193 955 955 372 340 337 229 232 236 222 224 226 214 196 204 202 208 208 208
"431" 955 955 955 955 955 955 955 234 236 237 234 235 236 232 227 229 230 230 230 230
"432" 359 457 955 955 587 586 584 205 214 220 207 211 214 201 194 198 198 198 198 198
"433" 118 110 955 554 402 553 601 193 197 197 191 193 195 189 184 186 185 185 185 185
"434" 66 48 78 80 80 80 367 220 227 229 214 215 217 207 198 200 200 202 202 202
"435" 267 955 955 955 955 955 955 202 205 207 201 203 205 198 172 190 193 195 195 195
"436" 104 106 155 179 182 174 185 235 244 250 233 234 235 221 205 215 215 216 216 216
"437" 232 955 955 955 955 955 955 189 191 192 187 189 190 184 181 183 183 183 183 183
"438" 173 80 97 126 122 129 149 236 240 244 229 230 231 218 214 218 217 217 217 217
"439" 143 51 76 74 75 103 116 281 287 291 274 276 276 259 256 260 260 259 259 259
"440" 72 48 59 70 77 101 107 194 195 197 189 191 193 186 182 185 185 185 185 185
"441" 48 50 88 84 88 108 120 203 206 207 202 202 203 198 195 197 197 197 197 197
"442" 85 58 81 121 955 955 389 219 225 231 218 220 223 213 202 207 206 208 208 208
"443" 955 46 955 955 955 609 955 193 196 198 192 193 193 188 184 186 186 186 186 186
"444" 903 52 955 955 955 955 955 220 223 225 217 219 219 207 196 199 199 201 201 201
"445" 494 955 955 955 955 955 955 183 185 188 184 186 187 183 180 182 182 183 183 183
"446" 83 56 78 82 77 79 109 227 230 233 220 222 224 212 194 201 203 208 208 208
"447" 421 391 955 399 955 955 955 206 209 210 206 207 207 203 200 201 201 201 201 201
"448" 83 193 955 955 955 955 955 203 206 207 201 201 203 195 188 192 191 193 193 193
"449" 54 52 68 71 141 166 955 212 219 224 209 213 214 202 193 194 195 196 196 196
"450" 955 955 955 955 955 387 955 207 212 216 201 205 207 197 188 192 192 193 193 193
"451" 213 187 955 433 955 955 955 209 212 212 209 210 211 207 166 198 201 204 204 204
"452" 178 126 955 955 955 955 955 207 213 217 200 202 207 194 185 188 188 191 191 191
"453" 126 112 955 955 955 264 264 202 204 205 201 202 203 199 177 190 193 196 196 196
"454" 804 955 955 955 955 955 955 175 177 177 175 177 178 175 174 175 175 175 175 175
"455" 214 91 121 211 198 511 955 233 242 247 233 235 237 224 222 225 225 224 224 224
"456" 582 955 955 955 955 955 955 188 191 191 187 189 190 185 182 184 183 184 184 184
"457" 237 345 418 366 399 817 803 216 218 219 217 218 219 216 187 192 192 214 214 214
"458" 69 71 955 955 955 955 955 209 212 214 200 200 203 194 180 189 189 191 191 191
"459" 143 94 955 955 424 421 426 248 251 252 247 247 248 241 240 241 241 241 241 241
"460" 231 180 446 448 506 182 186 237 242 246 232 233 234 220 203 211 214 215 215 215
"461" 184 89 181 300 184 300 295 211 217 222 207 208 210 196 187 191 190 191 191 191
"462" 205 56 192 394 381 362 330 201 209 214 198 200 203 195 191 195 195 194 194 194
"463" 693 54 143 147 141 143 164 213 219 222 208 213 215 205 198 201 201 202 202 202
"464" 75 55 73 84 95 110 467 190 192 193 189 189 190 185 182 184 184 184 184 184
"465" 273 381 955 386 381 374 379 231 234 235 230 230 231 224 184 219 220 222 222 222
"466" 669 55 955 955 63 68 955 205 210 211 203 203 205 199 193 196 196 197 197 197
"467" 164 136 175 174 160 160 174 186 192 196 184 186 190 181 158 171 169 176 176 176
"468" 248 98 955 955 336 286 329 218 222 224 202 206 211 198 190 195 194 195 195 195
"469" 298 479 955 955 955 955 955 178 179 180 178 178 179 176 158 170 172 174 174 174
"470" 178 119 142 159 152 168 177 192 195 198 188 190 192 185 179 182 181 182 182 182
"471" 691 955 955 955 955 955 955 231 237 239 227 229 230 218 201 211 211 213 213 213
"472" 232 955 955 955 955 955 955 194 196 197 192 194 194 189 184 185 186 187 187 187
"473" 585 320 955 955 729 650 720 197 199 199 197 197 198 194 190 192 193 193 193 193
"474" 83 90 112 116 118 134 499 189 194 197 189 190 192 185 180 183 183 183 183 183
"475" 81 71 93 112 111 118 125 206 213 216 197 199 204 194 167 168 168 178 178 178
"476" 723 955 955 955 955 955 955 196 199 199 197 198 198 195 193 194 194 194 194 194
"477" 304 93 110 110 103 103 96 202 209 211 201 203 205 198 155 169 159 185 185 185
"478" 381 87 955 955 955 955 955 208 214 217 200 204 207 195 188 191 191 192 192 192
"479" 955 955 955 955 955 955 955 232 237 243 225 226 229 217 204 206 208 212 212 212
"480" 218 955 955 955 955 955 955 213 215 215 213 214 215 212 201 208 207 209 209 209
"481" 445 56 123 955 464 955 955 189 191 191 188 189 190 186 185 186 186 186 186 186
"482" 399 473 955 955 955 955 955 195 197 197 195 196 197 194 189 191 192 192 192 192
"483" 415 904 955 955 955 955 955 192 197 198 194 196 197 191 188 189 190 190 190 190
"484" 281 277 347 339 343 384 385 202 206 207 202 203 205 199 196 197 197 197 197 197
"485" 426 81 955 423 423 528 671 214 222 225 215 215 218 206 174 187 194 200 200 200
"486" 88 91 110 126 126 139 955 210 211 211 209 211 211 209 206 207 208 208 208 208
"487" 955 82 955 955 955 955 955 218 225 228 211 215 217 204 189 195 195 196 196 196
"488" 621 148 711 622 955 955 955 253 257 259 248 249 250 238 237 238 238 238 238 238
"489" 169 125 159 810 807 806 809 186 191 192 186 187 188 182 180 183 182 181 181 181
"490" 424 52 955 955 955 382 383 185 189 191 185 186 187 182 179 180 180 180 180 180
"491" 422 87 467 360 356 421 461 206 208 209 204 205 206 201 199 200 200 200 200 200
"492" 955 346 955 955 371 383 431 181 182 182 181 182 183 181 181 181 181 181 181 181
"493" 146 955 955 955 955 955 955 202 207 209 201 203 204 197 189 193 194 194 194 194
"494" 357 377 955 383 377 348 360 203 205 206 201 202 203 199 195 197 198 198 198 198
"495" 411 84 105 955 955 955 955 213 231 238 212 216 220 205 164 190 191 195 195 195
"496" 826 57 140 159 164 159 168 214 218 219 206 207 209 198 192 194 193 195 195 195
"497" 347 109 955 955 955 955 955 187 189 190 187 188 189 185 181 183 183 184 184 184
"498" 76 152 955 955 412 178 167 255 262 266 250 251 252 238 152 165 173 184 184 184
"499" 183 148 955 955 450 441 401 211 214 214 213 213 214 211 120 145 159 179 179 179
"500" 203 194 955 955 466 525 955 210 217 222 210 212 214 205 197 200 200 202 202 202
