"max_pca1" "max_pca2" "max_pca3" "max_pca5" "max_pca10" "max_pca20" "max_pca40" "min_pca1" "min_pca2" "min_pca3" "min_pca5" "min_pca10" "min_pca20" "min_pca40" "tpca0.8" "tpca0.9" "tpca0.95" "tpca0.99" "tpca0.995" "tpca0.999"
"1" 470 955 955 955 955 955 955 194 955 197 187 955 955 187 172 174 174 176 176 176
"2" 119 57 95 98 94 339 955 196 955 196 182 192 196 179 170 170 170 172 172 172
"3" 955 730 955 955 955 955 955 181 955 252 184 198 261 182 169 170 171 171 171 171
"4" 201 48 291 955 955 230 228 224 955 223 196 955 955 178 173 174 174 175 175 175
"5" 59 49 64 73 86 91 955 178 221 183 180 195 210 191 172 173 174 177 177 177
"6" 955 171 955 955 955 955 955 178 955 201 192 200 955 176 165 166 167 167 167 167
"7" 180 136 955 955 955 955 955 214 955 279 192 204 342 191 170 170 170 173 173 173
"8" 438 955 955 955 955 955 955 191 195 191 188 189 193 184 176 177 178 179 179 179
"9" 43 33 43 82 100 107 127 180 955 191 193 198 200 184 172 173 174 176 176 176
"10" 131 74 132 955 134 955 366 200 955 205 193 186 193 183 177 177 178 179 179 179
"11" 238 246 686 955 955 955 451 187 269 187 185 192 259 184 169 170 171 176 176 176
"12" 717 735 955 955 414 955 955 955 955 955 344 337 343 182 173 175 175 177 177 177
"13" 955 955 955 955 369 368 368 198 955 199 198 224 255 201 186 187 190 193 193 193
"14" 180 90 955 955 955 955 955 200 955 219 227 333 955 217 192 192 193 194 194 194
"15" 186 50 605 955 674 955 955 213 955 955 217 221 955 194 181 183 183 185 185 185
"16" 829 850 955 955 955 955 955 176 955 184 172 177 186 174 170 171 171 171 171 171
"17" 45 75 955 955 955 955 955 180 186 180 174 183 187 178 164 164 164 165 165 165
"18" 955 955 955 955 955 955 955 179 955 194 192 193 955 179 161 163 163 165 165 165
"19" 465 468 955 955 955 955 955 190 955 179 179 187 192 182 170 171 171 173 173 173
"20" 118 45 121 130 285 298 310 187 955 197 192 309 309 192 171 172 175 177 177 177
"21" 303 302 323 955 315 331 955 198 955 222 199 212 955 196 175 176 177 178 178 178
"22" 838 84 955 955 955 955 955 202 955 282 275 315 319 201 166 166 166 167 167 167
"23" 65 49 62 70 77 95 133 955 955 955 955 955 955 221 172 176 177 186 186 186
"24" 791 809 955 955 955 955 955 169 197 178 179 189 204 189 153 158 163 167 167 167
"25" 955 150 955 955 955 955 955 194 204 192 190 193 196 189 169 170 171 176 176 176
"26" 40 41 109 112 125 130 955 182 191 183 181 187 196 184 165 174 173 177 177 177
"27" 149 138 955 955 955 955 955 955 955 955 955 955 955 214 170 172 172 177 177 177
"28" 955 131 955 955 955 955 955 203 955 955 354 955 955 184 176 177 178 179 179 179
"29" 131 91 141 827 827 955 955 187 955 203 194 203 955 180 166 167 170 171 171 171
"30" 955 82 108 955 348 171 168 184 208 200 199 201 346 190 177 177 178 180 180 180
"31" 72 34 77 84 89 100 760 258 955 284 199 326 955 198 177 182 181 189 189 189
"32" 192 205 955 955 955 955 955 175 188 180 180 180 183 177 170 170 170 172 172 172
"33" 955 158 955 955 955 955 955 252 955 224 222 225 377 219 206 208 211 213 213 213
"34" 166 199 237 253 246 955 955 184 955 226 190 186 195 172 163 163 164 165 165 165
"35" 89 64 85 95 96 109 130 170 188 179 174 183 192 178 165 166 167 168 168 168
"36" 529 50 955 955 955 955 955 228 955 228 204 226 955 201 179 181 182 187 187 187
"37" 634 675 895 910 908 923 955 192 955 325 195 349 955 192 172 173 175 180 180 180
"38" 129 105 156 183 191 194 955 175 187 177 176 185 955 183 165 167 165 171 171 171
"39" 911 955 955 955 955 955 955 193 198 192 191 193 197 186 174 175 176 178 178 178
"40" 485 82 583 955 955 955 955 221 955 357 203 288 955 197 174 180 184 190 190 190
"41" 399 484 955 955 334 313 313 210 366 240 200 202 290 191 172 173 174 179 179 179
"42" 87 65 87 126 124 130 134 219 955 332 191 195 326 186 172 177 176 180 180 180
"43" 437 955 955 955 955 955 955 200 955 195 178 192 208 177 166 167 168 170 170 170
"44" 473 130 554 586 594 598 955 191 955 191 188 190 193 179 171 172 172 173 173 173
"45" 84 59 92 112 126 132 955 172 195 184 186 194 955 188 165 171 175 177 177 177
"46" 77 47 64 100 109 955 955 182 195 187 181 187 190 177 169 170 170 172 172 172
"47" 209 668 698 787 820 955 955 324 955 955 955 955 955 260 186 194 194 197 197 197
"48" 938 955 955 955 955 955 955 178 955 187 184 190 345 180 161 162 162 164 164 164
"49" 496 490 527 955 955 955 955 198 955 200 198 200 955 195 174 174 174 175 175 175
"50" 434 617 955 955 955 955 951 190 955 189 186 182 189 176 165 166 166 167 167 167
"51" 955 955 955 955 955 955 955 218 955 184 184 197 955 182 172 172 174 178 178 178
"52" 252 297 325 955 955 530 494 955 955 955 955 955 955 216 179 181 182 189 189 189
"53" 108 70 89 95 484 484 955 188 955 189 184 190 198 183 171 171 171 173 173 173
"54" 157 138 166 153 955 955 955 194 955 195 188 194 197 185 178 178 178 180 180 180
"55" 955 955 955 955 955 955 436 187 955 193 181 179 191 176 168 170 171 172 172 172
"56" 407 410 955 955 955 955 955 334 955 955 955 955 955 201 183 185 186 190 190 190
"57" 86 61 78 87 955 955 955 223 955 252 342 351 356 217 176 177 179 183 183 183
"58" 87 77 102 108 143 955 955 201 955 267 192 196 224 185 171 172 173 175 175 175
"59" 132 331 955 955 955 955 955 250 955 955 210 955 955 196 168 172 171 185 185 185
"60" 955 175 955 955 955 955 955 194 198 179 176 184 190 179 169 171 172 173 173 173
"61" 269 102 955 955 955 955 322 200 955 205 195 201 216 188 142 171 171 173 173 173
"62" 435 450 472 494 466 466 453 187 193 186 186 191 200 186 179 180 181 182 182 182
"63" 107 62 97 107 124 134 139 200 955 955 202 955 955 199 173 176 177 180 180 180
"64" 560 559 955 955 955 871 762 291 955 185 182 195 240 180 169 169 169 170 170 170
"65" 385 383 390 955 955 955 955 234 295 251 199 201 348 199 171 174 177 181 181 181
"66" 945 62 85 955 955 955 955 204 955 205 195 205 345 183 167 168 168 171 171 171
"67" 684 292 290 955 955 955 296 175 199 178 173 176 955 173 167 168 168 169 169 169
"68" 143 241 955 955 955 955 955 192 955 187 187 192 197 182 167 169 169 172 172 172
"69" 111 85 108 118 116 137 143 169 180 173 175 183 194 175 163 164 164 165 165 165
"70" 482 540 955 955 955 422 955 275 955 306 305 316 955 222 169 171 172 174 174 174
"71" 195 955 955 955 955 955 955 188 955 199 196 955 955 189 174 176 177 180 180 180
"72" 383 376 416 522 556 955 955 245 955 262 189 195 264 184 168 169 170 172 172 172
"73" 119 125 955 955 955 482 452 185 955 194 188 197 200 184 167 169 169 173 173 173
"74" 118 50 107 118 122 126 143 194 955 192 182 192 199 180 170 171 172 173 173 173
"75" 256 246 291 955 291 303 955 187 208 195 190 190 194 181 171 172 170 174 174 174
"76" 77 100 496 955 955 583 536 212 955 307 320 350 955 181 168 170 171 173 173 173
"77" 298 310 955 955 955 955 396 196 955 197 187 191 198 188 164 165 170 175 175 175
"78" 160 69 143 154 160 182 244 199 955 198 193 202 252 194 174 174 179 186 186 186
"79" 77 86 285 955 955 955 794 206 955 204 200 279 345 202 190 193 192 196 196 196
"80" 955 65 955 955 955 955 955 210 955 211 196 198 205 182 176 177 177 178 178 178
"81" 87 52 69 79 85 94 147 204 955 218 203 218 249 198 181 182 183 187 187 187
"82" 99 67 110 129 145 130 758 190 955 181 178 191 955 179 169 169 170 170 170 170
"83" 95 95 955 955 955 955 955 192 955 200 170 175 189 172 166 167 167 169 169 169
"84" 109 62 78 86 112 955 400 203 235 224 222 231 299 200 170 175 176 179 179 179
"85" 68 59 78 88 101 955 955 192 955 263 195 196 302 183 166 169 170 173 173 173
"86" 189 162 955 955 955 955 809 186 189 186 180 181 187 176 164 165 165 168 168 168
"87" 134 110 135 141 142 157 955 172 189 181 179 187 196 181 170 170 173 174 174 174
"88" 186 186 557 955 187 184 183 291 955 955 235 194 955 179 169 170 169 171 171 171
"89" 889 72 91 98 112 259 262 194 212 209 198 200 210 197 172 175 179 191 191 191
"90" 460 49 484 548 594 606 955 177 955 192 192 194 955 191 179 180 180 181 181 181
"91" 170 144 206 226 230 955 955 189 278 189 188 197 283 197 174 183 185 187 187 187
"92" 955 955 955 955 955 955 955 182 955 181 177 183 197 179 175 175 175 176 176 176
"93" 955 955 955 955 955 955 955 198 955 199 193 193 198 183 165 167 167 172 172 172
"94" 99 51 90 123 128 128 130 175 203 180 177 186 264 179 167 169 171 173 173 173
"95" 955 955 955 955 955 955 955 202 203 200 198 194 199 182 170 171 171 174 174 174
"96" 580 66 955 955 955 955 955 191 202 192 190 195 215 190 185 187 187 188 188 188
"97" 124 53 402 708 727 955 955 181 955 180 181 195 196 178 163 168 167 170 170 170
"98" 176 269 281 955 282 290 321 177 189 185 176 183 189 182 176 177 177 178 178 178
"99" 228 955 955 955 955 955 679 332 955 955 198 955 955 196 170 171 171 175 175 175
"100" 184 60 191 955 955 955 955 200 282 200 198 199 203 189 167 167 168 171 171 171
"101" 860 955 955 955 955 955 955 179 237 179 179 185 192 181 164 166 166 168 168 168
"102" 955 90 955 955 955 955 955 304 955 352 304 316 955 252 186 187 188 199 199 199
"103" 171 163 955 955 955 955 955 227 955 233 189 189 955 183 173 174 175 177 177 177
"104" 700 53 955 955 955 955 955 175 196 174 170 172 173 167 163 164 164 165 165 165
"105" 235 69 252 955 955 955 955 172 198 178 175 185 191 173 153 162 163 165 165 165
"106" 280 288 380 955 955 955 247 955 955 955 210 208 955 193 172 174 174 180 180 180
"107" 89 45 93 955 98 955 955 202 955 212 202 338 955 191 173 177 174 178 178 178
"108" 58 48 955 955 955 955 955 179 193 179 179 186 190 178 172 173 174 174 174 174
"109" 955 955 955 955 955 955 955 176 206 177 179 194 306 179 172 172 173 174 174 174
"110" 465 77 955 955 955 955 155 182 955 185 180 184 194 180 163 164 164 166 166 166
"111" 607 630 955 955 955 955 955 223 232 231 209 228 955 208 174 174 175 182 182 182
"112" 385 382 432 534 512 535 539 189 197 187 182 189 197 174 164 166 166 169 169 169
"113" 581 592 955 955 955 955 955 177 192 188 177 181 195 172 164 165 165 166 166 166
"114" 955 955 955 955 955 955 955 181 205 192 179 198 216 180 172 173 174 175 175 175
"115" 43 44 155 155 122 109 117 166 194 183 180 184 191 177 165 167 168 168 168 168
"116" 178 122 145 156 154 160 171 191 194 191 190 192 197 188 183 182 182 184 184 184
"117" 124 75 94 110 113 132 158 194 955 273 197 279 286 194 175 176 176 177 177 177
"118" 102 87 124 135 136 955 955 179 189 178 176 177 179 174 167 168 168 170 170 170
"119" 955 955 955 955 362 375 955 202 955 200 195 201 271 193 181 182 183 187 187 187
"120" 641 153 955 955 955 955 955 250 955 290 294 327 955 196 174 176 178 184 184 184
"121" 167 67 116 131 124 127 164 183 955 187 182 195 202 186 173 174 173 174 174 174
"122" 950 955 955 955 162 146 121 194 955 196 194 355 955 191 158 164 164 175 175 175
"123" 96 59 93 109 113 121 955 204 955 204 193 195 199 188 176 177 178 179 179 179
"124" 383 68 431 454 451 955 955 955 955 201 197 198 955 193 169 171 172 175 175 175
"125" 955 955 955 955 955 955 831 174 200 179 175 198 955 192 173 174 174 175 175 175
"126" 66 42 91 103 113 122 135 186 955 195 191 198 955 185 173 175 175 176 176 176
"127" 955 105 955 955 955 955 955 191 213 198 186 188 193 182 165 166 166 167 167 167
"128" 50 49 955 955 955 955 955 232 955 243 243 955 955 201 173 176 177 179 179 179
"129" 468 549 955 955 955 955 955 190 214 174 173 189 195 174 168 169 169 170 170 170
"130" 748 107 955 955 955 955 955 194 955 204 201 208 955 195 182 183 184 185 185 185
"131" 311 82 545 558 546 544 546 200 228 204 195 195 206 190 181 182 183 185 185 185
"132" 104 85 238 955 199 955 955 239 955 321 318 313 356 200 165 167 168 172 172 172
"133" 78 66 83 86 115 113 135 191 205 197 188 195 202 186 169 171 172 176 176 176
"134" 382 955 955 955 955 955 955 166 180 173 173 176 190 174 166 167 168 169 169 169
"135" 175 114 142 150 152 216 226 186 196 194 183 188 193 179 168 170 170 172 172 172
"136" 955 955 955 955 955 955 955 335 955 955 955 955 955 188 169 179 179 182 182 182
"137" 234 955 955 955 955 353 351 291 955 288 278 272 282 201 190 195 196 197 197 197
"138" 151 110 138 955 955 955 955 210 955 209 196 201 207 175 166 167 167 168 168 168
"139" 955 955 955 955 955 955 955 181 955 184 180 180 189 177 170 171 171 172 172 172
"140" 117 112 128 137 135 135 158 176 180 176 176 184 195 179 169 171 172 174 174 174
"141" 273 62 75 76 72 77 77 176 229 196 178 182 201 176 167 167 168 169 169 169
"142" 955 955 955 955 955 955 311 108 172 169 166 170 177 168 129 156 157 163 163 163
"143" 458 955 955 955 955 955 955 187 955 197 189 200 344 190 175 178 179 181 181 181
"144" 147 126 152 166 157 167 303 202 955 200 197 200 315 198 176 181 182 187 187 187
"145" 955 955 955 955 955 955 955 223 955 225 223 955 955 220 180 183 180 196 196 196
"146" 101 55 85 955 955 955 955 199 240 198 175 173 184 169 163 163 164 165 165 165
"147" 177 851 955 955 955 955 955 267 955 955 207 195 356 187 175 176 176 181 181 181
"148" 150 57 135 955 955 146 133 298 955 196 187 193 203 184 161 164 160 173 173 173
"149" 196 41 955 955 955 508 437 196 955 350 347 348 358 186 173 173 174 176 176 176
"150" 437 180 658 955 955 955 955 193 955 246 194 201 292 195 182 186 185 188 188 188
"151" 955 73 146 955 955 955 955 169 181 179 176 183 207 177 166 167 167 169 169 169
"152" 489 494 955 955 955 955 426 174 192 187 183 188 191 178 168 169 169 171 171 171
"153" 104 62 94 113 118 133 379 269 955 258 256 310 330 197 174 178 178 187 187 187
"154" 539 955 955 955 955 955 329 202 257 203 185 194 206 178 170 170 170 170 170 170
"155" 110 120 354 955 955 155 154 208 955 955 207 955 955 206 181 184 185 187 187 187
"156" 119 87 103 113 104 104 132 204 309 204 200 201 288 191 169 173 176 181 181 181
"157" 230 243 252 250 255 955 283 167 955 955 955 187 955 170 145 161 163 164 164 164
"158" 517 955 955 955 955 955 955 292 955 299 294 291 298 192 171 173 172 185 185 185
"159" 98 87 955 955 955 955 955 210 955 210 213 955 955 192 180 182 182 186 186 186
"160" 748 105 126 955 811 810 801 264 955 262 230 955 955 201 150 157 150 164 164 164
"161" 955 111 955 955 955 955 680 184 955 955 198 955 955 187 176 179 179 183 183 183
"162" 698 724 955 955 955 955 955 188 955 245 198 333 348 197 169 173 176 186 186 186
"163" 955 955 955 955 955 955 955 285 955 315 327 955 955 211 177 178 178 180 180 180
"164" 955 52 955 955 955 955 955 182 955 198 196 199 955 195 163 177 181 183 183 183
"165" 58 43 57 68 80 403 955 180 194 180 178 184 197 179 173 174 173 175 175 175
"166" 626 641 955 955 955 955 955 180 210 181 182 199 211 185 178 180 180 180 180 180
"167" 720 955 955 955 955 955 955 179 187 180 178 183 189 175 165 167 167 169 169 169
"168" 193 703 955 955 955 955 955 211 955 359 199 353 358 195 183 183 184 185 185 185
"169" 202 55 955 955 955 955 955 175 289 178 177 190 206 175 169 170 170 172 172 172
"170" 243 99 130 143 955 955 955 196 955 199 196 197 283 195 175 177 178 183 183 183
"171" 955 955 955 955 955 955 955 192 955 195 187 184 191 173 161 162 163 165 165 165
"172" 191 75 142 158 156 146 147 285 955 955 296 292 955 242 175 179 178 186 186 186
"173" 748 113 955 955 955 955 955 191 955 219 191 235 251 190 162 173 173 176 176 176
"174" 307 312 699 732 759 955 955 192 213 191 191 955 955 190 175 177 176 178 178 178
"175" 891 242 250 955 955 955 955 203 955 192 191 191 193 180 170 170 170 172 172 172
"176" 517 955 955 955 955 955 955 198 955 195 178 180 187 171 132 154 155 163 163 163
"177" 189 75 955 955 342 955 347 198 955 198 191 201 955 189 176 179 179 183 183 183
"178" 471 955 955 955 955 955 955 197 955 197 195 194 197 180 168 169 169 172 172 172
"179" 586 955 955 955 955 955 955 187 955 185 185 188 195 185 174 176 176 178 178 178
"180" 767 74 955 955 955 955 955 186 213 184 183 190 200 182 173 174 175 179 179 179
"181" 148 89 116 111 112 122 133 178 199 184 177 187 198 178 166 168 168 171 171 171
"182" 451 850 955 955 955 955 955 201 955 215 201 204 323 200 187 188 188 192 192 192
"183" 330 147 955 955 955 955 167 190 955 190 185 188 195 185 165 166 167 169 169 169
"184" 456 62 478 497 497 955 955 206 955 325 307 303 325 202 184 185 185 186 186 186
"185" 399 49 578 584 360 363 341 203 955 315 203 201 333 193 161 168 173 180 180 180
"186" 158 106 128 160 158 155 300 190 245 186 183 188 229 194 180 182 182 184 184 184
"187" 635 111 152 955 831 154 955 177 189 186 175 181 187 175 164 165 165 166 166 166
"188" 330 361 379 955 955 358 229 181 187 184 182 183 189 178 168 172 174 177 177 177
"189" 167 165 219 955 955 955 955 207 955 955 955 955 955 205 168 171 174 191 191 191
"190" 450 445 955 955 955 955 955 196 214 189 182 189 194 179 166 168 169 171 171 171
"191" 955 955 955 955 955 955 955 955 955 955 955 189 955 175 166 167 167 168 168 168
"192" 879 583 603 955 640 955 955 955 955 955 190 192 955 185 179 180 180 181 181 181
"193" 192 192 208 737 744 714 955 168 955 178 179 190 955 179 137 155 161 163 163 163
"194" 49 42 51 58 59 65 111 173 186 176 173 180 183 175 170 171 171 172 172 172
"195" 303 50 955 955 315 317 318 175 196 187 185 193 198 175 167 167 168 168 168 168
"196" 170 120 160 192 955 955 955 200 955 192 187 198 955 176 168 169 170 171 171 171
"197" 139 955 955 955 244 955 955 188 226 186 183 189 192 185 172 175 174 177 177 177
"198" 515 265 305 385 351 355 349 192 955 349 169 170 182 168 165 166 165 166 166 166
"199" 955 955 955 955 955 955 955 177 193 187 176 178 187 177 166 170 171 173 173 173
"200" 209 234 955 955 955 955 407 175 955 198 176 183 190 171 165 166 166 167 167 167
"201" 451 71 173 955 389 375 374 185 194 187 185 188 195 183 168 171 172 177 177 177
"202" 629 656 955 955 955 955 387 188 195 188 179 179 186 171 164 165 165 166 166 166
"203" 334 84 955 955 328 332 340 232 955 190 186 200 955 188 165 166 167 168 168 168
"204" 136 77 104 143 139 144 341 178 955 188 183 204 210 192 172 175 175 177 177 177
"205" 955 955 955 955 372 374 344 204 955 370 955 359 955 204 177 178 178 180 180 180
"206" 106 74 100 148 148 162 161 218 955 242 232 955 955 197 191 192 192 193 193 193
"207" 93 78 99 955 955 955 955 170 195 173 172 178 183 174 166 167 167 168 168 168
"208" 270 145 930 955 955 955 493 173 955 188 174 190 348 171 165 165 166 167 167 167
"209" 97 955 955 955 955 955 955 207 955 224 197 271 955 190 170 171 174 184 184 184
"210" 446 408 456 955 955 955 955 201 202 188 179 188 195 180 167 167 168 171 171 171
"211" 356 373 375 393 381 955 955 187 193 190 186 189 193 187 177 181 182 184 184 184
"212" 121 59 118 124 73 116 128 195 955 955 196 955 955 200 177 181 177 186 186 186
"213" 291 173 751 955 149 164 955 190 223 200 190 191 200 183 171 174 174 176 176 176
"214" 668 46 101 105 122 955 955 181 188 180 179 183 188 176 169 171 171 173 173 173
"215" 397 402 955 955 955 955 955 186 955 201 181 181 202 177 170 171 172 174 174 174
"216" 815 164 955 955 955 955 300 172 955 195 180 183 193 177 171 171 171 172 172 172
"217" 471 91 955 955 955 955 555 361 955 329 325 359 955 288 173 176 176 180 180 180
"218" 60 47 66 75 75 89 112 174 191 174 172 183 357 176 166 168 168 170 170 170
"219" 60 47 61 65 79 87 830 182 955 203 197 195 205 182 162 165 165 170 170 170
"220" 938 159 955 165 160 158 162 177 199 191 187 193 242 190 165 173 175 176 176 176
"221" 462 468 488 955 955 955 955 174 955 170 169 192 955 170 158 160 161 163 163 163
"222" 59 53 65 75 79 131 955 189 201 189 186 190 196 183 169 170 170 173 173 173
"223" 279 98 132 133 126 159 261 195 955 196 193 193 196 186 170 171 172 176 176 176
"224" 142 50 955 955 955 955 955 196 219 196 192 191 196 184 180 180 180 181 181 181
"225" 285 68 955 955 955 463 452 290 955 339 349 292 361 211 168 170 170 173 173 173
"226" 461 524 955 955 955 955 348 196 955 193 192 201 333 191 180 180 181 182 182 182
"227" 433 65 81 955 955 955 955 179 199 180 173 176 179 169 164 165 165 165 165 165
"228" 840 52 71 77 81 868 856 217 955 284 284 955 955 199 181 182 183 185 185 185
"229" 423 460 497 516 309 312 307 174 194 185 183 191 197 185 170 172 173 175 175 175
"230" 955 955 955 955 439 441 382 197 955 273 196 191 196 185 179 180 181 181 181 181
"231" 200 51 328 955 955 955 955 239 955 200 195 195 199 187 169 176 174 179 179 179
"232" 80 87 117 136 138 135 140 171 196 190 189 192 196 182 165 165 166 168 168 168
"233" 408 75 121 134 137 133 143 172 955 190 190 955 955 195 164 172 173 174 174 174
"234" 55 49 105 123 131 142 955 955 955 955 203 224 233 191 174 180 181 182 182 182
"235" 537 541 955 955 955 955 955 181 955 205 177 182 334 173 165 167 168 170 170 170
"236" 266 104 955 955 356 347 350 178 955 249 247 245 358 198 167 168 169 174 174 174
"237" 98 60 79 94 100 410 267 230 290 233 215 224 236 195 180 181 180 183 183 183
"238" 69 68 110 155 156 172 173 155 178 170 169 176 193 173 152 156 160 161 161 161
"239" 186 96 117 124 286 311 332 182 193 182 179 179 182 175 169 169 169 171 171 171
"240" 104 744 955 955 955 955 955 189 288 196 196 198 278 175 161 165 165 166 166 166
"241" 793 64 954 955 955 955 955 197 955 196 194 193 246 190 185 186 186 187 187 187
"242" 955 955 955 955 955 955 955 239 955 265 260 271 366 193 179 182 184 185 185 185
"243" 682 66 955 955 955 955 955 214 955 319 320 955 955 269 185 189 187 190 190 190
"244" 322 560 591 629 648 955 955 193 227 192 190 193 195 190 174 175 175 177 177 177
"245" 155 57 955 955 955 955 955 184 216 185 184 206 955 182 171 171 172 173 173 173
"246" 550 69 955 955 955 955 955 266 955 955 955 955 955 204 174 176 178 185 185 185
"247" 152 146 955 190 169 186 172 199 955 955 201 955 955 194 172 173 173 178 178 178
"248" 284 955 955 955 955 955 955 328 955 348 281 296 337 238 183 191 194 227 227 227
"249" 76 62 75 955 955 955 955 352 955 381 381 955 955 247 183 183 184 186 186 186
"250" 70 62 86 128 168 955 955 191 215 191 186 196 256 185 174 178 179 182 182 182
"251" 330 311 955 955 337 337 226 179 955 182 179 183 187 176 162 163 163 164 164 164
"252" 955 823 861 878 955 955 955 282 955 199 184 187 192 183 175 174 174 176 176 176
"253" 643 824 955 955 955 955 315 211 955 216 198 193 200 183 173 173 173 175 175 175
"254" 955 955 955 955 955 366 348 177 187 175 174 182 194 178 170 171 171 172 172 172
"255" 88 62 447 955 302 362 273 172 181 176 176 179 199 177 168 170 170 171 171 171
"256" 119 86 955 955 955 118 122 172 190 172 170 177 183 173 168 168 169 170 170 170
"257" 151 115 144 144 150 955 955 178 955 203 179 193 337 178 166 167 167 169 169 169
"258" 354 497 510 955 955 955 955 195 955 193 193 955 955 197 170 171 171 173 173 173
"259" 518 773 955 955 955 955 955 208 289 191 175 189 227 186 174 174 176 179 179 179
"260" 318 333 955 955 955 955 955 264 955 262 213 260 264 193 177 186 186 188 188 188
"261" 286 165 955 955 955 955 955 178 194 186 175 176 188 171 163 164 165 166 166 166
"262" 134 135 715 955 955 955 349 176 200 190 176 180 184 172 168 168 168 169 169 169
"263" 582 955 955 955 955 955 955 196 955 193 180 186 198 185 176 177 177 178 178 178
"264" 800 790 955 955 955 955 955 218 955 227 197 202 955 193 176 178 178 180 180 180
"265" 638 884 933 955 955 955 955 183 212 204 198 200 211 191 164 165 166 169 169 169
"266" 339 77 339 370 286 287 258 190 197 194 191 196 199 183 168 170 171 176 176 176
"267" 422 955 955 955 955 433 444 197 206 195 187 196 275 179 171 172 173 174 174 174
"268" 145 249 279 955 248 955 227 188 218 188 187 195 202 186 169 170 171 172 172 172
"269" 955 55 955 955 955 955 955 194 955 240 215 955 955 195 178 179 180 182 182 182
"270" 75 48 85 504 524 955 955 200 955 955 198 199 955 196 180 182 183 187 187 187
"271" 955 955 955 955 955 955 955 367 955 955 955 955 955 268 191 192 192 194 194 194
"272" 567 578 617 955 955 955 955 257 955 270 260 262 270 198 169 173 175 182 182 182
"273" 614 673 955 955 689 955 955 238 955 237 239 308 955 184 167 169 170 177 177 177
"274" 179 172 210 955 955 955 405 189 955 193 191 195 955 187 168 169 172 174 174 174
"275" 182 955 955 955 955 955 955 175 955 350 184 189 955 173 164 165 165 166 166 166
"276" 119 123 955 955 955 955 350 199 955 182 181 194 278 185 173 174 176 177 177 177
"277" 193 160 955 955 401 955 955 174 955 198 196 955 955 202 171 175 176 184 184 184
"278" 77 81 955 955 955 955 955 225 955 225 218 225 352 208 174 178 178 184 184 184
"279" 727 151 729 955 955 955 955 231 955 955 955 955 955 180 171 171 170 172 172 172
"280" 223 73 955 955 296 301 955 181 955 182 181 186 272 178 174 175 175 176 176 176
"281" 577 106 638 676 955 955 819 955 955 955 194 196 955 193 174 177 179 187 187 187
"282" 348 91 955 955 119 123 349 192 206 183 177 188 194 188 170 171 171 173 173 173
"283" 75 65 81 107 114 955 955 188 196 184 179 180 184 179 171 173 174 177 177 177
"284" 111 722 769 955 955 955 955 218 955 251 239 320 955 237 168 173 180 197 197 197
"285" 79 60 86 955 955 955 738 188 217 189 186 184 187 177 172 172 172 173 173 173
"286" 119 58 113 120 122 123 120 179 202 181 181 192 198 181 172 174 175 177 177 177
"287" 117 95 127 188 285 318 955 180 196 180 178 193 194 177 165 167 167 170 170 170
"288" 321 398 412 955 356 317 337 202 955 276 196 199 335 184 167 169 170 175 175 175
"289" 118 111 955 955 955 955 955 194 955 194 193 955 955 191 169 171 172 175 175 175
"290" 638 63 955 955 955 955 955 210 955 212 208 208 955 174 164 166 167 168 168 168
"291" 291 326 955 955 392 405 401 173 955 321 316 321 955 258 168 169 169 172 172 172
"292" 260 407 527 955 955 955 409 197 955 187 184 198 955 182 171 172 172 173 173 173
"293" 119 57 69 109 113 115 136 178 199 196 182 191 198 178 168 168 169 170 170 170
"294" 889 77 118 955 362 362 293 195 955 214 193 195 245 187 172 174 174 175 175 175
"295" 230 107 413 955 409 411 409 194 201 195 193 199 955 196 177 181 182 186 186 186
"296" 347 955 955 955 955 955 955 256 955 278 280 297 341 195 178 179 179 181 181 181
"297" 823 819 955 955 955 955 955 183 955 189 183 185 196 181 173 174 174 175 175 175
"298" 345 71 130 139 123 126 147 200 277 209 198 202 293 192 171 176 176 180 180 180
"299" 607 63 955 955 955 955 955 170 955 179 176 200 955 177 166 167 168 169 169 169
"300" 101 116 330 349 352 351 337 187 955 336 336 334 955 252 185 187 187 189 189 189
"301" 335 84 955 955 360 955 955 182 206 182 181 183 200 181 165 169 170 174 174 174
"302" 284 174 955 955 955 955 955 187 955 194 188 201 955 187 171 172 173 180 180 180
"303" 289 290 955 955 955 955 955 195 955 195 195 202 309 187 164 169 169 171 171 171
"304" 136 82 126 146 145 159 222 198 955 955 200 201 955 184 174 175 175 176 176 176
"305" 66 53 69 701 723 733 955 185 205 186 182 182 189 179 171 174 173 175 175 175
"306" 93 86 173 955 955 955 955 190 955 955 195 955 955 186 168 170 170 172 172 172
"307" 190 71 955 955 955 955 955 269 955 205 194 955 955 195 181 185 187 189 189 189
"308" 226 240 265 955 955 955 955 181 201 191 180 182 191 175 168 168 169 170 170 170
"309" 637 955 955 955 955 955 955 174 179 172 172 174 179 171 167 168 168 169 169 169
"310" 243 579 611 955 955 955 955 198 955 206 199 223 229 204 147 164 174 190 190 190
"311" 818 915 955 955 955 290 250 192 228 193 190 199 200 183 173 173 174 177 177 177
"312" 904 521 955 955 955 955 694 181 190 184 182 189 196 185 177 179 180 180 180 180
"313" 89 66 86 98 955 955 955 169 197 177 182 187 198 183 169 170 170 171 171 171
"314" 359 106 955 955 955 955 955 217 955 211 211 254 259 205 174 176 176 178 178 178
"315" 292 478 569 955 474 476 482 185 197 180 180 194 199 180 167 171 171 173 173 173
"316" 894 60 955 955 955 955 955 355 955 955 355 357 362 194 180 181 183 188 188 188
"317" 795 955 955 955 955 955 955 206 955 215 201 195 208 189 166 167 167 168 168 168
"318" 406 58 386 429 358 360 363 312 955 341 339 342 955 244 175 180 186 197 197 197
"319" 529 97 955 955 955 955 940 192 197 190 190 193 220 197 187 190 190 192 192 192
"320" 955 600 955 955 114 105 108 248 955 365 362 370 955 218 139 161 163 173 173 173
"321" 168 140 167 184 184 391 385 254 955 251 246 336 350 200 185 188 188 192 192 192
"322" 581 829 955 955 955 955 955 198 955 218 200 205 955 198 179 180 185 190 190 190
"323" 104 54 81 89 93 100 120 322 955 955 323 195 955 177 169 169 170 172 172 172
"324" 96 58 81 101 103 124 372 180 955 185 181 181 194 177 170 172 173 174 174 174
"325" 133 82 131 135 955 955 955 190 955 190 188 193 200 184 172 173 173 175 175 175
"326" 183 815 851 862 860 883 314 184 190 184 183 186 192 183 173 174 175 177 177 177
"327" 845 955 955 955 955 955 955 226 287 230 201 196 262 188 173 175 176 178 178 178
"328" 94 56 94 97 99 99 114 183 196 193 182 186 190 181 169 171 171 172 172 172
"329" 90 74 99 102 114 114 955 296 955 955 955 352 955 194 176 177 177 182 182 182
"330" 107 103 125 189 955 955 955 183 955 358 182 955 955 182 170 173 174 175 175 175
"331" 106 94 955 955 955 955 955 197 205 200 197 204 352 201 179 179 181 186 186 186
"332" 267 50 955 955 955 955 955 197 955 279 196 201 955 195 186 187 188 189 189 189
"333" 169 74 134 146 142 153 955 201 955 179 175 187 208 180 172 174 175 176 176 176
"334" 58 50 91 955 329 327 323 173 198 190 189 191 195 188 177 177 177 178 178 178
"335" 342 66 955 955 351 368 371 210 955 208 195 197 209 180 168 169 169 172 172 172
"336" 305 297 955 955 407 397 366 205 955 955 201 364 955 233 180 185 186 193 193 193
"337" 726 955 955 955 955 955 745 199 955 305 183 178 196 174 169 169 170 171 171 171
"338" 455 467 477 831 837 431 955 335 955 324 324 328 358 185 166 167 167 168 168 168
"339" 955 955 955 955 955 955 318 174 190 177 175 192 357 176 159 168 168 170 170 170
"340" 109 123 708 730 955 955 955 310 955 955 955 955 955 200 168 170 171 175 175 175
"341" 69 56 328 365 356 367 374 186 187 184 181 183 186 181 176 176 176 178 178 178
"342" 264 493 523 955 955 955 955 179 192 186 185 186 190 184 173 175 175 177 177 177
"343" 150 34 130 955 161 481 481 197 955 190 190 192 198 186 166 168 169 175 175 175
"344" 121 791 955 955 955 381 255 204 955 205 204 258 368 202 191 191 191 193 193 193
"345" 60 49 66 82 72 80 88 202 955 203 193 197 357 194 188 189 189 191 191 191
"346" 33 31 44 53 56 64 92 191 955 955 955 955 955 194 164 166 167 177 177 177
"347" 95 88 109 116 110 110 156 191 955 275 192 194 955 189 178 179 180 182 182 182
"348" 67 77 955 955 955 955 955 186 955 305 186 190 245 186 171 173 174 177 177 177
"349" 752 63 127 196 955 955 955 955 955 955 207 343 347 196 169 170 172 179 179 179
"350" 955 75 955 955 955 955 955 192 955 188 186 191 955 185 180 181 182 184 184 184
"351" 283 66 414 455 367 297 293 200 301 203 200 202 279 198 183 190 190 192 192 192
"352" 327 380 955 955 955 955 955 335 955 955 182 192 955 180 168 168 169 171 171 171
"353" 358 355 364 370 369 366 155 180 191 182 177 176 180 170 133 148 150 160 160 160
"354" 122 101 955 955 955 955 955 292 955 204 190 295 324 195 185 187 187 188 188 188
"355" 803 955 955 955 955 955 955 179 183 180 179 181 193 178 168 169 169 171 171 171
"356" 408 85 955 955 955 955 955 190 207 187 183 194 201 185 174 174 174 175 175 175
"357" 352 955 955 955 494 495 495 182 192 187 186 189 193 182 159 172 174 175 175 175
"358" 47 36 58 955 955 955 358 194 955 195 192 197 200 182 173 175 175 176 176 176
"359" 310 317 955 319 316 316 315 198 955 228 202 196 955 177 169 170 171 172 172 172
"360" 137 75 142 955 955 955 263 288 955 955 955 955 955 196 179 180 182 187 187 187
"361" 867 51 955 955 955 955 955 185 287 186 185 191 196 186 179 181 181 182 182 182
"362" 290 46 306 955 955 955 955 185 188 185 185 188 955 187 179 180 183 185 185 185
"363" 200 276 306 335 321 341 364 175 955 198 193 192 955 178 149 159 165 168 168 168
"364" 100 79 139 955 955 955 955 195 198 194 189 191 195 186 168 177 178 181 181 181
"365" 247 45 955 955 955 955 359 189 194 193 188 189 197 184 176 177 176 178 178 178
"366" 98 90 155 955 955 955 955 955 955 955 214 955 955 206 176 185 185 191 191 191
"367" 148 67 174 185 172 153 143 168 955 198 192 181 201 174 151 164 165 167 167 167
"368" 356 637 955 955 333 356 357 177 189 182 181 181 192 178 173 173 173 174 174 174
"369" 538 566 636 689 703 955 955 187 955 188 184 187 199 177 172 172 172 173 173 173
"370" 170 92 129 145 159 835 851 203 955 177 176 184 188 178 170 170 170 172 172 172
"371" 955 955 955 955 955 955 955 186 198 188 184 184 190 175 170 171 171 172 172 172
"372" 60 58 84 94 98 118 142 187 955 197 187 200 955 179 173 174 174 175 175 175
"373" 428 462 955 955 955 955 955 174 955 211 200 199 203 183 168 169 170 172 172 172
"374" 85 64 86 93 90 101 103 163 177 175 175 178 185 175 153 161 160 163 163 163
"375" 203 955 955 955 955 955 955 340 955 339 201 372 955 188 181 181 181 182 182 182
"376" 206 314 339 955 265 329 270 194 293 201 195 201 206 187 172 174 176 179 179 179
"377" 343 523 955 955 955 955 955 198 955 198 196 197 199 180 173 176 177 178 178 178
"378" 138 90 145 955 955 169 170 164 955 201 191 200 955 187 162 163 164 167 167 167
"379" 47 37 145 151 148 158 165 955 955 955 401 955 955 242 174 178 178 185 185 185
"380" 85 61 86 122 137 123 119 199 955 235 240 955 955 236 169 177 179 190 190 190
"381" 235 92 955 955 955 955 955 305 955 336 340 310 955 190 172 173 175 179 179 179
"382" 923 535 955 955 955 955 955 190 955 199 197 200 244 183 166 169 170 172 172 172
"383" 206 955 955 955 955 955 335 180 955 195 191 193 200 182 170 171 171 172 172 172
"384" 116 108 955 955 955 955 955 182 239 185 182 188 228 184 174 175 176 180 180 180
"385" 887 91 955 955 955 955 955 179 189 179 177 179 186 177 172 173 173 174 174 174
"386" 908 955 955 955 955 376 376 197 201 197 192 196 201 191 174 176 179 182 182 182
"387" 796 955 955 955 955 955 955 179 196 193 181 190 198 182 168 172 172 174 174 174
"388" 337 108 955 955 955 955 502 222 955 223 226 264 293 191 165 168 170 178 178 178
"389" 552 955 955 955 955 955 955 188 955 197 193 194 288 177 166 166 167 169 169 169
"390" 599 603 955 955 955 955 955 197 955 195 192 196 199 186 175 178 179 180 180 180
"391" 84 66 82 90 98 126 955 193 955 955 197 205 955 185 174 175 175 178 178 178
"392" 321 955 955 955 955 955 955 176 187 174 175 179 191 176 161 165 166 169 169 169
"393" 691 717 735 955 955 955 955 202 955 201 194 201 955 193 171 173 173 180 180 180
"394" 144 65 82 91 955 955 228 191 199 192 190 191 196 184 172 173 174 177 177 177
"395" 47 47 61 72 84 87 143 175 185 178 178 184 186 179 167 170 170 172 172 172
"396" 267 263 289 955 306 352 955 220 955 342 201 201 219 187 177 178 177 180 180 180
"397" 605 607 603 955 955 955 955 398 955 955 955 955 955 199 178 183 187 192 192 192
"398" 107 103 125 132 131 137 157 274 955 323 242 265 955 205 183 186 193 196 196 196
"399" 96 955 955 955 955 955 955 180 955 187 187 193 342 180 168 171 171 172 172 172
"400" 193 262 310 955 282 269 284 201 955 275 273 273 292 192 177 182 183 187 187 187
"401" 115 416 955 955 955 955 324 197 955 197 197 201 955 195 178 179 179 180 180 180
"402" 793 70 955 955 955 955 955 291 955 955 955 955 955 244 175 178 180 184 184 184
"403" 955 141 955 955 955 955 509 186 955 310 191 294 312 176 168 168 169 170 170 170
"404" 192 238 250 955 334 315 292 175 955 190 185 188 210 174 162 163 163 164 164 164
"405" 90 94 955 955 955 955 955 191 955 196 190 191 318 188 169 170 171 175 175 175
"406" 449 919 955 955 955 955 955 187 203 186 185 187 205 185 163 172 177 180 180 180
"407" 228 76 247 252 235 236 244 181 208 179 178 183 190 177 170 170 171 172 172 172
"408" 180 61 362 955 365 364 955 287 955 955 955 955 955 184 168 169 170 172 172 172
"409" 156 70 107 125 125 147 161 179 212 192 183 184 192 178 165 168 168 171 171 171
"410" 244 656 955 955 955 955 955 178 955 180 177 183 189 177 167 167 168 170 170 170
"411" 99 75 95 105 115 123 132 185 200 185 185 197 202 186 180 182 181 183 183 183
"412" 73 46 76 127 955 955 671 189 280 185 183 185 190 183 172 174 175 177 177 177
"413" 81 75 93 103 98 110 108 171 191 189 187 190 198 186 160 165 165 170 170 170
"414" 422 172 955 955 955 471 461 343 955 955 196 955 955 187 170 170 170 171 171 171
"415" 704 207 955 955 955 955 955 191 955 192 183 189 194 180 167 169 169 173 173 173
"416" 955 955 955 955 955 955 955 172 955 179 178 201 955 179 163 164 165 168 168 168
"417" 280 81 97 335 120 324 338 198 361 265 194 196 272 191 183 185 184 186 186 186
"418" 192 203 660 955 699 698 955 192 955 192 185 185 194 182 176 176 176 177 177 177
"419" 741 955 955 955 955 392 389 226 955 250 238 239 246 178 168 168 169 171 171 171
"420" 788 47 955 955 955 955 955 182 199 188 183 187 196 179 171 172 172 173 173 173
"421" 58 58 502 955 513 955 955 180 955 196 182 185 955 182 169 172 172 176 176 176
"422" 955 955 955 955 955 955 955 202 955 201 200 201 260 191 178 183 184 187 187 187
"423" 697 674 791 955 823 955 955 188 228 189 185 189 197 182 176 176 176 178 178 178
"424" 410 367 406 473 477 955 955 200 955 197 187 197 955 184 170 173 174 176 176 176
"425" 82 91 955 130 114 127 955 185 192 189 186 185 187 181 166 167 168 171 171 171
"426" 182 85 955 955 955 955 360 193 955 193 178 178 193 175 166 168 168 170 170 170
"427" 955 955 955 955 955 955 955 199 955 311 312 208 955 195 180 183 185 187 187 187
"428" 275 147 196 955 292 955 955 194 955 955 195 955 955 189 163 167 169 179 179 179
"429" 155 868 920 942 212 216 212 172 180 177 174 177 179 172 168 169 169 170 170 170
"430" 182 955 955 955 955 955 955 258 955 285 200 301 303 200 172 185 186 192 192 192
"431" 681 906 928 955 955 955 955 193 955 192 191 193 955 190 172 171 172 178 178 178
"432" 240 955 955 955 955 955 955 192 212 202 193 196 202 190 178 181 182 184 184 184
"433" 118 110 955 955 955 955 955 183 955 188 185 955 955 195 179 180 179 181 181 181
"434" 66 48 78 80 80 80 306 176 189 175 174 175 184 174 169 170 169 170 170 170
"435" 261 275 955 955 955 955 955 175 955 202 186 200 955 183 167 173 175 177 177 177
"436" 104 106 155 179 184 174 402 287 955 322 320 322 345 194 184 186 187 189 189 189
"437" 955 955 955 955 422 955 421 189 955 190 189 343 955 186 178 178 178 180 180 180
"438" 173 80 97 126 122 129 149 199 955 190 191 290 298 193 180 181 182 183 183 183
"439" 143 51 76 74 75 103 116 191 955 955 955 356 955 190 167 169 169 172 172 172
"440" 72 48 59 70 77 101 107 296 955 955 199 200 955 190 171 172 172 175 175 175
"441" 48 50 88 84 88 108 120 212 955 213 190 189 195 179 170 175 176 177 177 177
"442" 85 58 81 121 360 363 352 184 955 191 183 186 189 181 166 167 167 168 168 168
"443" 709 46 786 871 955 290 294 236 955 239 223 334 338 199 184 188 190 192 192 192
"444" 290 52 955 955 955 955 955 349 955 357 358 955 955 192 174 176 176 180 180 180
"445" 473 955 955 955 955 955 380 343 955 955 382 382 384 241 172 200 200 228 228 228
"446" 83 56 78 82 77 79 109 188 200 186 183 193 199 179 168 170 173 174 174 174
"447" 868 955 955 955 955 955 955 187 214 188 184 186 190 181 172 173 173 176 176 176
"448" 83 191 224 242 251 256 264 184 229 183 181 192 197 178 169 170 170 172 172 172
"449" 54 52 68 71 141 166 955 230 955 317 230 316 320 200 179 180 181 183 183 183
"450" 955 955 955 955 330 396 396 200 955 196 192 249 285 198 178 181 182 184 184 184
"451" 955 188 955 955 276 955 955 177 220 179 184 195 207 176 162 164 165 167 167 167
"452" 180 126 955 955 955 955 496 955 955 955 955 955 955 216 190 194 195 201 201 201
"453" 126 112 955 955 955 261 242 184 195 186 183 188 200 178 164 167 170 174 174 174
"454" 588 594 955 955 955 955 955 172 955 195 177 184 190 176 170 171 172 172 172 172
"455" 217 91 121 955 302 955 306 185 269 178 177 199 227 177 166 167 167 168 168 168
"456" 293 199 295 432 320 311 337 211 955 277 214 266 278 190 169 171 171 173 173 173
"457" 212 229 955 955 955 955 955 250 955 955 955 203 955 194 166 168 167 170 170 170
"458" 69 71 955 955 955 955 955 181 191 181 178 182 190 177 168 170 170 173 173 173
"459" 143 94 955 955 955 955 955 192 198 188 185 192 197 188 174 177 179 180 180 180
"460" 259 183 591 955 955 955 495 182 207 189 186 193 202 183 176 177 177 178 178 178
"461" 186 89 955 955 955 955 405 182 955 187 179 186 195 181 171 171 171 172 172 172
"462" 210 56 289 293 281 290 285 192 955 955 955 955 955 213 182 185 187 190 190 190
"463" 317 54 143 147 141 143 164 281 955 205 185 191 955 183 175 176 177 178 178 178
"464" 75 55 73 84 95 110 955 192 194 190 190 191 193 187 171 174 173 176 176 176
"465" 263 885 912 955 955 955 955 277 955 955 955 955 955 284 175 179 180 182 182 182
"466" 367 55 384 955 63 68 399 206 955 205 203 204 212 191 178 180 180 182 182 182
"467" 164 136 184 187 160 160 955 196 955 955 197 197 203 191 158 168 167 171 171 171
"468" 955 98 955 955 955 955 955 191 955 191 186 197 955 190 173 174 174 176 176 176
"469" 550 366 955 955 955 955 955 186 197 191 188 192 194 185 158 162 163 170 170 170
"470" 178 119 142 159 152 955 955 200 955 199 199 201 221 193 166 168 168 169 169 169
"471" 256 306 334 955 339 955 955 205 955 205 200 200 204 188 173 177 177 181 181 181
"472" 955 955 955 955 955 955 955 189 955 205 203 205 955 186 170 171 172 174 174 174
"473" 233 266 301 955 955 955 955 208 955 214 201 197 348 191 169 169 170 173 173 173
"474" 83 90 112 116 118 134 955 233 955 233 198 207 234 188 177 179 179 182 182 182
"475" 81 71 93 112 111 118 125 183 237 237 193 192 218 189 163 164 164 168 168 168
"476" 307 317 345 955 347 955 955 274 955 346 955 955 955 199 171 179 180 182 182 182
"477" 911 93 110 110 103 103 96 227 955 955 271 197 955 183 155 164 159 170 170 170
"478" 256 87 328 955 955 955 955 170 185 174 170 181 191 174 166 167 167 169 169 169
"479" 627 629 653 674 385 955 955 221 955 224 221 224 955 200 184 185 187 192 192 192
"480" 758 656 955 955 955 955 664 183 214 193 182 183 195 180 168 170 171 173 173 173
"481" 554 56 123 955 955 955 955 198 955 196 193 198 206 191 182 185 185 187 187 187
"482" 438 441 463 955 470 955 955 211 955 233 211 213 233 195 182 184 185 187 187 187
"483" 312 313 335 346 338 342 955 175 955 955 226 243 955 224 176 177 178 178 178 178
"484" 437 428 467 457 370 376 367 212 955 221 220 223 955 209 189 193 193 199 199 199
"485" 443 81 340 955 339 337 338 180 190 180 179 181 188 177 168 170 171 173 173 173
"486" 88 91 110 126 126 139 955 362 955 202 199 201 955 198 171 172 174 176 176 176
"487" 354 82 955 955 955 955 955 178 194 187 179 187 207 181 170 171 171 173 173 173
"488" 955 148 955 955 955 955 955 257 955 265 269 283 343 212 188 190 190 197 197 197
"489" 169 125 159 955 955 955 955 192 214 189 189 196 200 190 181 185 185 187 187 187
"490" 470 52 955 955 955 955 394 209 955 237 201 195 200 187 182 183 182 183 183 183
"491" 741 87 878 955 317 317 319 216 312 215 212 212 276 190 172 173 175 180 180 180
"492" 476 485 955 955 955 955 641 228 955 201 192 198 955 190 170 172 173 182 182 182
"493" 146 955 955 955 955 955 955 181 955 197 196 200 955 187 174 176 178 179 179 179
"494" 312 739 759 955 955 955 955 198 955 198 198 201 955 196 176 180 182 188 188 188
"495" 536 84 105 955 955 955 955 172 215 176 178 212 955 178 161 164 165 170 170 170
"496" 301 57 140 159 164 159 187 214 955 218 207 200 212 188 176 177 177 178 178 178
"497" 704 109 955 955 895 878 851 303 955 354 353 357 370 246 183 194 194 218 218 218
"498" 76 152 646 955 955 955 173 189 955 189 188 189 196 183 152 163 165 168 168 168
"499" 194 148 380 955 320 333 329 167 189 176 168 173 178 169 120 145 159 163 163 163
"500" 204 191 345 955 335 955 955 283 955 357 203 360 955 202 181 183 183 189 189 189
