"max_pca1" "max_pca2" "max_pca3" "max_pca5" "max_pca10" "max_pca20" "max_pca40" "min_pca1" "min_pca2" "min_pca3" "min_pca5" "min_pca10" "min_pca20" "min_pca40" "tpca0.8" "tpca0.9" "tpca0.95" "tpca0.99" "tpca0.995" "tpca0.999"
"1" 663 265 250 249 246 247 247 248 252 253 251 247 246 240 242 244 240 232 233 233
"2" 119 57 95 98 94 200 201 199 200 199 199 197 196 194 196 197 195 190 190 190
"3" 578 231 193 193 193 193 192 188 191 189 189 188 188 186 187 188 186 182 182 182
"4" 197 48 231 231 232 232 232 234 234 233 232 229 227 223 224 227 223 216 215 216
"5" 59 49 64 73 86 91 191 198 200 198 197 195 195 193 194 195 193 188 188 188
"6" 349 167 194 194 194 194 194 192 193 192 192 191 190 189 190 191 189 187 187 187
"7" 181 136 209 210 208 208 208 203 207 208 204 202 201 196 198 200 197 186 185 185
"8" 281 216 194 196 197 198 197 193 195 196 193 190 189 185 188 189 186 179 179 179
"9" 43 33 43 82 100 107 127 207 211 210 210 209 208 206 206 207 206 202 202 202
"10" 131 74 132 206 134 206 206 201 204 204 203 202 201 199 199 200 199 194 194 194
"11" 389 196 185 185 185 185 185 183 185 184 184 182 181 179 181 181 180 175 175 175
"12" 216 212 201 201 199 200 200 194 198 199 197 194 194 189 192 194 191 183 183 183
"13" 886 242 196 196 196 196 196 194 195 194 194 193 193 192 193 193 192 190 190 190
"14" 181 90 197 200 200 200 200 199 201 200 199 198 197 195 196 196 195 191 191 191
"15" 192 50 225 226 226 227 227 224 226 227 225 223 222 218 221 222 219 210 210 210
"16" 267 235 225 225 224 224 224 224 225 226 224 221 220 216 217 219 216 208 209 209
"17" 45 75 170 170 170 170 171 169 170 168 169 168 167 166 167 168 167 164 164 164
"18" 694 192 183 183 182 182 182 177 180 180 179 177 176 173 174 175 174 168 168 168
"19" 419 211 196 197 197 196 197 191 194 194 194 193 192 190 190 191 190 184 185 185
"20" 118 45 121 130 190 188 197 227 229 228 228 227 226 224 225 226 224 220 220 220
"21" 343 221 212 212 211 211 211 208 211 210 210 208 207 204 206 207 205 200 200 201
"22" 353 84 220 220 218 217 218 216 220 220 218 216 214 209 212 214 210 200 200 200
"23" 65 49 62 70 77 95 133 203 207 207 205 204 203 199 200 201 198 192 192 192
"24" 394 203 197 198 197 196 197 190 194 195 193 191 192 188 189 191 188 168 172 173
"25" 233 150 191 191 189 188 188 185 187 187 185 183 182 178 181 182 179 170 170 171
"26" 40 41 109 112 125 130 219 212 219 221 220 217 216 212 211 214 212 192 191 193
"27" 149 138 227 227 224 224 224 222 226 227 225 223 221 217 218 220 216 207 208 208
"28" 373 131 204 206 202 203 204 199 203 205 201 197 196 192 193 195 192 184 185 185
"29" 131 91 141 197 196 196 196 195 197 197 194 190 188 184 187 188 185 176 176 176
"30" 321 82 108 210 178 171 168 209 210 209 209 208 208 207 208 208 207 204 204 204
"31" 72 34 77 84 89 100 210 207 209 209 208 205 204 201 203 205 202 195 195 196
"32" 194 208 242 244 243 243 244 247 250 251 248 244 242 236 238 241 236 226 226 226
"33" 214 158 203 205 204 205 205 203 205 205 202 199 198 194 196 198 194 188 188 188
"34" 166 223 202 203 201 201 201 199 201 202 200 197 195 190 193 195 191 183 183 183
"35" 89 64 85 95 96 109 130 192 196 197 195 193 192 188 189 191 189 182 182 182
"36" 598 50 197 198 195 195 195 192 194 194 192 190 189 185 188 189 186 179 179 179
"37" 717 282 220 219 219 219 218 216 219 218 218 216 216 214 215 216 214 211 211 211
"38" 129 105 156 178 183 183 209 205 207 208 206 204 204 200 201 203 200 189 189 188
"39" 806 240 227 228 225 226 226 223 226 229 226 223 222 216 218 220 217 206 206 206
"40" 589 82 208 208 208 207 207 206 208 206 206 206 205 204 205 205 204 201 201 201
"41" 436 221 207 207 206 206 205 201 204 204 201 199 199 196 198 199 196 189 190 190
"42" 87 65 87 126 124 130 134 208 209 209 207 205 203 199 200 202 200 191 191 191
"43" 282 191 181 182 181 181 181 179 180 179 179 178 177 176 176 177 176 172 172 172
"44" 364 130 177 176 176 176 176 175 176 175 174 174 173 172 173 174 173 170 169 169
"45" 84 59 92 112 126 132 182 177 181 179 179 179 178 177 177 178 177 173 173 173
"46" 77 47 64 100 109 192 192 191 192 191 191 190 189 187 188 189 188 184 184 184
"47" 206 197 182 182 182 181 181 180 181 180 180 179 178 176 177 178 177 173 173 174
"48" 549 242 225 225 222 222 221 222 226 227 224 220 218 211 215 217 212 198 198 199
"49" 955 214 195 197 197 197 197 191 194 195 193 192 191 187 188 190 187 181 181 182
"50" 318 203 192 191 190 191 190 188 190 190 189 187 187 184 186 187 185 180 181 181
"51" 560 262 248 247 244 245 245 246 248 249 248 246 244 239 241 242 239 232 232 232
"52" 389 262 244 243 242 243 242 243 247 249 246 243 241 236 240 241 236 228 229 228
"53" 108 70 89 95 196 196 196 194 197 198 195 192 191 187 189 190 187 179 179 179
"54" 157 138 205 153 205 206 207 206 207 208 205 202 201 196 198 201 197 187 187 188
"55" 460 256 208 208 207 208 208 206 208 208 207 206 205 202 203 204 203 197 197 197
"56" 412 191 179 178 178 178 178 175 176 176 176 174 174 172 173 174 172 167 167 167
"57" 86 61 78 87 243 243 243 239 242 244 244 241 240 236 237 239 236 226 226 227
"58" 87 77 102 108 143 211 211 213 215 216 212 208 206 200 204 207 201 192 192 193
"59" 132 206 187 188 186 187 186 184 185 185 183 182 181 177 179 181 178 169 170 170
"60" 233 224 176 176 176 175 175 173 175 174 173 173 172 170 171 172 170 167 167 167
"61" 379 102 194 194 192 192 191 186 190 190 186 185 184 179 182 183 181 168 169 169
"62" 835 196 187 187 186 186 186 184 185 184 184 182 182 180 181 182 180 175 176 176
"63" 107 62 97 107 124 134 139 214 215 215 214 211 210 207 209 210 208 199 199 199
"64" 937 267 255 256 254 254 254 262 264 265 262 257 255 249 254 255 250 239 239 239
"65" 573 223 193 193 193 192 192 192 192 191 191 191 190 189 190 190 189 186 186 186
"66" 425 62 85 192 191 190 191 184 186 187 185 183 183 179 181 182 180 172 173 173
"67" 290 223 191 191 190 190 190 187 188 187 187 186 186 184 184 185 184 181 181 181
"68" 143 220 206 206 205 205 205 201 203 202 201 199 198 195 197 198 197 190 190 191
"69" 111 85 108 118 116 137 143 231 235 236 232 228 228 221 224 227 222 200 208 209
"70" 270 230 205 205 203 203 204 199 204 207 202 200 199 194 196 198 195 185 184 184
"71" 270 213 198 200 198 197 197 193 195 195 193 191 189 186 188 189 186 178 178 178
"72" 662 213 191 191 190 190 190 188 190 188 189 188 187 186 187 187 186 183 183 183
"73" 119 125 205 205 203 203 203 199 203 203 201 200 199 196 198 199 196 190 191 191
"74" 118 50 107 118 122 126 143 188 191 191 187 187 186 180 182 184 181 172 172 172
"75" 547 250 208 207 208 207 207 206 207 206 207 206 205 204 205 205 205 202 202 202
"76" 77 100 214 213 213 213 213 211 212 213 212 210 209 205 208 209 206 200 200 200
"77" 955 215 196 196 194 194 194 188 193 194 191 189 189 184 186 188 185 176 176 176
"78" 160 69 143 154 160 168 187 182 185 185 184 183 183 180 181 182 180 174 175 175
"79" 77 86 225 226 225 194 226 226 229 231 227 224 222 217 220 222 218 208 207 207
"80" 330 65 202 203 202 203 204 201 203 202 201 198 197 193 196 198 195 188 188 188
"81" 87 52 69 79 85 94 147 194 197 196 196 194 194 191 192 194 192 187 187 187
"82" 99 67 110 129 145 130 169 196 197 197 196 195 195 193 194 195 193 189 189 189
"83" 95 95 202 202 201 201 201 194 197 196 195 193 194 191 192 193 192 185 185 185
"84" 109 62 78 86 112 176 249 250 255 257 255 251 250 243 246 247 243 231 232 232
"85" 68 59 78 88 101 212 212 210 212 212 211 209 208 204 207 208 205 198 198 198
"86" 955 162 177 177 177 167 177 174 175 175 174 173 173 170 171 172 171 165 165 164
"87" 134 110 135 141 142 157 170 176 178 177 177 176 176 174 175 176 175 172 172 172
"88" 190 235 226 227 226 226 226 226 228 227 226 224 223 220 222 223 221 215 216 216
"89" 367 72 91 98 112 200 200 196 197 197 196 195 194 191 193 194 192 186 186 186
"90" 467 49 215 216 214 214 214 211 215 215 212 210 209 204 206 208 205 197 197 197
"91" 169 144 197 197 195 196 196 192 195 195 192 188 188 184 186 188 185 174 175 175
"92" 358 245 226 226 223 223 223 216 220 221 218 216 216 211 212 215 211 202 202 203
"93" 314 218 178 177 177 177 177 176 177 176 176 175 175 173 175 175 174 171 171 171
"94" 99 51 90 123 128 128 130 175 176 175 175 175 174 174 174 175 174 172 172 172
"95" 668 258 188 188 187 187 187 183 185 185 184 182 182 179 181 182 180 175 175 175
"96" 365 66 223 222 220 221 221 218 221 222 220 216 216 212 214 216 212 204 204 204
"97" 124 53 187 187 186 186 186 181 183 183 183 181 180 178 179 180 179 172 172 173
"98" 176 177 230 231 230 230 229 231 232 232 232 229 228 225 227 229 226 220 220 220
"99" 459 219 191 192 191 191 191 187 189 188 187 186 185 183 184 185 184 178 178 178
"100" 298 60 191 221 222 221 221 221 222 221 221 220 220 219 220 220 219 217 218 217
"101" 374 198 187 187 186 186 186 184 187 186 185 184 183 180 182 183 181 176 176 176
"102" 258 90 178 178 177 177 177 175 176 176 175 174 173 172 173 174 172 168 168 168
"103" 172 161 213 212 211 211 211 208 210 209 208 206 206 202 205 206 204 196 196 196
"104" 844 53 199 201 201 201 201 199 201 200 199 198 197 193 195 196 193 187 188 188
"105" 713 69 202 202 202 202 202 198 201 200 199 199 198 196 196 198 196 181 175 177
"106" 955 193 182 183 183 184 184 182 183 182 182 180 179 176 178 179 177 173 173 173
"107" 89 45 93 216 98 216 216 215 217 216 216 214 213 210 211 212 210 204 204 205
"108" 58 48 214 215 215 215 216 214 216 218 215 212 211 205 209 212 206 196 196 197
"109" 955 207 196 197 196 196 196 193 195 194 193 192 191 189 190 191 189 184 184 184
"110" 885 77 190 194 192 192 155 190 192 192 189 186 185 181 184 186 183 173 173 174
"111" 637 271 253 253 251 252 251 251 256 258 255 252 250 244 246 248 244 234 234 233
"112" 367 262 242 242 240 240 240 244 246 246 243 239 237 230 236 237 232 219 220 220
"113" 341 235 217 218 218 217 217 217 219 219 216 214 212 207 206 210 207 197 198 198
"114" 904 196 183 183 182 182 181 180 182 181 180 178 177 174 175 177 175 169 169 169
"115" 43 44 155 155 122 109 117 215 219 219 220 216 216 212 214 216 213 203 203 203
"116" 180 122 145 156 154 160 170 217 219 219 217 216 215 212 213 214 212 206 207 207
"117" 124 75 94 110 113 132 158 210 214 215 212 209 209 202 205 208 203 193 194 193
"118" 102 87 124 135 136 185 185 181 183 183 182 181 180 177 179 180 178 173 173 173
"119" 248 242 180 180 180 180 180 178 179 179 179 178 177 176 177 178 177 174 174 174
"120" 689 153 178 177 177 176 176 175 177 176 175 174 173 171 172 173 172 167 168 168
"121" 167 67 116 131 124 127 164 193 196 196 193 191 189 185 186 188 185 176 176 176
"122" 333 239 187 187 162 146 121 181 183 184 183 183 182 180 180 181 179 174 174 174
"123" 96 59 93 109 113 121 223 222 224 224 223 222 221 219 220 221 219 214 214 214
"124" 272 68 231 231 228 228 229 225 229 230 227 225 224 217 220 223 218 191 192 193
"125" 366 254 216 216 216 215 215 215 216 215 215 214 213 212 213 213 212 209 210 210
"126" 66 42 91 103 113 122 135 184 186 186 185 184 183 180 181 182 180 175 176 176
"127" 955 105 197 198 198 198 198 197 198 197 196 195 194 192 193 194 192 186 186 187
"128" 50 49 224 225 225 224 224 224 226 225 224 223 221 218 220 221 219 213 213 213
"129" 431 259 222 222 222 221 221 221 221 221 221 220 219 218 219 219 218 215 215 215
"130" 955 107 207 207 207 207 208 206 207 206 207 205 205 204 205 205 204 201 202 202
"131" 419 82 205 205 204 204 204 199 201 201 200 199 198 194 196 197 194 188 188 188
"132" 104 85 201 200 200 200 200 196 198 197 197 196 195 193 194 195 193 187 187 187
"133" 78 66 83 86 115 113 135 181 184 184 183 181 181 177 178 180 177 171 172 172
"134" 911 202 195 195 194 194 195 191 193 192 192 190 190 187 188 189 187 182 182 182
"135" 175 114 142 150 152 178 199 197 224 225 225 221 220 216 218 220 216 197 189 188
"136" 359 266 245 245 242 242 243 246 247 248 246 243 241 234 237 240 235 225 225 225
"137" 286 212 181 181 180 180 180 177 179 179 179 178 177 175 175 176 175 171 171 171
"138" 151 110 138 180 187 197 197 195 196 196 194 191 189 185 187 189 186 177 177 177
"139" 255 253 234 235 235 236 236 237 240 242 237 234 232 225 229 232 227 215 215 215
"140" 117 112 128 137 135 135 158 194 197 197 195 194 193 189 191 193 191 182 182 182
"141" 318 62 75 76 72 77 77 173 174 173 173 172 172 170 171 172 171 167 167 168
"142" 277 259 200 200 200 200 200 108 198 197 197 197 197 195 195 196 195 162 162 159
"143" 531 214 200 200 198 198 198 194 196 195 194 190 190 186 189 190 188 179 180 180
"144" 147 126 152 164 157 176 176 172 173 173 173 173 172 171 171 172 170 167 168 168
"145" 253 212 175 175 175 175 175 172 173 173 173 172 171 169 170 171 169 166 166 166
"146" 101 55 85 218 218 219 219 216 219 220 217 213 213 208 211 213 210 199 198 198
"147" 177 255 217 216 216 216 216 215 217 216 216 215 214 212 214 214 213 209 209 209
"148" 150 57 135 176 176 146 133 175 176 174 174 173 173 172 173 173 172 169 169 169
"149" 194 41 240 240 240 240 240 241 243 244 242 240 239 236 237 238 236 230 231 231
"150" 299 251 210 211 210 210 210 211 212 211 211 207 206 203 204 205 203 197 198 198
"151" 400 73 146 225 191 172 186 220 223 223 223 222 221 218 219 220 218 213 212 212
"152" 370 206 196 198 196 197 197 193 196 195 194 193 192 187 189 191 188 180 180 180
"153" 104 62 94 113 118 133 206 201 206 207 205 202 201 197 198 200 198 191 191 191
"154" 328 211 183 183 183 183 183 180 182 182 181 180 179 177 178 179 178 173 173 173
"155" 110 120 231 232 232 155 154 233 234 233 233 231 230 228 229 230 228 223 223 223
"156" 119 87 103 113 104 104 132 174 175 174 174 173 172 171 172 173 171 168 168 168
"157" 554 210 200 201 200 200 200 195 199 198 197 196 196 193 194 195 194 177 177 176
"158" 227 198 189 189 188 188 188 185 188 188 187 184 183 179 182 184 181 175 175 175
"159" 98 87 188 187 186 186 186 182 184 185 184 181 180 177 178 180 177 171 171 171
"160" 248 105 126 193 193 193 193 189 191 191 191 189 188 186 187 188 187 181 181 181
"161" 354 111 184 184 184 184 184 181 183 182 182 180 179 177 178 179 178 174 174 174
"162" 343 208 193 193 191 191 191 186 190 190 188 187 186 182 183 185 183 175 175 175
"163" 400 254 194 195 195 195 195 191 194 193 193 192 191 189 190 191 189 185 184 185
"164" 282 52 219 219 216 216 216 205 215 216 214 210 210 204 206 208 205 189 193 194
"165" 58 43 57 68 80 203 203 199 201 201 200 199 198 195 196 198 196 190 190 190
"166" 852 230 212 212 210 210 210 202 206 207 205 201 201 196 199 200 197 188 188 188
"167" 297 258 205 205 205 205 205 203 204 203 203 202 201 200 200 201 200 196 196 196
"168" 378 257 216 216 216 216 216 215 216 216 215 214 213 211 213 213 212 208 208 208
"169" 199 55 218 218 218 218 218 217 218 217 217 216 215 213 215 215 213 210 210 210
"170" 955 99 130 143 223 224 224 222 225 226 223 220 219 213 216 219 214 206 205 205
"171" 254 224 208 208 206 205 204 197 201 202 200 198 198 193 195 197 194 185 185 184
"172" 188 75 142 158 156 146 147 199 199 198 198 198 197 196 197 197 196 194 195 195
"173" 312 113 170 233 231 231 230 223 232 233 230 225 224 218 221 223 219 202 200 202
"174" 317 236 223 224 222 222 222 218 221 222 221 219 217 213 212 215 212 197 198 198
"175" 375 201 191 191 191 191 191 190 191 189 189 188 186 185 185 186 185 181 181 181
"176" 450 233 213 212 210 209 208 203 208 206 203 200 199 192 196 198 196 160 165 167
"177" 188 75 215 217 199 202 218 217 220 218 217 215 214 210 212 213 211 203 203 203
"178" 450 247 230 228 226 226 225 225 228 229 227 223 222 216 220 221 218 207 208 208
"179" 353 240 190 190 189 188 188 185 187 186 185 185 184 182 183 183 182 178 178 178
"180" 955 74 225 226 222 222 223 223 226 228 226 223 222 216 220 222 218 207 208 208
"181" 148 89 116 111 112 122 133 188 190 190 188 187 187 183 186 187 185 178 178 178
"182" 574 231 217 218 218 218 218 215 218 218 218 216 215 211 212 214 212 205 205 205
"183" 955 147 216 216 216 176 168 217 218 216 216 214 213 212 214 214 213 208 209 208
"184" 548 62 212 213 211 211 211 210 213 214 212 208 206 200 203 205 201 192 192 193
"185" 362 49 225 225 224 225 225 225 227 226 226 224 223 220 222 223 221 214 191 193
"186" 158 106 128 160 158 155 215 209 212 214 211 208 209 203 205 208 205 195 195 195
"187" 739 111 152 201 202 154 202 200 201 200 199 199 198 196 198 199 197 192 192 193
"188" 342 229 218 217 216 216 217 213 215 215 214 211 211 207 210 211 208 201 199 199
"189" 167 165 193 194 194 194 194 192 194 193 192 191 190 188 190 191 189 183 183 183
"190" 428 216 200 198 197 198 198 198 199 199 197 194 193 188 192 193 189 181 181 181
"191" 586 216 202 203 201 201 200 195 198 199 198 196 195 192 193 194 193 185 185 185
"192" 955 199 190 190 189 189 189 187 188 188 187 186 185 183 184 185 183 178 179 179
"193" 191 190 200 200 200 200 200 198 200 199 199 198 197 196 197 197 196 170 167 167
"194" 49 42 51 58 59 65 111 166 167 165 165 165 164 163 164 165 164 162 162 162
"195" 453 50 212 213 210 211 211 214 216 217 212 207 205 197 198 201 198 172 172 170
"196" 407 120 160 174 174 174 174 173 173 172 172 171 171 169 171 171 170 167 167 167
"197" 139 235 224 227 227 227 227 225 229 231 228 225 224 219 221 222 219 208 209 209
"198" 430 227 208 210 209 209 210 206 207 208 204 201 201 196 198 200 198 189 189 190
"199" 252 249 230 231 229 229 229 232 235 236 233 229 226 220 223 225 221 208 208 208
"200" 201 233 213 215 213 212 212 214 216 217 212 208 205 198 199 203 199 190 188 189
"201" 645 71 168 190 190 190 190 189 190 190 189 186 186 183 185 186 183 178 178 178
"202" 289 224 166 166 166 166 166 165 166 164 165 164 163 163 163 164 163 161 161 161
"203" 591 84 181 181 181 180 180 178 179 179 178 176 175 173 174 175 173 168 167 168
"204" 136 77 104 143 139 144 248 251 255 256 252 249 248 242 246 248 242 232 232 232
"205" 422 239 223 222 221 221 221 220 225 226 223 219 218 212 215 217 213 202 202 203
"206" 106 74 100 148 148 162 161 192 195 195 193 191 191 189 189 191 189 183 184 184
"207" 93 78 99 199 197 196 197 192 198 199 194 192 190 186 188 189 186 178 177 178
"208" 330 145 185 185 185 185 185 183 185 184 183 182 181 179 180 181 180 174 174 175
"209" 97 211 187 188 187 188 188 185 188 188 185 182 182 178 180 182 179 171 172 172
"210" 438 231 214 214 211 211 211 204 208 208 202 200 201 196 199 201 198 189 189 189
"211" 316 214 200 200 199 199 199 198 199 198 196 193 193 189 191 193 190 183 183 184
"212" 121 59 118 124 73 116 128 198 199 198 197 197 196 195 195 196 195 192 192 192
"213" 595 205 192 192 149 163 170 186 190 190 188 187 186 183 184 185 183 178 178 178
"214" 758 46 101 105 122 193 193 190 192 192 191 189 188 184 187 188 186 178 178 179
"215" 450 203 195 195 194 194 194 191 193 193 192 190 190 188 189 190 188 183 182 183
"216" 290 164 211 211 211 211 211 210 212 211 211 209 207 205 207 208 205 201 201 201
"217" 393 91 236 236 236 236 236 236 237 236 236 235 234 233 234 234 233 229 230 230
"218" 60 47 66 75 75 89 112 190 192 193 190 187 186 183 185 187 184 175 175 175
"219" 60 47 61 65 79 87 201 193 199 200 198 193 193 188 190 192 189 180 180 180
"220" 479 159 176 165 160 158 162 174 175 174 174 174 173 173 173 174 173 171 170 170
"221" 955 241 234 234 233 233 233 233 234 235 234 233 231 227 229 230 228 167 170 173
"222" 59 53 65 75 79 131 201 197 200 200 199 197 196 193 193 195 193 185 186 186
"223" 213 98 132 133 126 159 178 176 177 176 176 174 174 172 173 174 172 168 168 168
"224" 142 50 206 205 204 204 204 200 202 202 200 199 198 195 196 198 196 190 190 190
"225" 279 68 200 222 221 220 221 217 221 221 220 217 216 211 214 216 212 204 205 205
"226" 268 218 209 209 208 208 208 206 208 207 207 205 204 201 202 204 202 197 198 198
"227" 327 65 81 248 245 246 247 247 253 254 250 247 245 238 243 245 239 230 230 230
"228" 462 52 71 77 81 216 215 215 217 218 214 212 211 206 208 210 207 199 199 199
"229" 538 251 240 240 239 239 239 240 241 240 240 237 237 234 236 237 234 229 229 229
"230" 277 274 253 254 251 252 253 252 257 258 255 251 250 245 248 250 246 236 236 236
"231" 198 51 238 239 235 235 235 234 239 240 236 232 231 225 227 229 226 214 196 214
"232" 80 87 117 136 138 135 140 187 189 189 187 184 183 179 181 183 180 172 172 172
"233" 251 75 121 134 137 133 143 172 195 194 194 193 193 192 192 193 192 188 184 187
"234" 55 49 105 123 131 142 172 171 172 171 171 170 170 168 169 170 169 166 166 166
"235" 507 195 186 186 185 184 184 182 183 183 182 182 181 178 180 181 179 175 175 175
"236" 481 104 203 205 205 205 206 195 202 206 201 198 198 192 195 197 194 183 183 183
"237" 98 60 79 94 100 194 194 194 194 193 193 193 192 191 192 192 191 189 189 189
"238" 69 68 110 155 156 168 170 155 193 195 191 188 188 181 184 187 183 164 165 168
"239" 187 96 117 124 237 236 236 232 238 241 237 234 232 226 229 231 227 215 216 216
"240" 104 202 189 190 189 189 189 186 188 187 187 185 184 181 182 184 182 176 176 176
"241" 388 64 196 196 195 195 195 192 193 193 192 190 189 187 188 189 187 183 183 183
"242" 352 226 174 173 174 173 173 172 173 172 172 171 171 170 171 171 170 168 168 168
"243" 354 66 168 168 168 168 168 167 169 167 168 167 166 165 166 166 165 164 164 164
"244" 370 194 183 183 181 181 181 178 180 179 179 177 177 174 175 177 175 170 170 170
"245" 155 57 218 218 218 218 218 216 218 216 217 216 215 214 215 216 215 212 212 212
"246" 909 69 187 186 185 185 185 181 183 183 182 181 180 177 178 179 177 171 171 171
"247" 152 146 180 180 167 178 170 232 238 239 234 231 230 223 227 229 225 214 214 215
"248" 571 233 190 190 190 190 190 189 191 189 190 189 188 186 187 188 187 184 184 184
"249" 76 62 75 194 193 193 194 189 194 195 192 189 189 184 186 188 185 177 177 177
"250" 70 62 86 128 166 187 218 218 220 220 219 217 216 214 216 217 215 210 210 210
"251" 291 238 226 225 224 224 223 225 226 226 224 222 220 216 218 219 217 208 209 208
"252" 378 220 207 209 208 208 209 208 210 211 208 203 203 200 201 203 201 194 194 194
"253" 266 255 241 241 239 240 240 240 244 246 244 239 237 231 236 237 232 223 223 223
"254" 282 243 195 195 195 194 194 191 193 193 192 191 190 188 189 190 188 184 184 184
"255" 88 62 173 172 172 171 172 169 171 170 170 169 169 167 168 169 167 164 165 165
"256" 119 86 207 208 204 118 122 201 205 206 202 199 198 193 196 198 194 185 186 185
"257" 151 115 144 144 150 201 201 198 201 199 197 196 195 190 192 195 191 183 183 183
"258" 290 206 185 184 185 185 185 184 185 183 183 183 182 182 183 183 182 180 180 180
"259" 225 220 204 205 204 204 204 204 206 206 200 198 197 193 194 196 193 185 184 185
"260" 293 241 232 232 231 232 232 233 235 234 233 231 229 227 229 230 228 222 222 223
"261" 180 165 193 193 190 190 190 185 187 189 186 184 184 180 181 183 181 174 175 175
"262" 134 135 188 188 188 188 188 186 188 186 186 185 184 183 184 185 184 180 181 181
"263" 884 219 204 206 203 203 204 197 201 200 195 194 194 190 191 194 190 180 181 181
"264" 361 257 242 243 241 241 241 236 240 242 240 237 236 231 234 235 232 224 224 224
"265" 310 184 178 179 179 178 178 176 178 177 177 175 175 173 174 175 173 169 169 169
"266" 381 77 186 187 186 186 186 183 184 184 183 181 180 177 178 179 177 171 171 171
"267" 423 222 207 207 205 205 205 202 204 204 201 200 200 196 197 199 196 190 190 190
"268" 145 252 184 183 183 183 183 180 181 181 181 180 179 178 178 179 178 174 174 174
"269" 318 55 199 198 198 198 198 198 199 198 198 197 197 196 196 197 196 194 194 194
"270" 75 48 85 207 205 205 204 202 203 204 200 198 196 192 194 196 192 183 184 184
"271" 282 205 189 190 190 189 189 187 188 188 186 185 184 182 182 184 182 177 178 178
"272" 344 226 215 214 213 213 213 210 212 212 212 210 209 207 208 209 207 201 201 201
"273" 237 215 195 194 191 191 191 186 188 191 188 187 186 181 183 185 182 173 173 173
"274" 223 170 181 181 181 181 181 178 180 179 179 177 176 174 176 177 175 171 171 171
"275" 183 239 225 224 223 223 223 220 224 224 221 219 219 214 219 219 216 207 208 208
"276" 119 123 202 202 201 201 201 199 200 200 199 198 197 195 195 197 195 190 190 190
"277" 193 160 216 217 216 255 254 259 262 263 260 255 254 248 254 254 249 241 241 241
"278" 77 81 200 201 197 197 197 194 196 197 193 190 190 185 187 189 186 177 176 177
"279" 320 151 231 232 230 231 231 231 234 234 233 230 228 224 227 229 225 218 218 218
"280" 955 73 184 202 201 202 202 197 200 200 198 196 195 192 194 195 193 188 188 188
"281" 481 106 244 245 241 241 240 241 245 247 243 238 236 229 233 235 230 220 220 221
"282" 375 91 186 186 119 123 186 185 186 184 184 184 183 183 183 184 183 181 181 181
"283" 75 65 81 107 114 194 194 191 193 193 191 189 189 186 187 189 187 180 180 180
"284" 111 222 206 207 203 203 202 200 201 203 198 197 196 191 193 194 191 174 178 179
"285" 79 60 86 250 249 249 249 250 253 256 253 250 248 242 245 246 242 233 234 234
"286" 119 58 113 120 122 123 120 212 215 215 213 211 209 204 206 207 205 198 198 198
"287" 117 95 127 170 183 206 207 203 205 205 203 202 201 198 198 200 198 190 190 190
"288" 271 197 188 188 187 187 186 183 186 185 184 182 182 179 181 182 180 174 174 174
"289" 118 111 194 195 195 194 194 191 193 193 191 190 189 187 188 189 187 182 182 182
"290" 582 63 220 221 220 221 221 216 219 220 219 217 217 214 216 217 215 207 208 208
"291" 306 227 200 199 199 199 199 198 200 199 198 197 196 195 196 197 195 191 191 191
"292" 588 210 195 196 195 195 195 194 195 195 194 191 191 187 189 191 188 182 182 182
"293" 119 57 69 109 113 115 136 227 234 236 233 229 228 221 225 228 222 211 212 212
"294" 955 77 118 231 229 229 229 226 229 229 229 226 225 222 224 225 223 217 217 217
"295" 272 107 185 185 184 184 184 181 182 182 182 180 180 178 179 180 178 173 173 173
"296" 206 198 193 194 193 194 195 190 192 192 190 189 188 183 186 187 185 177 177 178
"297" 215 212 191 191 188 188 188 185 187 187 186 183 183 179 180 182 180 172 172 172
"298" 284 71 130 139 123 126 147 195 195 196 193 189 188 184 186 188 185 175 175 175
"299" 955 63 224 224 221 222 222 222 225 226 224 219 217 212 216 217 214 202 202 202
"300" 101 116 214 214 209 209 209 204 208 209 207 204 203 197 200 202 199 188 188 189
"301" 858 84 171 171 171 171 171 168 170 169 169 168 168 167 168 168 167 165 165 165
"302" 305 172 199 199 197 197 197 193 196 196 193 192 191 187 190 191 188 182 182 182
"303" 393 234 180 180 180 180 180 179 180 178 179 178 177 176 177 178 177 174 174 175
"304" 136 82 126 146 145 159 179 176 178 177 177 176 175 172 173 174 173 169 169 169
"305" 66 53 69 218 216 216 216 213 217 219 215 211 209 203 206 208 205 194 194 194
"306" 93 86 171 172 172 171 171 169 170 170 170 169 168 166 167 168 167 163 164 164
"307" 190 71 202 202 202 202 202 199 199 199 198 197 196 194 196 196 195 189 189 189
"308" 734 263 245 247 246 246 245 247 249 249 248 245 244 241 242 244 241 234 234 234
"309" 219 217 196 197 196 197 197 192 193 193 192 190 189 185 186 188 185 176 177 177
"310" 390 209 189 190 188 188 187 180 186 187 185 182 181 177 178 179 178 169 169 168
"311" 358 234 211 211 211 211 211 211 212 210 210 210 209 208 209 209 208 205 206 206
"312" 955 240 220 220 220 220 220 220 221 220 220 219 218 216 217 218 216 211 212 212
"313" 89 66 86 98 197 197 197 194 196 195 195 194 193 191 192 193 191 188 188 188
"314" 855 106 187 187 187 187 187 186 187 186 186 185 184 182 184 184 183 179 179 179
"315" 471 257 242 242 241 241 241 245 247 248 245 241 239 233 237 239 234 226 226 226
"316" 318 60 219 220 220 221 222 221 223 224 222 218 217 212 213 216 212 203 203 203
"317" 588 214 195 195 194 194 194 190 193 193 191 188 186 182 183 186 183 173 172 173
"318" 278 58 202 203 202 202 202 199 201 202 201 199 198 196 197 198 196 189 190 190
"319" 390 97 213 213 213 213 213 211 212 211 211 209 209 208 209 210 209 205 206 205
"320" 435 193 185 184 114 105 108 180 182 182 181 179 178 176 177 178 176 169 164 163
"321" 168 140 168 187 189 203 203 198 200 200 199 197 196 194 195 196 194 188 189 189
"322" 550 205 193 193 193 193 193 190 191 191 190 188 187 184 185 187 184 179 179 179
"323" 104 54 81 89 93 100 120 206 207 206 202 198 197 193 196 197 194 184 184 185
"324" 96 58 81 101 103 124 248 253 255 257 254 250 248 241 246 247 243 233 233 233
"325" 133 82 131 135 196 197 197 193 194 194 194 193 191 190 191 192 190 185 185 185
"326" 480 195 183 184 184 183 184 180 181 180 180 179 179 176 177 178 176 170 170 170
"327" 882 223 181 181 181 180 181 180 181 180 180 178 177 175 178 178 177 171 172 172
"328" 94 56 94 97 99 99 114 179 182 182 181 179 179 177 177 178 177 173 173 173
"329" 90 74 99 102 114 114 205 202 203 203 203 202 201 199 200 201 200 195 195 195
"330" 107 103 125 180 180 180 180 179 180 179 178 178 177 175 177 177 176 173 173 173
"331" 106 94 232 232 231 231 231 230 231 231 231 229 228 226 228 229 226 220 220 220
"332" 955 50 184 184 184 183 183 182 183 182 182 181 181 179 180 181 179 176 176 176
"333" 169 74 134 146 142 153 173 219 222 222 220 217 216 209 212 216 211 202 201 201
"334" 58 50 91 192 192 192 192 190 192 191 191 190 189 188 189 189 188 185 185 185
"335" 287 66 185 184 183 182 182 181 182 182 181 179 179 176 177 178 176 171 171 171
"336" 344 252 219 220 219 219 219 217 220 219 219 217 216 213 215 216 214 209 209 209
"337" 530 248 209 209 208 208 209 208 209 208 208 206 205 204 205 206 204 200 200 200
"338" 290 189 181 180 180 180 180 176 179 178 178 176 175 173 173 175 174 169 169 169
"339" 606 218 203 204 203 203 203 195 199 199 198 196 196 192 192 195 193 183 184 184
"340" 109 123 213 213 213 213 213 213 215 213 213 212 211 209 211 212 210 206 206 206
"341" 69 56 188 188 187 187 187 184 186 185 183 182 182 178 180 181 179 172 172 172
"342" 509 244 221 220 215 214 214 213 217 219 217 213 211 202 206 209 203 193 193 193
"343" 150 34 130 171 161 164 190 185 187 188 186 184 183 179 180 182 180 171 171 171
"344" 121 208 193 195 193 193 193 191 192 193 191 188 187 183 184 186 184 175 175 176
"345" 60 49 66 82 72 80 88 217 219 219 217 215 213 209 212 213 210 203 203 203
"346" 33 31 44 53 56 64 92 247 250 251 250 246 245 240 242 243 240 232 232 232
"347" 95 88 109 116 110 110 156 184 186 185 184 182 181 179 180 182 179 172 172 172
"348" 67 77 221 221 220 221 222 217 220 222 220 218 217 211 213 215 212 201 202 202
"349" 276 63 127 204 202 202 202 193 197 198 196 195 195 191 192 194 191 182 182 183
"350" 307 75 202 202 202 202 202 200 202 200 200 198 198 197 198 199 197 193 193 193
"351" 341 66 206 208 206 206 206 203 205 206 203 199 198 194 197 198 195 187 186 186
"352" 955 237 194 196 196 196 196 195 196 195 194 193 192 189 191 192 190 185 184 184
"353" 435 221 208 208 208 207 155 204 208 208 205 201 201 197 199 201 199 179 157 159
"354" 122 101 190 191 190 190 190 187 189 188 186 185 184 181 183 184 182 175 176 176
"355" 290 206 194 194 193 193 193 189 191 190 189 189 188 185 185 187 185 180 180 180
"356" 459 85 219 220 218 218 217 214 217 217 215 212 211 207 208 210 207 198 199 200
"357" 655 237 209 209 208 208 208 204 209 208 208 206 205 202 203 204 203 197 198 198
"358" 47 36 58 214 213 213 213 214 215 215 212 210 209 204 208 209 205 196 196 196
"359" 307 243 228 228 226 226 226 219 223 224 222 221 221 216 217 220 216 206 206 206
"360" 137 75 142 194 194 182 179 193 194 193 193 192 191 189 190 192 190 186 186 186
"361" 208 51 196 197 196 196 196 192 195 195 192 190 189 185 187 189 186 177 178 178
"362" 212 46 232 232 232 232 232 226 231 233 232 229 229 225 226 227 225 218 219 219
"363" 207 237 212 212 213 213 213 211 213 212 212 210 209 206 208 209 207 199 188 199
"364" 100 79 139 217 216 216 217 217 219 220 216 211 210 205 208 210 207 196 196 197
"365" 530 45 202 202 201 201 201 199 201 201 200 199 198 195 197 197 196 190 191 191
"366" 98 90 155 187 187 187 187 184 185 185 184 184 183 181 182 183 182 178 177 178
"367" 148 67 171 178 173 153 143 199 200 200 199 197 196 193 193 195 194 185 183 185
"368" 226 210 192 193 193 193 193 191 192 192 191 189 188 185 185 187 184 179 179 179
"369" 955 256 197 197 197 197 197 194 196 195 194 193 193 192 192 193 192 189 189 189
"370" 170 92 129 145 158 179 198 217 222 224 222 220 219 215 215 218 215 207 207 207
"371" 631 218 199 199 196 196 196 188 191 192 190 188 187 181 182 185 182 172 172 172
"372" 60 58 84 94 98 118 142 192 195 196 194 192 191 188 190 191 189 182 182 182
"373" 665 237 217 217 216 216 217 216 221 221 219 215 214 209 213 214 211 200 199 199
"374" 85 64 86 93 90 101 103 239 242 242 241 237 236 231 233 236 233 166 170 173
"375" 366 216 196 198 197 197 198 197 198 198 195 193 191 188 189 191 188 181 181 182
"376" 955 207 192 192 191 191 191 189 191 191 190 187 186 183 184 185 183 177 177 177
"377" 471 200 189 188 186 186 186 183 186 186 185 183 181 178 180 181 179 172 172 172
"378" 138 90 145 210 172 166 169 200 213 215 208 204 204 198 201 203 200 190 190 190
"379" 47 37 145 151 148 158 175 173 174 174 174 172 171 169 170 171 169 166 166 166
"380" 85 61 86 122 137 123 119 183 184 183 183 182 182 180 181 182 180 177 178 178
"381" 721 92 191 190 187 188 188 180 185 185 183 182 182 178 180 181 179 170 171 171
"382" 379 241 222 222 220 220 220 220 223 224 221 218 216 209 211 216 211 199 200 200
"383" 385 220 204 205 202 202 202 191 195 197 195 193 193 189 189 191 189 179 180 180
"384" 116 108 223 223 221 221 221 216 219 221 218 215 216 212 213 216 213 199 199 199
"385" 249 91 196 179 178 180 192 247 252 254 250 245 243 237 240 242 238 227 227 228
"386" 267 218 199 198 197 197 197 191 194 196 194 191 190 186 188 189 187 179 179 179
"387" 241 258 217 217 217 217 217 201 215 214 215 214 214 212 212 214 212 207 201 201
"388" 327 108 182 182 181 182 182 179 181 181 180 179 177 175 177 177 176 169 169 169
"389" 302 221 207 207 205 205 206 202 205 206 204 201 200 194 198 199 195 186 187 187
"390" 955 195 185 185 185 185 185 183 185 184 184 182 181 179 180 181 179 174 175 175
"391" 84 66 82 90 98 126 220 218 222 223 219 216 215 209 213 214 211 200 200 200
"392" 329 236 217 219 218 218 217 215 216 218 216 213 212 207 210 212 209 198 198 198
"393" 322 218 192 192 192 192 192 191 192 191 191 190 189 187 189 189 188 184 184 184
"394" 144 65 82 91 221 221 190 220 222 220 220 220 219 218 219 220 218 182 182 182
"395" 47 47 61 72 84 87 143 196 198 197 197 196 196 194 194 195 194 191 191 191
"396" 633 238 223 224 223 222 222 220 224 223 221 218 216 212 215 216 213 205 205 205
"397" 824 231 220 220 219 219 220 219 220 221 220 218 217 214 215 216 214 208 208 208
"398" 107 103 125 132 131 137 157 196 197 197 196 195 194 192 193 194 192 186 186 186
"399" 96 275 225 225 225 225 225 224 225 225 225 224 223 221 222 223 221 217 218 218
"400" 195 264 247 249 248 248 248 250 253 256 252 247 246 239 244 246 241 230 230 230
"401" 115 223 182 183 182 182 182 179 181 181 180 179 179 177 178 179 177 174 174 174
"402" 452 70 222 222 222 221 221 220 222 221 221 220 219 217 219 220 218 215 215 215
"403" 674 141 204 203 203 203 203 202 203 202 202 201 200 199 200 201 199 196 196 196
"404" 189 173 201 201 197 197 197 186 191 192 190 187 187 182 184 186 183 172 173 173
"405" 90 94 210 209 207 208 207 201 207 208 205 202 202 198 199 201 198 192 192 192
"406" 386 192 182 182 181 180 181 177 179 178 177 177 177 174 175 176 175 170 170 170
"407" 331 76 185 186 183 183 183 179 181 182 180 178 178 174 175 177 175 169 170 170
"408" 179 61 188 189 189 189 189 187 189 188 187 185 184 182 184 185 183 178 179 178
"409" 156 70 107 125 125 147 161 181 183 182 181 179 178 175 176 178 176 169 170 170
"410" 246 229 180 180 180 180 179 177 179 178 178 177 176 174 175 176 175 170 171 171
"411" 99 75 95 105 115 123 132 214 216 217 215 213 212 208 210 211 209 199 200 200
"412" 73 46 76 127 200 200 200 196 199 199 197 195 194 190 193 194 192 185 185 185
"413" 81 75 93 103 98 110 108 223 228 228 227 225 224 222 223 224 222 193 187 183
"414" 283 172 206 205 205 205 205 205 206 205 205 203 202 200 201 202 200 196 195 195
"415" 330 248 234 234 232 232 232 234 236 236 235 231 229 224 228 229 226 217 217 217
"416" 390 251 226 227 226 226 225 232 234 235 232 226 224 217 221 223 219 206 206 206
"417" 298 81 97 206 120 204 205 202 206 206 204 201 201 198 199 200 199 193 193 193
"418" 191 194 214 213 212 213 213 211 215 215 212 208 207 201 205 207 203 192 193 193
"419" 955 216 206 205 205 205 205 203 205 204 203 202 201 198 200 201 199 193 192 192
"420" 955 47 200 201 200 199 199 198 200 200 197 194 193 188 192 194 190 180 180 180
"421" 58 58 179 179 179 179 179 177 178 177 177 176 175 175 175 176 175 173 173 173
"422" 382 202 187 187 187 187 187 185 186 185 185 184 184 182 183 184 183 179 179 179
"423" 490 211 202 202 202 201 201 197 200 199 198 197 196 194 194 196 194 189 189 189
"424" 955 220 188 188 188 188 188 184 185 184 184 183 182 180 181 182 180 175 175 175
"425" 82 91 211 130 114 127 210 203 206 208 205 202 202 199 200 202 200 193 193 193
"426" 184 85 214 215 214 214 214 210 212 212 211 209 207 203 205 207 204 193 194 194
"427" 175 231 173 173 173 173 173 173 174 172 172 171 170 170 171 171 170 168 168 168
"428" 532 147 184 200 230 230 230 229 231 230 230 229 228 227 228 229 227 224 224 224
"429" 155 258 199 199 199 199 199 198 199 198 198 197 196 195 197 197 196 193 193 193
"430" 182 193 227 228 227 227 228 230 234 235 232 228 226 219 222 225 220 209 210 210
"431" 955 208 198 199 199 198 198 198 198 198 197 195 194 192 194 194 193 187 187 187
"432" 238 239 223 223 220 220 220 211 217 220 219 216 216 210 210 214 210 198 199 198
"433" 118 110 196 197 197 197 197 194 196 194 194 194 193 192 193 194 192 190 190 190
"434" 66 48 78 80 80 80 219 219 221 220 219 217 216 214 215 217 214 209 209 209
"435" 926 243 220 219 217 218 218 208 221 223 219 213 213 206 207 211 207 193 191 191
"436" 104 106 155 179 182 174 185 212 217 218 217 215 213 208 210 212 209 199 199 199
"437" 479 232 199 199 199 198 198 198 199 196 197 196 196 195 195 196 195 194 194 194
"438" 173 80 97 126 122 129 149 205 207 207 207 205 204 201 202 203 202 196 196 196
"439" 143 51 76 74 75 103 116 225 230 231 228 223 221 214 218 220 214 201 201 202
"440" 72 48 59 70 77 101 107 189 193 194 190 189 189 185 186 188 186 178 179 179
"441" 48 50 88 84 88 108 120 238 241 242 240 238 236 232 234 235 232 226 226 226
"442" 85 58 81 121 206 206 206 198 202 207 204 199 198 194 195 197 194 183 184 184
"443" 273 46 221 221 220 220 220 219 221 219 220 218 218 216 217 218 217 213 213 213
"444" 405 52 208 209 207 207 207 201 206 205 203 199 198 193 195 197 194 184 184 185
"445" 955 210 200 200 200 200 200 197 199 198 197 195 195 192 194 195 193 188 188 188
"446" 83 56 78 82 77 79 109 209 210 209 209 208 206 204 206 207 205 200 199 199
"447" 415 261 217 217 217 217 217 216 218 217 217 216 215 214 214 215 214 211 211 211
"448" 83 260 205 205 205 205 206 204 206 204 204 203 202 201 203 203 202 199 199 199
"449" 54 52 68 71 141 170 170 168 170 169 169 168 168 167 167 168 167 164 164 164
"450" 321 211 203 204 201 201 201 199 201 202 199 196 196 190 193 196 192 181 181 181
"451" 426 187 236 236 235 235 235 231 238 241 237 232 231 226 230 231 226 214 214 215
"452" 179 126 188 188 188 187 187 185 187 186 186 185 184 183 184 185 183 179 179 179
"453" 126 112 188 189 188 188 188 183 187 187 185 184 183 179 179 182 179 170 170 170
"454" 955 211 199 199 197 196 196 189 192 193 191 190 190 186 187 189 186 179 179 179
"455" 753 91 121 207 207 206 206 206 207 206 206 205 204 201 202 203 202 198 198 198
"456" 421 215 197 197 195 195 196 191 194 194 190 188 188 183 185 188 184 175 175 175
"457" 219 256 239 239 237 237 237 233 239 241 239 235 233 226 229 231 226 184 185 182
"458" 69 71 176 176 176 176 176 176 177 176 175 173 172 170 172 173 171 166 165 166
"459" 143 94 237 237 237 237 238 239 242 242 241 236 235 231 234 236 232 223 223 224
"460" 398 180 223 224 222 182 186 218 221 223 220 215 215 208 210 213 209 197 197 197
"461" 184 89 181 237 183 235 235 235 240 241 240 237 236 229 232 234 229 220 220 220
"462" 326 56 205 206 204 204 204 198 201 203 200 198 197 193 195 197 194 186 186 186
"463" 955 54 143 147 141 143 164 220 222 223 218 215 214 206 208 210 207 198 197 197
"464" 75 55 73 84 95 110 186 185 186 184 185 184 183 182 183 183 182 179 179 179
"465" 527 190 180 180 180 180 180 178 179 179 179 178 177 175 176 177 176 171 172 172
"466" 333 55 186 186 63 68 186 186 187 185 185 184 184 183 184 184 183 180 181 181
"467" 164 136 175 175 160 160 174 231 233 233 231 229 227 224 226 227 224 173 172 171
"468" 955 98 171 170 170 170 170 168 170 168 168 168 167 166 167 168 166 163 163 164
"469" 402 241 226 226 225 224 224 223 225 225 224 220 219 213 217 219 214 200 175 178
"470" 551 119 142 159 152 178 178 176 177 177 176 175 174 172 173 174 172 168 169 169
"471" 439 203 192 193 193 192 192 191 192 192 190 188 187 184 187 188 185 178 178 178
"472" 539 232 219 219 219 218 218 215 217 218 217 215 214 210 212 213 211 202 203 203
"473" 228 248 229 230 228 227 227 225 228 229 226 222 222 216 220 222 218 205 206 206
"474" 83 90 112 116 118 134 216 213 215 215 215 214 213 211 211 212 211 206 206 206
"475" 81 71 93 112 111 118 125 179 181 181 179 177 176 174 175 176 174 167 168 167
"476" 291 219 176 177 176 176 176 175 176 175 175 174 173 172 173 174 172 170 170 170
"477" 367 93 110 110 103 103 96 208 213 213 211 209 208 204 206 208 205 194 195 195
"478" 642 87 186 186 186 185 185 183 184 184 183 183 182 180 180 181 180 176 177 176
"479" 402 215 205 204 204 204 204 203 204 203 203 201 200 197 199 200 198 193 193 193
"480" 263 198 187 187 187 186 186 183 184 184 183 181 180 177 179 181 178 172 172 172
"481" 392 56 123 219 194 192 216 214 215 215 212 211 208 202 204 207 203 194 195 195
"482" 456 208 197 196 195 195 195 190 194 194 193 191 190 187 188 190 187 182 182 182
"483" 905 201 181 182 182 182 182 179 181 180 180 179 178 177 177 178 177 173 173 173
"484" 315 206 192 192 191 190 190 186 189 189 188 186 185 182 183 185 182 175 176 176
"485" 655 81 183 183 183 183 183 182 183 182 181 181 180 178 180 180 179 174 174 174
"486" 88 91 110 126 126 139 226 222 228 231 226 223 221 217 219 220 217 207 206 206
"487" 955 82 207 208 207 207 206 200 203 202 200 198 198 194 196 198 196 185 185 185
"488" 319 148 234 234 233 233 234 236 237 239 235 230 228 221 224 226 222 211 211 211
"489" 169 125 159 179 179 179 179 178 179 178 178 177 176 175 176 177 176 173 173 174
"490" 347 52 242 241 240 241 241 242 244 243 242 241 239 235 238 240 236 230 231 231
"491" 450 87 188 189 188 189 189 185 188 188 187 185 184 181 183 184 181 175 175 175
"492" 955 201 169 169 169 169 169 169 169 168 168 167 167 166 167 167 166 164 164 164
"493" 146 245 192 192 192 192 192 191 192 191 191 190 189 188 189 190 188 186 186 186
"494" 545 289 233 233 233 232 232 230 232 232 232 231 230 228 229 230 229 224 225 225
"495" 955 84 105 219 217 217 216 211 215 216 214 211 211 206 207 210 207 197 196 197
"496" 897 57 140 159 164 159 168 230 231 230 229 226 225 222 224 226 223 216 217 217
"497" 252 109 240 239 236 237 237 241 244 245 242 237 236 229 235 237 230 221 221 221
"498" 76 152 167 167 167 167 167 165 166 165 165 165 164 164 164 164 164 161 161 161
"499" 186 148 196 203 200 201 201 190 195 197 195 193 192 187 188 191 190 170 168 173
"500" 247 253 194 194 194 194 194 191 192 192 192 191 191 189 190 191 189 185 186 185
