"max_pca1" "max_pca2" "max_pca3" "max_pca5" "max_pca10" "max_pca20" "max_pca40" "min_pca1" "min_pca2" "min_pca3" "min_pca5" "min_pca10" "min_pca20" "min_pca40" "tpca0.8" "tpca0.9" "tpca0.95" "tpca0.99" "tpca0.995" "tpca0.999"
"1" 227 226 197 189 188 187 187 182 187 183 182 182 186 179 172 173 173 175 175 175
"2" 119 57 95 98 94 200 200 205 205 201 201 200 200 194 186 186 186 189 189 189
"3" 188 185 186 184 183 181 180 177 180 179 178 179 181 174 167 168 168 169 169 169
"4" 196 48 192 188 188 187 187 202 203 200 195 188 199 184 176 176 177 178 178 178
"5" 59 49 64 73 86 91 192 223 233 233 233 233 237 224 194 195 195 199 199 199
"6" 218 167 190 186 185 184 184 185 186 183 184 182 183 178 172 172 172 173 173 173
"7" 212 136 181 178 178 177 177 173 174 174 174 174 174 171 164 164 164 165 165 165
"8" 264 223 214 209 209 208 207 207 214 207 206 204 205 199 174 175 176 184 184 184
"9" 43 33 43 82 100 107 127 227 228 228 228 228 228 218 195 196 196 198 198 198
"10" 131 74 132 198 134 198 198 193 196 196 196 196 196 192 186 186 186 188 188 188
"11" 175 348 344 253 253 237 230 220 243 244 244 244 244 198 175 176 176 178 178 178
"12" 231 192 191 186 186 184 185 186 186 186 186 186 186 175 167 167 167 169 169 169
"13" 293 274 209 206 206 204 204 198 204 200 197 198 201 197 182 181 181 188 188 188
"14" 182 90 197 193 192 192 192 198 197 195 196 192 192 187 179 180 180 181 181 181
"15" 257 50 186 215 215 214 213 210 211 210 210 210 210 205 183 185 186 190 190 190
"16" 213 210 206 196 194 193 192 189 192 190 190 190 191 186 179 179 179 180 180 180
"17" 45 75 237 221 219 213 208 285 239 234 230 224 230 203 173 174 173 175 175 175
"18" 221 219 212 202 202 200 200 199 201 198 196 195 197 190 168 170 170 173 173 173
"19" 225 198 192 188 188 188 188 188 190 189 189 188 189 182 177 177 177 178 178 178
"20" 118 45 121 130 204 205 205 202 242 242 238 233 238 193 178 180 181 183 183 183
"21" 234 194 189 184 183 182 181 180 182 180 181 179 182 173 167 168 168 169 169 169
"22" 225 84 232 193 193 190 191 184 297 288 199 191 278 184 177 177 177 178 178 178
"23" 65 49 62 70 77 95 133 192 193 191 192 190 191 186 178 178 179 181 181 181
"24" 232 232 206 203 201 199 198 188 193 190 191 190 194 189 153 158 162 177 177 177
"25" 211 150 208 185 184 184 185 195 195 190 178 177 177 176 170 170 170 171 171 171
"26" 40 41 109 112 125 130 214 245 250 250 249 245 250 208 167 179 176 183 183 183
"27" 149 138 207 199 197 196 198 202 202 202 202 202 202 182 174 176 176 178 178 178
"28" 207 131 202 199 199 198 198 192 196 194 194 194 195 190 175 177 178 183 183 183
"29" 131 91 141 194 194 193 192 191 193 190 190 189 190 185 177 178 179 180 180 180
"30" 223 82 108 205 205 171 168 199 203 200 198 198 200 181 173 173 173 175 175 175
"31" 72 34 77 84 89 100 184 185 184 184 184 184 184 178 169 170 169 171 171 171
"32" 197 190 189 185 185 183 183 182 183 183 183 181 182 178 173 173 173 174 174 174
"33" 212 158 197 192 192 192 192 197 199 199 199 198 199 191 182 183 184 186 186 186
"34" 166 216 196 190 190 187 187 186 197 191 191 185 188 179 173 173 173 174 174 174
"35" 89 64 85 95 96 109 130 183 188 187 187 186 188 182 173 174 174 175 175 175
"36" 215 50 205 201 200 200 200 197 200 197 194 194 196 180 172 172 172 174 174 174
"37" 259 249 249 213 206 190 189 178 186 183 185 183 193 176 170 171 171 172 172 172
"38" 129 105 156 193 193 192 191 185 188 185 181 185 188 182 165 166 166 167 167 167
"39" 240 243 220 199 200 200 199 221 236 252 242 240 250 215 183 184 184 187 187 187
"40" 234 82 235 195 195 195 196 237 237 237 237 236 236 184 172 172 173 176 176 176
"41" 251 248 246 233 232 228 224 201 239 234 201 233 234 186 179 179 179 181 181 181
"42" 87 65 87 126 124 130 134 199 200 199 199 199 199 195 181 184 183 188 188 188
"43" 259 222 220 217 216 211 207 212 214 214 214 214 214 211 190 192 192 194 194 194
"44" 321 130 314 232 232 231 231 230 230 230 230 230 230 196 172 173 174 176 176 176
"45" 84 59 92 112 126 132 185 177 182 182 183 182 184 179 168 169 170 171 171 171
"46" 77 47 64 100 109 193 193 186 191 191 194 193 198 184 175 176 176 179 179 179
"47" 237 233 231 201 200 200 200 184 184 184 184 184 184 184 175 177 177 180 180 180
"48" 217 212 212 204 202 201 200 195 206 199 198 196 199 192 167 171 171 174 174 174
"49" 225 223 219 200 199 199 199 192 192 192 192 192 192 191 181 181 182 183 183 183
"50" 347 198 196 192 190 189 189 186 186 186 186 186 186 182 176 176 176 177 177 177
"51" 321 190 186 183 182 181 181 180 180 180 180 179 177 173 168 168 169 170 170 170
"52" 235 202 198 193 193 192 190 186 189 187 188 186 187 181 176 176 176 177 177 177
"53" 108 70 89 95 211 213 214 199 237 239 225 224 249 182 176 176 176 178 178 178
"54" 157 138 250 153 193 196 203 215 218 219 218 216 222 184 171 171 171 172 172 172
"55" 237 236 238 201 199 197 195 240 240 240 240 200 240 189 174 178 178 181 181 181
"56" 233 231 202 193 192 191 191 223 203 195 201 190 191 181 174 175 175 177 177 177
"57" 86 61 78 87 196 195 194 189 191 190 190 190 192 187 174 177 179 182 182 182
"58" 87 77 102 108 143 198 197 197 198 196 196 195 196 192 186 186 186 188 188 188
"59" 132 227 222 215 216 217 217 228 245 250 265 241 252 189 172 173 173 177 177 177
"60" 238 194 191 188 187 187 186 184 185 183 182 182 182 181 173 174 174 175 175 175
"61" 230 102 194 190 189 188 187 182 184 184 183 182 184 179 142 172 172 173 173 173
"62" 259 237 231 216 214 214 211 232 250 252 241 245 250 242 183 186 188 195 195 195
"63" 107 62 97 107 124 134 139 195 195 194 192 187 194 177 170 170 171 172 172 172
"64" 192 193 186 183 183 182 181 180 182 180 180 179 180 175 169 169 169 171 171 171
"65" 219 212 212 203 201 199 198 200 201 200 199 197 200 192 175 175 176 179 179 179
"66" 259 62 85 184 184 184 183 177 176 176 176 176 176 174 168 169 169 170 170 170
"67" 305 300 277 195 195 194 193 291 200 194 194 191 272 184 175 176 176 178 178 178
"68" 143 240 214 208 208 207 206 207 232 207 206 203 206 194 173 177 177 183 183 183
"69" 111 85 108 118 116 137 143 208 215 213 215 214 216 200 168 180 180 183 183 183
"70" 244 240 239 208 191 195 205 298 294 291 281 240 242 179 169 169 169 171 171 171
"71" 237 198 193 189 188 187 186 185 186 184 184 183 184 179 172 173 173 174 174 174
"72" 206 203 201 198 198 197 196 192 195 194 194 194 195 190 168 169 170 173 173 173
"73" 119 125 203 199 200 198 198 205 206 203 206 200 202 187 179 180 180 182 182 182
"74" 118 50 107 118 122 126 143 181 184 181 181 181 183 178 170 170 171 172 172 172
"75" 220 217 193 186 186 185 185 195 183 181 181 181 180 178 171 171 171 172 172 172
"76" 77 100 220 193 192 191 191 186 186 186 186 186 186 184 177 178 178 180 180 180
"77" 222 223 191 186 186 185 184 178 184 182 180 180 182 178 167 169 170 171 171 171
"78" 160 69 143 154 160 167 186 180 182 181 182 183 184 178 173 173 173 175 175 175
"79" 77 86 217 213 213 212 212 207 209 195 188 189 211 182 176 175 176 177 177 177
"80" 254 65 194 190 190 188 188 182 182 182 182 182 182 179 173 174 174 176 176 176
"81" 87 52 69 79 85 94 147 183 202 243 199 197 243 192 180 180 180 182 182 182
"82" 99 67 110 129 145 130 186 188 189 187 187 186 187 179 173 172 173 174 174 174
"83" 95 95 204 201 200 199 199 196 198 196 194 195 198 192 184 185 185 188 188 188
"84" 109 62 78 86 112 186 186 178 178 178 178 178 178 178 172 173 173 174 174 174
"85" 68 59 78 88 101 205 205 217 222 222 222 221 222 186 179 180 180 182 182 182
"86" 220 162 216 212 197 168 195 186 186 186 186 186 186 183 175 176 175 177 177 177
"87" 134 110 135 141 142 157 169 183 188 187 187 187 185 183 178 178 179 180 180 180
"88" 214 190 186 183 183 182 182 187 188 185 184 182 181 177 169 170 169 171 171 171
"89" 218 72 91 98 112 183 182 178 176 173 173 173 172 172 168 168 168 169 169 169
"90" 234 49 196 190 190 188 187 184 188 187 187 185 187 182 177 176 177 178 178 178
"91" 169 144 213 209 209 209 209 200 204 204 204 201 204 198 173 175 176 179 179 179
"92" 277 274 265 207 204 199 195 223 220 219 210 208 211 202 181 182 182 186 186 186
"93" 214 212 207 185 185 183 183 179 178 178 178 178 178 175 169 170 170 172 172 172
"94" 99 51 90 123 128 128 130 185 189 189 190 189 190 181 175 175 175 177 177 177
"95" 229 223 223 217 189 188 186 215 216 211 207 183 192 179 173 173 173 174 174 174
"96" 234 66 202 199 199 199 199 233 232 232 202 199 228 193 185 187 187 189 189 189
"97" 124 53 215 202 204 202 202 181 198 197 195 188 194 180 165 172 172 174 174 174
"98" 176 246 244 212 210 190 189 180 180 180 180 180 180 180 176 176 176 177 177 177
"99" 227 190 191 188 188 187 188 191 192 188 187 186 187 180 172 172 172 174 174 174
"100" 189 60 225 221 219 218 217 199 198 198 198 198 198 195 187 187 188 189 189 189
"101" 231 198 199 191 190 190 188 290 296 295 296 195 198 180 171 172 172 175 175 175
"102" 202 90 188 181 181 180 180 181 183 181 181 180 180 174 167 167 167 169 169 169
"103" 172 161 199 195 195 194 195 191 197 192 190 190 196 188 179 179 179 181 181 181
"104" 267 53 237 230 230 229 228 278 275 267 265 255 270 220 194 195 196 198 198 198
"105" 219 69 220 182 183 183 182 174 224 186 182 182 196 173 153 162 164 166 166 166
"106" 349 297 302 230 221 218 218 246 242 225 226 224 224 204 179 180 180 185 185 185
"107" 89 45 93 196 98 194 194 186 220 192 189 188 190 181 168 168 168 169 169 169
"108" 58 48 191 188 188 188 187 182 185 184 184 183 183 179 173 174 174 175 175 175
"109" 327 221 222 219 216 216 215 206 212 209 204 203 208 175 169 169 170 171 171 171
"110" 284 77 250 204 201 201 155 274 275 265 265 199 267 183 170 171 172 174 174 174
"111" 256 193 192 187 187 186 186 179 180 180 180 180 180 177 171 171 171 172 172 172
"112" 214 214 213 203 189 190 201 183 202 200 199 198 200 178 168 169 169 171 171 171
"113" 260 231 223 208 205 204 205 198 213 200 198 198 219 189 169 169 170 172 172 172
"114" 296 252 250 243 243 241 238 241 249 247 207 242 252 203 180 183 185 190 190 190
"115" 43 44 155 155 122 109 117 179 180 180 180 180 180 180 172 173 173 175 175 175
"116" 179 122 145 156 154 160 170 238 241 238 238 214 238 203 182 182 182 185 185 185
"117" 124 75 94 110 113 132 158 194 196 194 194 193 195 183 173 173 173 175 175 175
"118" 102 87 124 135 136 222 222 219 220 218 203 197 187 187 176 177 177 180 180 180
"119" 240 241 239 199 198 196 195 192 192 192 189 191 192 177 170 170 170 172 172 172
"120" 317 153 270 222 222 222 223 246 257 257 255 253 266 213 176 177 178 187 187 187
"121" 167 67 116 131 124 127 164 178 178 178 178 178 178 177 171 171 171 173 173 173
"122" 243 276 238 216 162 146 121 199 226 221 209 213 217 196 158 165 165 170 170 170
"123" 96 59 93 109 113 121 198 225 226 225 226 226 228 187 179 179 179 180 180 180
"124" 237 68 196 191 190 190 190 182 186 186 186 185 186 181 165 168 169 172 172 172
"125" 240 209 204 199 197 195 194 196 196 193 193 193 193 189 179 180 181 183 183 183
"126" 66 42 91 103 113 122 135 213 223 223 221 219 222 208 187 189 189 196 196 196
"127" 257 105 222 216 215 214 214 213 218 216 220 217 217 207 171 183 177 188 188 188
"128" 50 49 194 188 188 187 187 182 184 182 183 182 182 179 172 173 173 175 175 175
"129" 252 255 253 220 217 218 216 240 246 238 198 200 297 179 171 172 172 174 174 174
"130" 358 107 198 195 194 194 195 196 200 198 209 196 201 184 176 176 176 178 178 178
"131" 252 82 247 220 217 215 213 233 236 216 216 216 216 209 199 199 200 202 202 202
"132" 104 85 222 217 217 216 214 210 213 212 212 211 205 189 175 177 178 180 180 180
"133" 78 66 83 86 115 113 135 206 207 205 205 204 206 198 182 182 183 185 185 185
"134" 257 254 253 247 226 222 220 246 248 248 248 243 246 210 176 177 178 182 182 182
"135" 175 114 142 150 152 186 186 266 199 199 199 195 197 182 172 172 172 174 174 174
"136" 233 234 235 228 228 226 227 186 257 237 264 201 235 183 174 175 175 177 177 177
"137" 253 248 250 222 214 199 197 277 271 236 238 216 219 189 183 183 183 184 184 184
"138" 151 110 138 188 188 186 185 182 182 182 182 182 182 178 170 171 170 172 172 172
"139" 302 210 203 200 199 197 196 195 196 194 194 194 194 189 179 179 180 182 182 182
"140" 117 112 128 137 135 135 158 184 183 182 182 182 182 182 174 175 175 176 176 176
"141" 285 62 75 76 72 77 77 329 231 205 198 193 203 179 170 171 171 173 173 173
"142" 248 338 208 196 195 195 194 108 187 192 189 188 197 184 129 156 157 171 171 171
"143" 222 214 205 198 199 198 198 207 208 201 197 194 199 187 170 171 171 175 175 175
"144" 147 126 152 164 157 166 197 192 195 192 190 191 194 189 173 173 174 176 176 176
"145" 315 244 237 230 230 229 227 225 228 228 228 228 228 224 184 184 184 188 188 188
"146" 101 55 85 230 224 220 219 254 264 257 260 256 261 200 179 180 181 187 187 187
"147" 256 251 226 214 212 188 187 208 216 212 216 212 213 179 167 167 167 169 169 169
"148" 150 57 135 193 193 146 133 189 188 188 188 188 188 183 171 172 167 175 175 175
"149" 217 41 212 206 205 196 190 199 201 200 201 201 203 183 173 173 173 175 175 175
"150" 341 205 196 188 189 188 189 181 186 186 186 185 190 179 174 173 174 175 175 175
"151" 248 73 146 208 208 207 207 195 202 203 201 201 215 191 169 170 170 172 172 172
"152" 315 249 241 235 233 227 225 298 252 252 252 235 243 189 170 170 171 175 175 175
"153" 104 62 94 113 118 133 186 182 182 182 182 182 182 180 172 173 173 174 174 174
"154" 235 222 223 217 217 216 216 214 214 214 199 198 211 193 174 174 174 177 177 177
"155" 110 120 279 195 197 155 154 184 192 192 190 189 195 184 177 178 178 180 180 180
"156" 119 87 103 113 104 104 132 247 196 190 190 185 187 179 172 173 173 174 174 174
"157" 269 285 284 205 206 232 236 188 286 286 275 201 278 193 145 163 177 180 180 180
"158" 214 185 185 183 182 182 181 175 175 174 174 174 174 174 168 168 168 170 170 170
"159" 98 87 191 184 184 183 182 181 182 180 181 180 180 175 170 169 169 171 171 171
"160" 229 105 126 189 189 187 187 181 185 184 185 183 185 180 150 157 150 171 171 171
"161" 351 111 236 204 203 201 200 198 224 204 201 198 199 193 184 185 185 186 186 186
"162" 206 200 196 192 191 190 190 189 191 190 190 188 189 184 176 177 177 178 178 178
"163" 278 282 200 190 190 189 189 188 194 191 191 188 191 181 175 176 176 177 177 177
"164" 251 52 251 222 223 223 223 194 253 247 241 238 244 198 163 174 175 177 177 177
"165" 58 43 57 68 80 190 189 181 183 183 184 184 186 181 173 174 174 176 176 176
"166" 243 207 201 198 197 196 196 188 192 192 192 192 192 188 180 180 180 182 182 182
"167" 264 265 225 192 192 192 192 218 218 218 218 215 217 184 177 177 177 178 178 178
"168" 263 237 231 181 182 215 211 203 207 205 182 179 177 172 166 166 167 168 168 168
"169" 248 55 211 207 207 206 205 204 207 210 207 206 215 202 193 194 195 197 197 197
"170" 189 99 130 143 180 179 179 177 178 177 178 177 178 173 168 168 168 169 169 169
"171" 227 221 216 207 208 207 206 205 207 205 203 202 204 197 174 177 178 182 182 182
"172" 193 75 142 158 156 146 147 199 206 202 202 203 228 197 181 181 181 186 186 186
"173" 209 113 208 206 206 205 205 197 201 199 198 199 200 193 161 168 168 170 170 170
"174" 315 290 290 231 215 212 211 205 213 205 198 203 206 198 183 183 182 184 184 184
"175" 267 270 229 221 218 211 210 221 221 216 207 202 215 190 174 174 174 175 175 175
"176" 217 216 213 208 207 206 205 197 200 195 190 195 199 179 132 154 155 170 170 170
"177" 226 75 214 210 210 208 207 199 200 199 197 200 202 195 177 178 178 180 180 180
"178" 227 218 215 184 184 183 183 180 180 180 180 180 180 177 171 171 171 172 172 172
"179" 234 190 193 189 188 187 187 183 185 184 184 183 185 180 174 175 175 176 176 176
"180" 254 74 217 213 211 210 209 209 214 211 211 209 211 201 193 193 194 196 196 196
"181" 148 89 116 111 112 122 133 241 240 240 199 232 239 185 173 174 174 176 176 176
"182" 234 240 248 200 201 201 202 185 284 274 200 196 285 188 167 167 168 170 170 170
"183" 238 147 198 196 195 176 168 191 193 192 191 190 193 187 168 176 177 179 179 179
"184" 203 62 202 194 194 197 199 207 234 234 220 201 224 177 168 168 168 169 169 169
"185" 236 49 200 197 197 196 196 246 242 225 225 201 231 193 161 180 182 185 185 185
"186" 158 106 128 160 158 155 192 192 192 192 192 190 191 185 177 178 178 180 180 180
"187" 243 111 152 205 203 154 195 227 224 221 198 196 201 191 168 168 168 170 170 170
"188" 279 280 229 218 206 205 204 213 215 215 216 217 225 200 184 187 188 191 191 191
"189" 167 165 190 186 185 183 183 180 182 180 180 180 181 177 168 169 169 171 171 171
"190" 221 197 189 185 184 182 182 178 179 178 178 178 179 173 166 167 167 169 169 169
"191" 235 232 202 189 189 188 187 186 187 185 187 185 185 179 170 171 171 172 172 172
"192" 195 192 190 186 186 185 184 183 184 182 183 182 182 177 172 172 172 173 173 173
"193" 245 241 241 238 237 236 235 243 295 238 242 240 288 227 137 155 168 174 174 174
"194" 49 42 51 58 59 65 111 192 198 194 191 193 195 179 172 172 172 173 173 173
"195" 179 50 187 183 182 182 182 195 197 189 182 183 191 176 168 168 169 170 170 170
"196" 170 120 160 175 191 190 189 189 190 188 188 187 188 182 175 175 175 177 177 177
"197" 139 310 278 246 232 227 224 242 270 274 245 251 285 217 177 177 177 183 183 183
"198" 214 207 204 199 197 196 195 195 196 194 192 191 193 187 174 176 175 179 179 179
"199" 233 231 207 203 202 201 200 196 196 196 196 196 196 195 175 179 182 188 188 188
"200" 209 196 195 191 190 189 188 184 184 184 184 184 184 181 173 174 173 175 175 175
"201" 274 71 168 232 232 230 229 244 237 232 230 228 230 197 178 179 179 184 184 184
"202" 207 203 197 187 187 186 185 191 191 188 189 186 188 180 173 172 173 174 174 174
"203" 235 84 197 191 191 191 191 186 186 186 186 186 186 184 176 177 178 179 179 179
"204" 136 77 104 143 139 144 199 194 196 195 197 196 199 188 181 181 181 183 183 183
"205" 219 216 208 204 205 204 204 198 201 200 199 200 201 197 191 191 191 192 192 192
"206" 106 74 100 148 148 162 161 197 199 198 198 198 198 194 188 188 188 189 189 189
"207" 93 78 99 210 207 207 204 201 206 206 206 206 206 197 187 188 188 190 190 190
"208" 211 145 185 181 180 179 178 179 180 179 178 177 178 173 167 167 167 168 168 168
"209" 97 234 206 198 194 193 194 248 244 244 200 193 200 181 174 174 174 176 176 176
"210" 270 266 225 214 214 213 212 277 287 286 208 211 284 200 185 185 186 188 188 188
"211" 230 191 189 186 186 185 185 198 197 190 187 186 190 180 171 172 172 174 174 174
"212" 121 59 118 124 73 116 128 217 218 218 218 218 218 213 176 180 177 188 188 188
"213" 227 175 198 193 149 163 170 187 192 190 190 189 191 184 177 178 178 180 180 180
"214" 302 46 101 105 122 204 201 301 300 297 300 197 298 189 182 182 183 184 184 184
"215" 235 240 203 198 198 197 198 193 196 194 193 193 194 191 184 184 184 185 185 185
"216" 203 164 197 193 193 192 192 189 195 195 195 193 195 189 181 181 181 183 183 183
"217" 229 91 215 211 211 210 210 204 204 204 204 204 204 203 183 187 187 190 190 190
"218" 60 47 66 75 75 89 112 239 258 258 245 258 258 197 186 187 188 189 189 189
"219" 60 47 61 65 79 87 221 178 270 268 196 197 266 184 167 169 169 171 171 171
"220" 257 159 218 165 160 158 162 186 208 211 210 211 212 206 166 177 179 183 183 183
"221" 229 222 215 207 206 205 204 200 201 200 198 198 200 194 164 172 172 176 176 176
"222" 59 53 65 75 79 131 181 177 180 177 177 178 180 175 168 168 168 170 170 170
"223" 240 98 132 133 126 159 168 199 202 201 197 197 199 185 177 177 178 179 179 179
"224" 142 50 191 185 185 185 184 178 178 178 178 178 178 175 170 170 170 171 171 171
"225" 229 68 192 189 188 187 187 188 190 189 188 187 187 181 175 175 175 177 177 177
"226" 289 287 253 217 209 206 204 231 229 230 233 226 237 195 179 180 181 186 186 186
"227" 229 65 81 195 194 193 193 226 194 194 194 194 194 188 178 178 178 180 180 180
"228" 237 52 71 77 81 198 197 195 199 196 195 195 196 191 183 183 184 185 185 185
"229" 246 244 215 210 210 209 209 202 242 211 207 207 236 202 182 185 187 194 194 194
"230" 235 235 201 196 196 194 193 194 241 245 204 201 244 192 183 185 185 187 187 187
"231" 213 51 209 186 186 186 186 183 192 182 182 183 188 177 167 168 168 170 170 170
"232" 80 87 117 136 138 135 140 191 255 248 246 202 248 191 182 182 182 183 183 183
"233" 247 75 121 134 137 133 143 168 198 200 201 197 200 189 164 180 181 182 182 182
"234" 55 49 105 123 131 142 178 276 219 215 216 201 214 189 180 181 181 183 183 183
"235" 267 193 190 186 186 184 183 177 176 176 176 176 176 176 171 172 172 174 174 174
"236" 216 104 188 183 182 181 180 188 187 181 180 178 180 174 166 166 166 168 168 168
"237" 98 60 79 94 100 210 209 206 206 206 206 205 206 179 172 172 172 174 174 174
"238" 69 68 110 155 156 167 170 155 179 180 180 180 180 177 152 156 161 166 166 166
"239" 242 96 117 124 189 188 187 185 188 187 188 185 187 180 172 172 172 174 174 174
"240" 104 235 199 194 194 192 192 187 192 190 190 189 191 183 168 174 174 176 176 176
"241" 238 64 230 228 227 203 203 221 227 228 228 199 228 195 167 167 168 170 170 170
"242" 219 215 212 210 210 210 209 205 208 206 205 205 206 200 174 175 176 178 178 178
"243" 237 66 221 195 197 198 204 211 222 255 231 220 256 176 167 167 167 169 169 169
"244" 198 193 190 185 184 183 183 192 192 192 191 184 187 176 170 170 170 172 172 172
"245" 155 57 199 193 192 192 194 198 198 198 198 198 198 184 175 176 176 178 178 178
"246" 230 69 201 196 196 195 194 187 191 190 189 190 191 185 176 177 177 179 179 179
"247" 152 146 188 184 183 181 181 181 182 181 180 180 181 175 169 169 169 171 171 171
"248" 256 204 249 201 199 198 197 195 200 197 199 196 200 190 181 182 183 184 184 184
"249" 76 62 75 213 214 215 216 209 208 208 208 208 208 208 187 191 192 200 200 200
"250" 70 62 86 128 166 192 190 234 238 190 187 188 198 181 174 175 175 177 177 177
"251" 320 265 264 259 240 208 208 258 257 255 257 202 237 193 171 172 172 174 174 174
"252" 247 220 217 212 203 202 202 217 216 212 214 204 207 193 183 183 183 185 185 185
"253" 212 207 204 199 199 198 197 194 194 192 192 192 192 189 174 174 174 180 180 180
"254" 233 202 200 195 193 192 191 187 189 188 188 188 189 183 175 176 176 178 178 178
"255" 88 62 202 196 196 195 195 191 199 191 191 188 198 181 173 174 174 176 176 176
"256" 119 86 194 190 191 118 122 184 187 187 187 187 188 182 177 177 177 179 179 179
"257" 151 115 144 144 150 183 183 188 190 186 185 183 189 174 168 168 169 170 170 170
"258" 231 202 199 194 192 191 190 189 189 188 189 188 189 184 177 177 177 179 179 179
"259" 188 273 273 216 188 188 186 227 267 266 188 185 199 180 174 174 174 175 175 175
"260" 212 275 234 210 203 201 210 235 243 242 199 196 210 174 165 166 166 167 167 167
"261" 179 165 357 227 222 220 219 220 220 220 199 200 217 194 178 178 179 182 182 182
"262" 134 135 197 191 189 187 186 180 182 182 182 182 182 179 174 173 173 175 175 175
"263" 220 210 209 206 205 205 206 193 197 196 193 195 198 191 170 171 171 172 172 172
"264" 220 190 187 183 183 183 183 176 178 177 177 177 177 175 169 169 169 170 170 170
"265" 275 230 266 221 218 216 217 222 246 247 249 232 261 201 174 176 177 183 183 183
"266" 232 77 196 191 190 189 188 187 189 188 188 187 189 183 176 176 176 178 178 178
"267" 214 189 188 184 183 182 181 180 181 179 179 179 180 175 169 169 170 171 171 171
"268" 145 220 220 192 193 195 213 186 186 186 186 186 186 183 174 175 175 177 177 177
"269" 227 55 194 189 188 187 186 181 183 182 184 184 184 178 172 173 173 174 174 174
"270" 75 48 85 186 186 185 184 181 182 182 182 182 182 181 175 175 175 176 176 176
"271" 240 204 201 197 196 195 195 195 196 194 194 193 194 187 181 181 181 184 184 184
"272" 232 231 206 198 195 193 193 224 205 197 200 196 200 182 174 175 175 177 177 177
"273" 218 190 186 183 181 180 179 178 178 178 178 178 178 174 167 167 167 169 169 169
"274" 180 170 212 208 208 207 207 202 208 205 205 204 208 197 174 175 176 178 178 178
"275" 187 186 188 186 185 183 183 178 182 181 181 181 183 178 171 172 172 173 173 173
"276" 119 123 222 191 190 188 187 185 189 188 190 187 190 181 175 175 175 176 176 176
"277" 192 160 225 239 237 230 227 189 255 249 262 242 241 218 176 178 179 184 184 184
"278" 77 81 236 229 229 228 229 223 229 226 225 225 228 175 167 167 167 169 169 169
"279" 219 151 195 190 190 189 189 187 190 188 188 186 188 181 174 174 174 175 175 175
"280" 300 73 203 198 199 199 202 207 210 210 210 208 210 190 178 179 179 182 182 182
"281" 245 106 198 197 197 196 196 190 190 190 190 190 190 188 182 182 182 184 184 184
"282" 279 91 217 214 119 123 212 202 202 202 202 202 202 202 178 179 179 186 186 186
"283" 75 65 81 107 114 183 182 197 189 180 179 179 181 174 167 168 168 170 170 170
"284" 111 234 238 218 216 216 215 221 220 220 220 220 220 206 176 180 182 189 189 189
"285" 79 60 86 220 220 220 220 216 271 272 270 263 270 213 178 179 179 190 190 190
"286" 119 58 113 120 122 123 120 208 212 212 210 209 212 202 194 195 196 197 197 197
"287" 117 95 127 192 191 191 191 188 189 188 188 188 189 186 176 177 177 179 179 179
"288" 221 216 214 211 211 210 210 212 214 212 212 209 211 204 189 193 192 197 197 197
"289" 118 111 298 221 225 228 232 253 274 276 278 270 282 202 191 192 193 195 195 195
"290" 233 63 194 190 190 189 189 182 182 182 182 182 182 181 173 175 176 177 177 177
"291" 229 234 203 198 198 197 196 177 232 194 193 190 196 174 165 166 166 167 167 167
"292" 226 221 199 193 192 191 190 187 188 188 188 188 188 183 176 177 177 179 179 179
"293" 119 57 69 109 113 115 136 240 244 199 188 187 253 180 176 176 176 177 177 177
"294" 236 77 118 185 185 183 184 179 181 180 180 180 181 175 170 170 171 172 172 172
"295" 254 107 212 208 208 210 210 206 210 210 210 210 210 204 185 185 186 192 192 192
"296" 214 207 208 186 186 188 187 176 176 176 176 176 176 176 170 170 170 171 171 171
"297" 231 229 226 193 193 193 193 230 228 191 190 189 187 184 179 179 179 180 180 180
"298" 255 71 130 139 123 126 147 212 214 213 213 212 215 206 181 184 184 187 187 187
"299" 254 63 193 187 184 181 181 201 188 182 180 177 178 173 167 167 168 169 169 169
"300" 101 116 208 203 203 202 201 198 202 199 198 199 201 191 171 171 171 173 173 173
"301" 241 84 201 192 191 190 189 194 198 194 189 185 193 181 172 172 173 174 174 174
"302" 318 172 205 198 198 197 198 196 223 223 198 197 218 192 182 183 184 186 186 186
"303" 255 228 220 195 192 191 190 218 199 190 192 190 191 183 175 176 176 178 178 178
"304" 136 82 126 146 145 159 168 250 193 188 190 186 188 179 173 172 173 174 174 174
"305" 66 53 69 191 189 189 189 187 191 189 189 188 191 184 178 178 178 180 180 180
"306" 93 86 167 185 185 184 184 195 197 187 186 183 187 175 169 170 170 171 171 171
"307" 251 71 200 195 195 195 195 190 189 188 188 188 188 188 181 182 182 183 183 183
"308" 301 256 256 196 195 195 195 183 191 190 190 190 253 184 176 177 177 179 179 179
"309" 266 244 213 203 203 202 205 329 322 322 325 225 311 178 169 168 168 170 170 170
"310" 233 225 225 221 221 217 212 226 228 228 228 200 227 187 147 162 164 166 166 166
"311" 242 205 195 190 190 190 190 188 191 189 190 188 189 183 178 177 178 179 179 179
"312" 201 191 190 187 186 185 185 182 184 182 182 182 183 178 173 173 173 174 174 174
"313" 89 66 86 98 188 190 193 210 210 208 201 201 205 180 173 173 173 174 174 174
"314" 223 106 224 217 217 210 206 216 224 222 222 217 225 199 179 179 179 181 181 181
"315" 215 213 189 184 184 183 183 176 180 177 179 178 180 174 167 168 168 169 169 169
"316" 217 60 186 184 183 182 182 178 180 180 180 179 180 175 169 169 169 171 171 171
"317" 269 263 219 187 203 202 202 203 205 204 200 191 201 174 164 165 165 167 167 167
"318" 222 58 196 192 191 190 190 184 187 186 186 186 187 182 177 177 177 178 178 178
"319" 218 97 189 186 185 185 184 182 182 182 182 181 182 178 172 172 172 174 174 174
"320" 224 200 194 190 114 105 108 183 184 184 184 184 181 180 139 161 163 173 173 173
"321" 168 140 168 197 196 195 195 192 192 192 192 192 192 188 182 182 182 184 184 184
"322" 214 209 207 204 203 202 201 195 199 197 197 196 198 192 176 176 177 181 181 181
"323" 104 54 81 89 93 100 120 259 254 254 254 218 254 197 175 175 175 179 179 179
"324" 96 58 81 101 103 124 202 196 202 200 200 197 192 191 186 187 188 189 189 189
"325" 133 82 131 135 202 201 200 212 225 231 202 209 237 194 177 178 178 180 180 180
"326" 229 224 224 220 220 219 219 215 218 217 215 215 217 191 171 171 172 174 174 174
"327" 235 238 212 187 186 204 204 204 204 203 201 192 199 177 169 170 170 172 172 172
"328" 94 56 94 97 99 99 114 213 235 239 214 213 241 185 171 173 173 177 177 177
"329" 90 74 99 102 114 114 191 192 192 190 190 190 191 185 179 179 179 181 181 181
"330" 107 103 125 181 180 180 179 180 183 179 178 178 179 171 167 167 167 168 168 168
"331" 106 94 226 202 201 200 199 194 194 194 194 194 194 192 184 184 184 187 187 187
"332" 263 50 222 210 211 211 212 223 226 226 226 226 226 222 180 180 181 184 184 184
"333" 169 74 134 146 142 153 187 181 183 182 182 182 184 178 171 172 172 174 174 174
"334" 58 50 91 184 184 181 181 180 187 184 185 183 184 178 171 171 171 172 172 172
"335" 197 66 203 198 198 198 199 213 204 202 202 202 202 196 174 174 174 176 176 176
"336" 271 191 190 185 184 183 183 178 178 178 178 178 178 176 172 172 172 173 173 173
"337" 232 195 192 187 186 185 184 184 185 183 184 182 183 178 171 171 172 173 173 173
"338" 219 218 192 184 183 182 182 176 183 181 182 181 182 174 166 166 166 168 168 168
"339" 257 258 222 201 201 200 200 178 178 178 178 178 178 178 159 171 171 173 173 173
"340" 109 123 199 195 194 192 191 185 188 186 186 185 187 182 170 173 173 176 176 176
"341" 69 56 190 183 182 182 182 175 181 178 177 177 182 173 164 164 164 166 166 166
"342" 233 227 198 194 194 193 192 189 192 189 190 189 190 186 179 180 179 181 181 181
"343" 150 34 130 195 161 164 191 199 197 194 195 190 194 179 168 169 170 172 172 172
"344" 121 212 207 201 200 199 197 201 202 200 198 195 198 186 171 171 172 174 174 174
"345" 60 49 66 82 72 80 88 199 198 196 196 195 196 191 184 184 184 186 186 186
"346" 33 31 44 53 56 64 92 258 260 264 263 258 267 198 179 184 185 189 189 189
"347" 95 88 109 116 110 110 156 236 256 256 253 197 255 185 176 176 177 178 178 178
"348" 67 77 212 208 208 206 206 202 205 204 203 202 204 190 177 177 178 180 180 180
"349" 220 63 127 203 201 199 198 191 196 192 192 193 196 188 169 169 169 171 171 171
"350" 222 75 216 206 207 207 207 211 210 208 198 199 203 189 175 175 176 178 178 178
"351" 226 66 229 209 196 205 205 201 231 207 198 194 202 185 178 179 179 180 180 180
"352" 251 217 212 203 205 207 209 201 204 204 204 204 204 199 174 175 176 179 179 179
"353" 239 209 208 201 201 202 155 197 202 201 200 193 198 183 133 148 150 160 160 160
"354" 122 101 184 182 182 181 180 173 176 176 175 176 176 174 168 169 169 170 170 170
"355" 239 242 211 206 207 206 206 195 262 262 200 203 262 198 179 180 180 181 181 181
"356" 244 85 205 198 199 199 199 179 178 178 178 178 178 174 170 169 170 171 171 171
"357" 292 263 222 214 214 213 212 204 268 206 206 206 206 203 159 175 185 188 188 188
"358" 47 36 58 224 223 209 208 220 220 220 220 220 220 198 182 187 187 190 190 190
"359" 254 203 201 197 195 195 195 189 197 196 197 194 196 186 175 176 176 178 178 178
"360" 137 75 142 185 185 184 184 178 180 180 180 179 180 174 169 169 169 171 171 171
"361" 194 51 239 204 219 222 223 250 270 270 268 268 274 226 183 184 185 188 188 188
"362" 197 46 190 185 185 184 183 181 183 181 182 181 182 176 171 171 171 173 173 173
"363" 231 199 196 190 188 187 186 187 188 185 186 182 185 178 149 159 168 170 170 170
"364" 100 79 139 275 202 200 198 198 198 198 198 198 198 194 180 183 184 186 186 186
"365" 324 45 228 220 220 219 220 281 283 279 282 255 265 195 182 182 182 183 183 183
"366" 98 90 155 211 211 210 209 204 208 205 203 205 209 197 175 177 177 181 181 181
"367" 148 67 257 210 210 153 143 195 197 198 197 197 200 189 151 169 169 171 171 171
"368" 223 195 193 191 191 189 189 188 190 189 189 187 188 183 178 178 178 179 179 179
"369" 197 194 195 192 190 188 187 186 189 186 186 185 187 180 174 174 174 175 175 175
"370" 170 92 129 145 158 190 190 191 192 189 189 188 188 183 177 177 177 179 179 179
"371" 230 201 197 194 194 192 191 188 191 191 192 191 192 188 179 180 180 182 182 182
"372" 60 58 84 94 98 118 142 263 262 262 262 262 262 210 184 186 188 195 195 195
"373" 249 212 192 189 187 187 187 175 176 176 176 176 176 175 168 169 169 171 171 171
"374" 85 64 86 93 90 101 103 179 184 186 187 188 192 184 153 167 162 173 173 173
"375" 261 261 237 230 228 227 228 190 189 188 188 188 188 188 184 184 184 185 185 185
"376" 373 372 337 195 190 189 188 182 182 182 182 182 182 178 173 173 173 174 174 174
"377" 256 188 186 182 182 181 180 174 174 174 174 174 174 173 167 167 167 168 168 168
"378" 138 90 145 195 172 166 169 184 190 190 190 190 190 185 175 176 177 179 179 179
"379" 47 37 145 151 148 158 178 212 216 213 211 212 214 208 176 184 183 191 191 191
"380" 85 61 86 122 137 123 119 196 198 198 197 195 197 179 170 171 171 172 172 172
"381" 215 92 204 199 199 197 197 193 196 193 191 190 192 182 166 167 167 169 169 169
"382" 299 299 267 184 183 183 183 179 178 178 178 178 178 176 168 168 168 169 169 169
"383" 450 444 440 234 231 203 204 188 243 199 188 188 196 184 168 168 169 173 173 173
"384" 116 108 213 205 192 192 188 175 191 185 184 187 202 178 171 170 171 172 172 172
"385" 263 91 209 204 205 205 206 179 197 199 198 197 204 181 173 174 174 176 176 176
"386" 238 207 202 193 194 193 195 212 250 247 207 199 236 184 171 172 173 176 176 176
"387" 225 196 192 187 187 186 186 191 191 188 188 186 187 181 175 175 175 176 176 176
"388" 229 108 214 194 194 193 192 205 211 204 199 193 199 187 176 179 179 181 181 181
"389" 295 239 236 211 208 206 204 225 225 225 225 225 228 204 176 177 178 183 183 183
"390" 367 361 234 209 208 207 206 202 202 202 202 202 202 196 174 175 176 179 179 179
"391" 84 66 82 90 98 126 203 204 204 202 197 193 197 175 169 169 169 171 171 171
"392" 246 247 210 203 203 201 200 195 256 197 198 197 265 190 180 181 181 183 183 183
"393" 280 277 276 246 225 198 194 291 278 278 278 200 274 178 170 170 171 172 172 172
"394" 144 65 82 91 184 183 179 187 188 185 185 184 185 180 172 172 173 174 174 174
"395" 47 47 61 72 84 87 143 187 186 186 186 186 186 184 176 176 176 178 178 178
"396" 213 212 208 201 201 199 199 175 178 178 178 178 178 174 167 167 168 169 169 169
"397" 214 205 202 195 195 193 193 189 192 189 183 180 189 173 165 165 166 167 167 167
"398" 107 103 125 132 131 137 157 253 210 188 188 184 185 176 170 170 170 171 171 171
"399" 96 252 247 240 240 240 239 202 238 238 207 238 238 187 169 170 170 171 171 171
"400" 240 196 193 189 190 189 188 181 182 182 182 182 182 179 173 173 173 175 175 175
"401" 115 229 208 202 201 201 201 194 199 198 199 199 207 196 185 188 187 190 190 190
"402" 207 70 201 199 198 197 197 192 192 192 192 192 192 190 179 181 182 184 184 184
"403" 252 141 219 215 215 214 213 208 208 208 208 208 208 201 170 170 171 173 173 173
"404" 175 192 189 184 184 183 183 177 182 180 180 180 181 177 168 169 169 171 171 171
"405" 90 94 216 191 184 189 206 206 213 210 183 180 201 173 166 166 166 168 168 168
"406" 200 190 189 185 185 184 184 179 180 180 180 180 180 175 165 167 168 170 170 170
"407" 235 76 193 187 186 185 184 181 182 182 182 182 182 178 173 172 173 174 174 174
"408" 179 61 270 201 201 200 201 199 270 270 198 196 270 191 180 181 182 184 184 184
"409" 156 70 107 125 125 147 161 253 271 276 263 261 296 235 181 192 191 196 196 196
"410" 219 194 189 186 184 183 182 180 182 181 181 180 181 176 171 171 171 172 172 172
"411" 99 75 95 105 115 123 132 184 184 184 184 184 184 181 176 176 176 177 177 177
"412" 73 46 76 127 255 225 216 275 280 277 278 276 278 237 187 187 187 189 189 189
"413" 81 75 93 103 98 110 108 186 188 187 187 186 187 181 160 166 168 173 173 173
"414" 275 171 234 229 229 228 227 236 236 234 235 231 233 219 179 183 184 188 188 188
"415" 243 244 215 205 204 203 202 192 196 194 193 194 196 191 175 175 176 178 178 178
"416" 292 194 192 188 188 187 187 185 193 191 192 189 193 181 172 172 173 175 175 175
"417" 288 81 97 229 120 219 218 293 287 286 288 269 262 175 168 168 168 170 170 170
"418" 217 210 208 202 201 200 200 203 203 200 198 198 200 196 186 188 189 190 190 190
"419" 430 238 241 211 211 211 209 293 295 294 296 292 296 200 173 174 175 178 178 178
"420" 242 47 205 200 197 196 194 187 192 191 191 189 191 185 175 175 175 177 177 177
"421" 58 58 190 186 186 186 186 180 184 180 179 179 178 178 170 171 171 172 172 172
"422" 231 227 225 196 194 193 192 210 197 193 194 189 195 183 175 176 177 178 178 178
"423" 280 276 232 190 190 190 190 233 233 228 203 201 206 183 175 174 175 175 175 175
"424" 225 226 205 196 193 191 190 187 188 187 187 186 188 182 173 174 175 176 176 176
"425" 82 91 228 130 114 127 201 217 221 217 199 193 195 186 173 172 173 176 176 176
"426" 183 85 199 194 194 192 192 188 189 189 189 188 190 185 163 165 165 169 169 169
"427" 228 228 221 195 195 193 193 192 192 192 192 192 192 187 180 181 181 182 182 182
"428" 230 147 193 189 188 187 188 180 180 180 180 180 180 179 170 171 172 173 173 173
"429" 155 200 200 189 189 190 189 205 207 212 206 197 202 176 169 170 170 171 171 171
"430" 180 193 245 243 243 239 239 357 316 303 319 282 283 237 181 186 187 195 195 195
"431" 219 219 216 212 213 212 212 212 216 212 207 178 212 171 166 165 166 167 167 167
"432" 223 192 189 186 185 183 183 180 180 180 180 180 180 176 169 170 170 172 172 172
"433" 118 110 204 197 197 196 196 186 193 190 190 190 193 187 180 181 181 182 182 182
"434" 66 48 78 80 80 80 196 206 204 195 193 192 194 185 178 179 179 181 181 181
"435" 216 214 192 189 187 186 186 183 186 186 186 185 186 178 168 171 172 174 174 174
"436" 104 106 155 178 183 174 196 194 196 195 195 194 195 190 178 181 181 185 185 185
"437" 225 221 217 213 212 211 210 192 211 208 209 204 207 189 179 180 180 182 182 182
"438" 173 80 97 126 122 129 149 365 358 354 354 296 336 213 172 172 173 175 175 175
"439" 143 51 76 74 75 103 116 193 192 192 192 192 192 192 169 170 170 177 177 177
"440" 72 48 59 70 77 101 107 210 209 209 215 202 211 192 183 184 184 186 186 186
"441" 48 50 88 84 88 108 120 178 178 178 178 178 178 173 167 168 168 169 169 169
"442" 85 58 81 121 211 209 208 226 217 211 210 207 209 188 176 177 177 180 180 180
"443" 249 46 251 215 215 191 208 182 223 220 187 184 190 178 173 173 173 175 175 175
"444" 223 52 192 188 188 186 184 184 186 185 185 183 183 178 172 172 172 174 174 174
"445" 207 205 205 201 201 200 200 196 199 198 196 196 197 181 169 171 171 174 174 174
"446" 83 56 78 82 77 79 109 424 262 198 195 197 198 181 174 175 175 177 177 177
"447" 232 225 225 188 186 186 186 214 218 218 218 196 218 177 170 170 170 172 172 172
"448" 83 196 194 191 191 190 190 184 186 186 186 186 186 181 174 174 174 176 176 176
"449" 54 52 68 71 141 166 201 199 200 200 200 200 200 192 184 184 185 187 187 187
"450" 229 186 187 185 184 183 182 178 182 182 182 181 182 177 170 171 171 172 172 172
"451" 222 221 196 190 190 188 188 181 185 183 185 184 186 180 166 172 172 174 174 174
"452" 402 126 227 212 204 206 203 216 214 214 214 214 214 187 169 169 170 171 171 171
"453" 126 112 214 194 193 192 191 182 182 182 182 182 182 181 170 171 172 175 175 175
"454" 227 195 195 189 187 186 185 182 182 182 182 182 182 177 171 171 172 173 173 173
"455" 235 91 121 194 194 193 193 197 196 194 194 192 194 182 173 173 173 175 175 175
"456" 214 185 183 179 179 178 177 174 177 176 176 176 177 171 167 166 167 167 167 167
"457" 226 225 221 194 192 191 191 177 183 183 183 182 184 180 173 173 173 174 174 174
"458" 69 71 224 200 201 201 200 182 200 197 188 186 196 182 171 172 173 175 175 175
"459" 143 94 193 190 190 189 189 184 189 186 185 186 190 183 177 177 177 179 179 179
"460" 218 214 189 182 182 179 179 199 187 183 183 179 182 173 167 167 167 168 168 168
"461" 231 89 252 184 184 184 183 174 174 174 174 174 174 174 167 168 168 169 169 169
"462" 265 56 224 214 212 211 209 236 236 236 236 216 223 196 187 188 188 190 190 190
"463" 233 54 143 147 141 143 164 198 193 189 189 183 193 175 167 168 168 169 169 169
"464" 75 55 73 84 95 110 185 197 201 196 194 186 192 177 170 170 170 171 171 171
"465" 231 231 197 190 190 190 190 265 258 258 258 192 234 184 174 176 176 178 178 178
"466" 249 55 214 210 63 68 209 204 204 204 204 204 204 201 191 193 194 195 195 195
"467" 164 136 175 174 160 160 174 221 226 226 226 226 226 220 158 171 169 184 184 184
"468" 224 98 195 188 188 186 185 183 196 182 181 182 187 178 172 172 172 173 173 173
"469" 247 209 208 204 204 203 203 195 199 197 196 196 196 193 158 166 167 170 170 170
"470" 178 119 142 159 152 168 178 232 259 234 233 229 235 206 187 195 195 199 199 199
"471" 256 251 247 187 188 186 184 176 176 176 176 176 176 176 170 170 171 172 172 172
"472" 225 198 193 190 190 188 188 183 186 184 183 183 184 180 174 174 175 176 176 176
"473" 219 216 214 211 210 209 209 208 212 209 208 206 209 182 173 174 174 175 175 175
"474" 83 90 112 116 118 134 195 188 191 191 192 192 193 188 179 181 182 183 183 183
"475" 81 71 93 112 111 118 125 203 207 206 203 194 209 189 167 168 168 175 175 175
"476" 269 185 184 181 181 180 179 178 178 178 178 178 178 173 167 167 167 169 169 169
"477" 360 93 110 110 103 103 96 244 241 244 236 229 241 205 155 170 159 186 186 186
"478" 251 87 223 207 205 205 205 239 218 213 214 213 213 193 181 183 183 186 186 186
"479" 214 213 207 186 185 184 184 179 182 182 182 181 182 177 170 170 170 172 172 172
"480" 236 199 200 196 194 193 192 188 188 188 188 187 188 184 174 177 177 179 179 179
"481" 210 56 123 198 198 196 196 197 198 197 197 196 197 192 178 179 179 182 182 182
"482" 199 192 192 187 187 186 186 183 185 183 184 184 184 178 172 172 173 174 174 174
"483" 250 202 197 190 188 186 185 180 184 184 184 184 184 180 173 173 174 174 174 174
"484" 239 238 195 185 185 184 184 187 188 186 186 183 185 175 170 170 170 171 171 171
"485" 235 81 198 191 191 189 189 187 188 188 188 185 188 180 170 171 172 174 174 174
"486" 88 91 110 126 126 139 190 188 193 189 188 189 192 184 177 178 178 179 179 179
"487" 256 82 246 235 220 215 210 182 182 182 182 182 182 182 175 177 177 179 179 179
"488" 239 148 194 189 188 186 185 182 189 187 186 183 185 177 173 172 173 174 174 174
"489" 169 125 159 204 204 203 201 199 198 198 198 198 198 194 180 180 180 182 182 182
"490" 211 52 185 183 183 181 181 178 178 178 178 178 178 174 169 169 169 170 170 170
"491" 244 87 191 184 184 183 183 185 180 180 180 180 180 175 170 170 170 172 172 172
"492" 229 206 201 196 195 193 191 191 193 189 187 188 189 184 175 176 177 179 179 179
"493" 146 200 196 191 191 190 190 183 186 186 186 186 186 181 173 174 174 176 176 176
"494" 286 239 286 224 225 225 226 253 275 276 280 273 280 186 176 176 177 178 178 178
"495" 241 84 105 201 200 199 198 188 194 193 194 193 196 190 163 181 182 183 183 183
"496" 210 57 140 159 198 159 197 191 195 194 194 193 194 187 171 171 172 177 177 177
"497" 243 109 240 207 205 205 205 200 199 198 198 198 198 196 170 171 171 176 176 176
"498" 76 152 293 215 215 214 167 196 237 286 199 201 283 186 152 163 165 168 168 168
"499" 249 148 208 200 199 200 198 183 191 190 189 189 193 184 120 145 159 174 174 174
"500" 244 201 199 195 194 193 192 189 188 188 188 188 188 186 178 179 179 181 181 181
