"max_pca1" "max_pca2" "max_pca3" "max_pca5" "max_pca10" "max_pca20" "max_pca40" "min_pca1" "min_pca2" "min_pca3" "min_pca5" "min_pca10" "min_pca20" "min_pca40" "tpca0.8" "tpca0.9" "tpca0.95" "tpca0.99" "tpca0.995" "tpca0.999"
"1" 472 471 955 955 955 955 955 178 177 177 176 176 177 173 177 178 179 172 172 172
"2" 119 57 95 98 94 561 955 224 200 197 196 195 185 178 196 199 201 173 174 174
"3" 955 955 955 955 955 955 955 180 182 179 176 178 180 166 182 186 189 163 164 164
"4" 302 48 955 955 955 251 245 213 202 201 202 201 201 195 201 203 209 186 186 186
"5" 59 49 64 73 86 91 190 247 231 221 210 210 210 198 212 221 222 186 183 184
"6" 753 167 955 955 955 870 873 191 190 190 191 191 190 186 189 190 192 178 178 178
"7" 181 136 955 955 955 955 955 186 185 184 183 185 184 177 181 187 189 172 172 172
"8" 439 513 955 955 955 955 955 180 179 179 179 179 179 175 180 183 186 172 172 172
"9" 43 33 43 82 100 107 127 179 179 175 177 177 176 173 174 176 184 169 170 170
"10" 131 74 132 955 134 849 855 180 182 181 183 185 183 177 180 204 210 171 171 171
"11" 176 240 729 955 955 955 955 208 208 203 202 202 201 194 202 204 209 176 177 177
"12" 407 955 955 955 955 955 955 343 259 241 239 242 238 183 255 260 264 171 172 172
"13" 628 633 955 955 955 955 955 198 197 195 194 196 196 191 196 199 208 175 176 176
"14" 184 90 955 955 955 955 955 165 167 165 165 167 165 162 164 167 171 161 162 162
"15" 187 50 955 955 732 268 265 193 191 185 189 190 189 171 180 193 195 167 168 167
"16" 855 955 955 955 955 664 650 170 169 170 170 170 170 167 169 170 172 164 164 164
"17" 45 75 955 955 955 955 255 171 171 171 171 171 171 168 169 172 173 165 165 165
"18" 494 955 955 955 955 955 955 184 183 183 183 183 183 180 183 185 193 177 177 177
"19" 415 418 955 955 955 955 955 200 189 183 184 186 183 180 183 188 190 175 176 176
"20" 118 45 121 130 782 692 693 188 187 186 187 187 187 183 188 189 190 177 177 178
"21" 248 248 300 312 955 955 955 194 185 184 183 180 177 167 179 185 187 163 163 164
"22" 837 84 955 955 955 955 955 164 169 169 165 170 170 161 165 171 172 160 160 160
"23" 65 49 62 70 77 95 133 204 204 204 204 205 204 193 204 205 217 175 175 176
"24" 763 779 955 955 955 955 955 170 172 172 173 173 174 171 173 174 177 166 167 167
"25" 690 150 734 955 955 955 955 168 167 167 167 168 168 165 168 170 172 162 162 162
"26" 40 41 109 112 125 130 955 176 177 178 177 178 178 175 176 178 183 172 172 172
"27" 149 138 955 955 955 955 955 196 195 194 193 193 183 178 192 194 195 173 174 174
"28" 955 131 955 955 955 955 955 242 219 216 216 216 214 200 218 240 247 175 177 178
"29" 131 91 141 824 955 955 955 168 168 168 168 168 168 164 167 169 172 163 163 163
"30" 250 82 108 955 178 171 168 197 197 196 196 197 196 191 196 196 197 182 183 183
"31" 72 34 77 84 89 100 955 186 187 185 185 186 186 182 185 189 190 176 176 176
"32" 188 262 955 955 955 338 955 174 173 173 173 172 173 169 172 174 176 166 166 166
"33" 636 158 772 774 769 768 768 233 225 224 224 225 223 181 225 227 234 174 174 175
"34" 166 209 955 807 803 800 805 193 191 190 189 187 176 170 188 191 191 168 168 168
"35" 89 64 85 95 96 109 130 177 178 179 179 179 179 176 179 180 183 169 169 169
"36" 461 50 955 955 955 955 955 195 192 191 185 190 187 179 190 194 195 174 173 174
"37" 955 955 955 955 955 955 955 176 178 178 178 179 180 176 178 185 194 172 172 172
"38" 129 105 156 175 181 183 198 172 172 172 171 173 174 171 173 175 174 164 164 164
"39" 955 512 955 955 955 955 955 196 192 187 186 187 187 183 187 190 192 178 178 179
"40" 415 82 955 955 955 955 955 192 176 170 167 169 168 164 169 172 172 162 162 162
"41" 630 645 948 955 869 871 872 204 191 189 185 188 187 178 188 190 194 166 167 167
"42" 87 65 87 126 124 130 134 204 200 191 177 186 179 173 185 198 198 170 170 171
"43" 251 437 955 955 955 955 955 183 173 171 170 173 172 167 171 174 177 166 166 166
"44" 500 130 955 955 385 376 381 186 186 186 184 185 185 182 185 186 187 170 170 170
"45" 84 59 92 112 126 132 428 165 167 168 169 169 170 166 169 171 173 163 163 163
"46" 77 47 64 100 109 955 955 171 171 170 171 172 171 168 170 172 173 165 165 165
"47" 209 679 955 955 955 955 955 191 188 184 184 184 183 179 184 186 189 171 171 172
"48" 883 955 955 955 955 955 955 172 173 169 168 169 169 161 168 172 175 160 160 160
"49" 536 474 955 955 955 397 955 191 188 186 182 183 183 175 182 188 190 171 171 171
"50" 737 179 955 955 955 955 955 350 322 214 213 211 211 197 214 351 357 187 188 188
"51" 366 730 955 955 955 316 955 187 180 177 177 177 176 172 176 178 183 170 170 170
"52" 373 325 955 955 469 447 445 182 182 182 182 181 181 178 182 182 184 174 174 174
"53" 108 70 89 95 955 955 264 206 201 196 191 197 190 176 190 199 203 170 170 170
"54" 157 138 955 153 955 955 955 192 188 186 188 192 186 180 183 194 221 175 176 176
"55" 247 291 955 955 955 955 955 193 194 192 191 192 193 181 192 194 201 172 173 173
"56" 560 563 646 955 955 955 955 190 190 189 189 189 188 181 189 191 193 174 174 174
"57" 86 61 78 87 718 708 707 190 177 169 169 171 172 166 172 182 192 163 163 164
"58" 87 77 102 108 143 836 835 174 170 169 168 169 169 165 170 171 172 163 163 163
"59" 132 403 955 955 955 955 955 206 197 183 173 180 174 167 193 198 206 164 164 164
"60" 478 174 955 955 955 955 955 244 241 238 197 238 226 184 205 242 246 177 177 177
"61" 628 102 955 955 955 955 955 208 208 207 205 206 206 183 207 208 212 173 175 175
"62" 517 586 955 955 955 750 955 171 170 169 169 169 169 167 170 171 172 164 165 165
"63" 107 62 97 107 124 134 139 215 210 209 208 209 207 166 208 211 211 163 163 163
"64" 246 525 955 955 955 955 955 186 186 184 185 185 183 177 181 186 199 175 175 175
"65" 938 955 955 955 955 955 955 182 183 185 184 186 191 181 185 215 215 173 174 175
"66" 955 62 85 955 955 955 955 196 193 192 192 192 191 187 193 195 195 182 182 182
"67" 325 955 955 955 955 955 955 191 179 180 179 180 180 176 179 186 191 171 171 171
"68" 143 402 442 446 445 955 955 185 183 177 178 182 182 174 178 184 187 170 170 170
"69" 111 85 108 118 116 137 143 195 198 199 202 206 206 196 198 208 212 188 189 189
"70" 772 955 955 955 955 955 955 190 189 184 182 182 182 178 182 188 189 178 178 178
"71" 195 547 955 955 955 955 955 194 175 173 174 174 172 168 173 175 177 165 165 165
"72" 400 734 955 955 742 737 740 179 178 178 178 178 178 174 178 179 181 169 169 169
"73" 119 125 955 955 955 955 955 187 189 188 189 189 188 181 189 192 194 174 175 175
"74" 118 50 107 118 122 126 143 224 224 224 224 232 226 221 226 249 252 184 185 185
"75" 250 236 261 272 955 955 955 206 195 195 195 194 185 174 182 194 195 168 169 169
"76" 77 100 955 955 955 955 955 191 188 187 187 187 186 181 187 188 192 171 171 171
"77" 253 287 683 955 431 423 429 169 169 169 170 170 170 166 170 172 174 163 163 163
"78" 160 69 143 154 160 168 188 177 177 176 176 178 177 173 177 179 180 169 169 169
"79" 77 86 955 955 955 196 955 201 199 199 198 199 199 189 199 200 200 176 177 177
"80" 919 65 955 955 955 955 955 247 199 198 198 198 196 190 196 199 206 179 179 179
"81" 87 52 69 79 85 94 147 181 182 183 183 184 183 180 183 185 187 175 176 176
"82" 99 67 110 129 145 130 169 183 183 182 182 184 183 180 182 185 186 177 177 177
"83" 95 95 955 955 955 955 955 177 173 171 170 173 174 166 172 176 178 164 164 164
"84" 109 62 78 86 112 955 955 204 200 187 196 197 184 174 188 200 202 166 167 167
"85" 68 59 78 88 101 592 955 176 173 173 174 174 173 169 174 175 176 165 166 166
"86" 188 162 955 199 182 168 181 242 196 186 185 186 186 180 185 199 234 167 166 164
"87" 134 110 135 141 142 157 168 172 174 174 175 176 176 171 175 177 179 166 167 167
"88" 189 869 955 955 955 955 955 211 208 202 198 198 196 191 197 199 207 180 181 180
"89" 471 72 91 98 112 955 955 187 187 187 186 187 187 181 187 188 189 171 172 172
"90" 645 49 955 955 955 955 955 172 171 172 172 172 172 169 171 173 174 166 167 167
"91" 169 144 203 241 255 272 292 205 199 189 189 189 187 182 190 200 207 172 172 173
"92" 350 357 371 377 405 412 414 196 180 178 178 196 194 174 177 196 199 172 172 172
"93" 300 955 955 955 955 955 955 243 196 189 192 189 188 183 189 199 202 175 175 175
"94" 99 51 90 123 128 128 130 178 180 180 181 182 182 178 182 204 214 173 174 174
"95" 955 445 955 955 955 444 446 205 182 180 178 176 174 166 180 182 186 165 165 165
"96" 600 66 955 595 584 575 576 183 182 182 182 182 182 178 182 183 184 175 175 175
"97" 124 53 955 955 728 954 949 178 179 180 181 181 180 176 178 180 182 172 172 172
"98" 175 189 955 955 955 454 441 175 174 173 173 173 174 171 174 176 180 167 168 168
"99" 229 240 955 955 944 955 955 180 179 178 179 179 178 175 178 179 180 171 171 171
"100" 588 60 955 955 955 410 955 192 183 171 172 171 170 166 174 185 188 163 163 164
"101" 264 267 459 443 419 405 407 183 181 179 179 179 178 175 179 181 183 172 172 172
"102" 955 90 955 955 955 955 955 188 178 175 175 175 174 163 175 176 178 161 161 161
"103" 173 161 955 952 955 955 955 236 208 183 173 179 182 170 185 223 227 168 168 168
"104" 830 53 955 955 955 955 955 218 194 189 187 195 189 178 187 191 195 172 172 172
"105" 377 69 258 254 238 198 197 185 193 181 176 197 197 169 174 200 203 167 167 167
"106" 389 316 955 323 304 298 302 216 213 211 211 215 214 187 194 215 218 181 181 182
"107" 89 45 93 955 98 955 291 202 236 236 290 295 277 199 275 302 310 187 187 188
"108" 58 48 955 955 955 955 955 196 193 191 191 189 187 181 190 193 194 173 174 175
"109" 576 955 955 955 955 955 955 188 181 181 182 183 182 178 182 183 184 169 170 170
"110" 347 77 955 955 573 568 155 173 172 171 170 171 171 168 171 172 174 165 165 165
"111" 487 495 955 955 955 955 955 196 193 191 188 191 189 182 191 193 196 177 177 177
"112" 401 439 955 955 955 955 955 190 188 187 188 187 186 174 187 188 188 168 168 168
"113" 925 955 955 955 955 955 955 168 168 168 168 168 168 165 167 169 170 163 163 163
"114" 452 451 955 955 955 955 955 173 171 170 170 171 171 167 171 173 175 165 165 165
"115" 43 44 155 155 122 109 117 181 182 183 183 183 183 179 182 184 189 173 173 174
"116" 176 122 145 156 154 160 170 185 185 180 180 185 184 173 179 186 187 167 168 168
"117" 124 75 94 110 113 132 158 183 181 179 180 180 179 176 180 181 183 173 173 173
"118" 102 87 124 135 136 944 948 197 196 195 184 185 184 178 196 198 199 174 174 174
"119" 275 955 955 955 736 731 734 211 216 215 220 218 215 201 215 227 230 192 193 193
"120" 891 153 955 955 955 955 955 206 195 186 185 191 182 176 180 197 204 173 173 174
"121" 167 67 116 131 124 127 164 233 227 192 191 195 192 183 193 199 238 170 171 171
"122" 326 180 955 955 162 146 121 194 192 191 192 191 190 185 190 192 193 177 177 177
"123" 96 59 93 109 113 121 955 184 185 183 184 186 181 171 183 184 186 167 167 167
"124" 354 68 373 373 377 372 375 177 176 176 176 176 177 173 176 178 179 168 169 169
"125" 467 933 955 955 955 408 403 185 183 175 176 183 182 167 180 184 189 162 162 162
"126" 66 42 91 103 113 122 135 223 191 189 191 192 186 181 186 191 198 174 175 176
"127" 955 105 955 955 955 955 955 204 203 202 200 203 200 171 188 201 204 165 165 165
"128" 50 49 955 955 955 955 955 180 175 170 171 171 171 167 171 172 175 164 164 164
"129" 263 556 955 955 955 955 955 180 173 171 170 170 170 166 170 172 176 165 165 165
"130" 955 107 955 955 955 955 955 187 186 186 186 186 185 181 185 187 188 175 176 176
"131" 246 82 297 325 327 550 548 172 172 172 172 173 173 169 174 175 176 166 166 167
"132" 104 85 705 740 955 955 955 191 184 180 176 181 179 168 178 182 184 166 166 166
"133" 78 66 83 86 115 113 135 191 192 192 191 192 192 181 192 195 196 168 168 169
"134" 770 485 955 955 955 779 771 172 174 174 173 178 180 169 174 183 183 164 164 164
"135" 175 114 142 150 152 179 200 177 178 178 178 179 179 175 177 179 180 175 174 174
"136" 412 473 476 484 490 482 497 193 190 186 185 185 185 182 184 185 187 178 177 179
"137" 207 955 955 955 955 955 496 240 235 225 234 226 224 218 225 239 249 197 197 200
"138" 151 110 138 955 955 955 955 204 204 202 197 199 199 177 198 204 206 173 173 173
"139" 701 955 955 955 955 955 955 182 182 182 184 183 181 174 178 182 185 166 166 166
"140" 117 112 128 137 135 135 158 203 201 200 197 199 198 190 199 202 203 180 179 180
"141" 242 62 75 76 72 77 77 185 184 184 184 184 184 178 184 185 187 171 171 171
"142" 292 937 955 955 955 955 955 108 179 180 179 180 182 177 180 182 185 162 162 159
"143" 480 955 955 955 955 955 955 197 184 178 177 181 180 169 181 184 187 163 163 163
"144" 147 126 152 164 157 166 196 198 189 187 181 187 188 174 187 194 197 168 168 168
"145" 955 955 955 955 955 955 955 203 200 200 200 200 198 184 200 201 201 170 170 170
"146" 101 55 85 856 840 922 955 192 190 191 190 190 191 181 191 196 197 170 170 170
"147" 178 184 922 955 770 772 897 200 200 188 191 188 187 172 200 204 215 167 167 167
"148" 150 57 135 955 955 146 133 185 184 183 182 182 183 179 184 185 187 170 171 171
"149" 199 41 955 955 955 955 955 193 190 189 189 190 189 183 188 190 190 172 173 173
"150" 763 955 955 955 955 573 955 383 313 244 244 244 241 234 241 244 246 180 181 181
"151" 410 73 146 893 896 177 188 173 177 179 181 183 183 175 177 182 188 166 166 166
"152" 411 407 955 955 955 955 702 185 183 183 183 184 184 181 183 184 185 179 179 179
"153" 104 62 94 113 118 133 542 172 178 176 173 172 170 166 170 178 180 163 163 163
"154" 955 955 955 955 955 955 955 197 197 196 196 195 195 191 196 197 197 185 185 185
"155" 110 120 955 955 955 155 154 183 184 183 183 183 182 169 176 183 188 166 166 166
"156" 119 87 103 113 104 104 132 184 183 183 183 183 182 180 182 183 183 177 177 177
"157" 220 226 955 955 386 385 388 177 195 195 194 194 196 189 195 197 199 172 172 172
"158" 175 926 955 955 639 638 646 212 213 210 212 209 207 183 209 212 213 176 176 176
"159" 98 87 757 778 751 742 742 190 189 189 189 189 189 183 188 189 190 175 175 175
"160" 315 105 126 955 196 772 776 183 183 183 184 184 184 180 182 183 185 168 168 169
"161" 643 111 955 955 955 955 955 184 199 197 197 198 196 179 188 201 240 168 168 168
"162" 336 461 481 955 955 955 955 186 188 186 186 187 186 178 185 188 190 170 170 170
"163" 326 660 696 666 672 671 676 183 181 180 180 180 179 174 178 181 183 172 172 172
"164" 726 52 955 955 955 955 955 172 171 171 170 171 171 166 171 172 172 163 163 163
"165" 58 43 57 68 80 955 955 197 195 182 178 186 192 165 180 196 200 162 163 163
"166" 460 955 955 955 955 955 955 174 175 175 176 176 176 172 175 176 178 169 169 169
"167" 278 955 955 955 955 311 313 178 175 175 174 175 174 171 174 175 177 168 169 169
"168" 190 955 955 955 955 955 955 184 181 181 181 181 181 178 182 183 183 173 174 175
"169" 197 55 955 955 955 955 955 277 235 213 236 208 202 196 236 260 262 175 176 175
"170" 243 99 130 143 909 909 955 190 194 194 193 195 196 180 194 196 198 170 170 170
"171" 699 955 955 955 955 955 955 201 200 193 193 192 192 186 192 202 204 180 180 180
"172" 220 75 142 158 156 146 147 187 185 183 183 184 183 180 182 184 186 171 172 173
"173" 749 113 170 799 955 835 955 191 189 186 185 187 186 175 186 189 192 171 171 171
"174" 310 955 955 955 820 809 810 183 181 177 178 180 175 171 173 176 181 165 165 165
"175" 228 672 955 955 955 955 955 185 183 182 182 182 181 178 181 183 183 176 176 176
"176" 477 448 546 554 547 955 955 205 205 200 199 202 201 189 197 202 204 160 165 167
"177" 188 75 238 955 202 206 233 238 205 204 203 204 203 198 202 205 205 174 175 176
"178" 859 955 955 955 955 955 955 179 180 178 178 179 178 174 179 181 183 171 171 171
"179" 340 955 955 955 556 529 534 215 213 211 200 200 210 183 212 214 215 169 170 170
"180" 771 74 955 955 955 955 955 246 220 214 194 222 191 175 199 216 240 173 173 173
"181" 148 89 116 111 112 122 133 186 181 179 177 180 180 171 181 183 186 169 169 169
"182" 228 325 511 513 526 488 489 217 219 218 220 220 219 191 218 225 227 171 173 174
"183" 313 147 955 955 955 175 168 179 180 180 180 181 182 178 181 182 184 173 174 174
"184" 823 62 829 955 834 828 955 196 194 193 192 194 192 177 191 192 193 173 173 173
"185" 174 49 955 955 955 424 427 171 178 172 173 171 170 166 172 180 183 163 163 163
"186" 158 106 128 160 158 155 955 201 192 186 185 184 185 181 185 187 196 168 168 169
"187" 955 111 152 955 955 154 955 172 171 171 170 170 171 168 171 172 174 164 164 165
"188" 324 473 955 955 955 955 375 182 184 185 186 183 185 180 184 186 187 174 173 173
"189" 168 170 206 240 955 955 955 174 168 166 165 167 166 162 165 168 171 161 161 161
"190" 455 460 955 955 955 955 955 193 192 192 191 192 191 185 191 192 193 170 170 170
"191" 357 372 955 955 955 955 955 171 172 171 171 172 172 167 170 173 187 165 165 165
"192" 403 432 560 568 547 560 589 216 211 208 211 211 207 196 198 211 248 181 181 181
"193" 192 191 955 955 955 955 591 195 195 195 195 194 195 190 194 196 196 170 167 167
"194" 49 42 51 58 59 65 111 184 180 178 177 178 176 172 175 178 183 169 170 170
"195" 288 50 955 955 955 955 955 254 217 215 215 214 214 188 201 217 216 166 166 166
"196" 170 120 160 174 188 197 507 219 221 221 221 223 221 213 219 224 225 195 197 198
"197" 139 267 955 955 955 955 955 180 179 173 173 175 173 168 173 179 181 167 167 167
"198" 307 288 955 955 379 373 358 195 178 176 175 175 175 171 175 178 193 169 169 169
"199" 735 805 955 955 802 955 955 171 170 170 169 169 169 166 169 170 172 165 165 165
"200" 201 216 955 955 955 955 955 192 175 173 172 173 172 169 172 174 175 168 168 168
"201" 955 71 168 955 955 955 955 247 240 218 211 215 214 200 216 239 241 183 183 183
"202" 510 955 955 955 955 955 955 183 169 167 168 168 167 163 167 169 172 162 162 162
"203" 724 84 955 955 955 955 955 209 189 184 183 184 183 179 186 191 208 175 175 175
"204" 136 77 104 143 139 144 955 197 196 196 196 197 197 189 195 199 208 182 182 182
"205" 796 955 955 955 955 955 955 204 208 193 186 192 188 178 187 204 222 168 169 169
"206" 106 74 100 148 148 162 161 189 188 188 188 188 187 184 186 188 189 178 179 180
"207" 93 78 99 955 481 472 475 183 182 182 183 183 181 178 181 183 183 173 173 173
"208" 328 145 955 955 955 539 534 188 186 185 185 184 184 169 185 187 188 162 163 163
"209" 97 851 955 955 955 955 955 188 188 187 186 187 186 178 187 189 190 169 171 171
"210" 955 955 955 955 955 955 955 180 175 175 174 175 175 172 175 177 187 170 170 170
"211" 431 242 955 955 955 955 955 187 187 187 187 188 187 184 187 188 189 176 177 177
"212" 121 59 118 124 73 116 128 185 184 183 182 183 182 172 181 184 187 167 167 167
"213" 869 955 955 955 149 163 170 210 211 204 204 205 204 194 204 217 223 183 184 184
"214" 846 46 101 105 122 955 955 193 192 191 191 191 191 187 192 193 193 180 181 182
"215" 955 763 955 955 897 888 890 167 166 166 165 166 167 164 166 167 168 164 164 164
"216" 762 164 955 955 955 955 374 175 177 178 178 178 178 174 176 179 181 171 172 172
"217" 304 91 955 955 955 955 583 177 176 175 174 175 175 164 174 176 178 161 162 162
"218" 60 47 66 75 75 89 112 172 173 173 173 173 174 170 173 177 187 166 166 166
"219" 60 47 61 65 79 87 955 184 186 186 186 187 187 181 185 188 189 178 177 178
"220" 325 159 404 170 160 158 163 174 167 166 165 168 167 161 173 188 194 160 160 160
"221" 435 474 518 542 955 754 761 240 236 210 195 238 234 169 173 238 239 162 163 164
"222" 59 53 65 75 79 131 672 213 200 197 195 198 196 183 194 198 199 177 177 177
"223" 436 98 132 133 126 159 168 203 203 190 186 187 187 181 187 200 203 177 177 177
"224" 142 50 526 527 523 522 527 224 225 212 213 213 212 204 220 229 230 192 193 193
"225" 196 68 955 955 955 955 955 203 200 190 189 198 186 175 186 199 200 168 169 169
"226" 325 326 955 955 334 327 324 174 174 174 174 175 174 171 174 175 178 167 167 167
"227" 250 65 81 955 955 955 955 188 187 186 185 186 186 179 187 188 190 170 170 170
"228" 955 52 71 77 81 912 912 190 193 189 187 193 192 177 187 206 212 170 170 170
"229" 322 342 944 955 940 936 944 177 181 182 183 186 185 178 181 187 190 172 172 172
"230" 268 384 955 955 955 955 955 185 182 179 177 179 178 165 173 181 181 162 162 162
"231" 200 51 912 913 907 905 911 182 172 168 168 169 169 164 166 170 172 162 162 162
"232" 80 87 117 136 138 135 140 176 177 178 178 179 178 175 178 179 180 171 171 171
"233" 432 75 121 134 137 133 143 167 174 176 177 177 178 174 176 177 179 169 169 169
"234" 55 49 105 123 131 142 178 275 268 257 257 251 243 175 262 266 269 165 166 166
"235" 844 456 955 955 955 955 955 186 183 181 181 181 181 171 184 186 188 167 167 168
"236" 557 104 955 955 955 955 955 176 177 177 177 177 177 174 176 177 178 173 173 173
"237" 98 60 79 94 100 955 955 240 237 235 237 236 234 186 238 339 955 180 180 180
"238" 69 68 110 155 156 167 169 155 180 179 179 180 181 175 182 186 186 164 165 168
"239" 187 96 117 124 381 415 408 276 266 254 190 187 186 173 186 269 278 162 162 162
"240" 104 955 955 955 955 955 955 190 188 187 187 187 184 170 175 187 189 167 167 167
"241" 554 64 955 955 955 955 955 170 173 171 171 171 172 167 171 176 180 165 165 165
"242" 786 955 955 955 955 955 955 181 179 178 177 177 177 172 177 178 179 171 171 171
"243" 375 66 955 955 955 955 955 180 181 180 180 181 180 176 179 181 185 174 175 175
"244" 819 854 955 955 955 955 955 199 197 196 195 194 192 181 193 196 198 175 175 176
"245" 155 57 955 955 955 955 955 293 232 211 231 231 223 205 210 234 236 198 199 199
"246" 611 69 955 955 955 955 955 185 180 181 179 181 181 176 180 182 183 171 172 172
"247" 152 146 181 180 167 178 170 198 198 197 196 196 196 192 197 198 199 176 178 179
"248" 456 516 574 607 609 613 955 179 179 179 179 179 179 176 178 179 180 172 172 173
"249" 76 62 75 955 955 955 955 180 179 178 178 178 178 175 177 179 179 174 174 174
"250" 70 62 86 128 166 173 394 184 180 174 171 173 173 167 173 199 282 164 165 165
"251" 439 436 955 955 955 955 955 179 178 176 175 176 176 172 176 181 191 169 169 169
"252" 486 664 955 955 917 908 910 279 223 208 202 203 203 191 202 206 287 181 182 182
"253" 494 509 519 516 509 510 513 184 174 173 174 175 173 169 172 174 176 165 165 165
"254" 335 257 955 955 955 955 517 169 170 169 169 170 170 167 170 172 173 164 164 164
"255" 88 62 955 955 955 955 955 198 201 198 198 199 199 182 197 215 227 172 172 173
"256" 119 86 955 955 955 118 122 182 181 180 179 181 181 176 179 183 186 171 171 171
"257" 151 115 144 144 150 955 955 174 173 173 172 174 173 171 173 174 175 170 170 170
"258" 955 399 955 955 385 368 366 220 218 217 218 220 218 191 219 230 234 172 173 174
"259" 639 320 955 955 955 560 560 222 221 200 198 199 198 180 198 205 221 174 174 175
"260" 282 349 955 955 955 497 951 184 180 177 176 176 177 167 176 179 180 166 166 167
"261" 180 165 955 955 955 601 604 184 182 182 181 181 180 176 182 183 184 173 173 173
"262" 134 135 955 955 955 955 694 187 195 187 186 187 187 183 187 189 195 179 179 179
"263" 730 955 955 955 955 955 955 193 194 190 189 190 191 185 194 226 257 174 174 175
"264" 822 955 955 955 955 955 955 233 205 202 199 201 200 189 198 207 233 178 182 182
"265" 940 951 955 955 955 955 955 208 200 189 186 189 186 177 184 194 210 173 172 173
"266" 316 77 955 955 955 955 955 170 168 167 168 169 168 164 167 168 169 162 162 162
"267" 354 955 955 955 955 955 955 200 198 197 197 198 198 192 198 199 201 182 183 183
"268" 145 818 834 836 468 437 435 205 226 204 203 228 224 191 205 230 232 176 176 177
"269" 358 55 844 923 929 955 955 184 181 180 179 181 180 167 180 181 183 165 165 165
"270" 75 48 85 955 955 955 955 185 183 182 181 180 179 174 182 183 184 168 169 169
"271" 352 332 955 955 955 955 955 192 189 180 175 175 174 169 180 188 189 165 165 166
"272" 358 613 647 623 615 620 622 193 189 188 187 189 188 173 188 191 194 172 172 172
"273" 955 955 955 955 955 325 955 182 182 181 181 182 182 177 181 183 185 174 174 174
"274" 179 171 189 203 200 182 184 203 204 204 204 204 204 199 204 205 206 182 182 182
"275" 182 955 955 955 955 609 608 174 174 175 174 175 176 171 176 178 187 167 168 168
"276" 119 123 955 955 955 955 955 206 204 203 192 201 201 170 186 204 204 167 169 169
"277" 197 160 955 622 618 619 630 170 170 171 171 174 173 168 169 174 176 166 166 166
"278" 77 81 955 955 955 955 955 240 226 221 218 222 217 197 217 236 238 190 190 190
"279" 425 151 955 955 955 955 955 184 184 184 185 185 184 181 184 185 186 178 178 178
"280" 614 73 955 955 506 506 500 184 185 184 184 183 183 179 184 186 187 176 176 176
"281" 636 106 658 885 853 822 816 187 180 179 175 169 167 161 170 179 180 161 161 161
"282" 254 91 721 735 119 123 934 182 182 182 180 182 183 178 181 192 195 170 171 171
"283" 75 65 81 107 114 955 955 224 189 177 176 176 176 173 176 178 185 172 172 172
"284" 111 955 955 955 955 955 955 183 181 181 180 181 181 178 180 181 183 166 171 173
"285" 79 60 86 955 955 955 955 195 199 197 198 192 192 182 193 237 238 171 172 173
"286" 119 58 113 120 122 123 120 184 183 182 182 184 182 175 180 184 188 170 170 170
"287" 117 95 127 170 183 838 842 204 200 190 176 196 190 174 175 184 192 172 172 172
"288" 287 280 955 955 955 314 314 173 173 172 173 172 172 168 173 175 176 166 166 166
"289" 118 111 955 955 955 955 955 289 276 277 279 275 232 226 275 278 282 179 179 179
"290" 279 63 955 955 955 955 955 206 200 199 198 199 199 194 200 201 204 183 185 185
"291" 242 803 955 955 955 955 955 230 229 226 227 228 225 189 229 236 246 178 178 178
"292" 546 518 955 955 955 476 489 186 186 185 186 186 185 181 184 186 189 176 177 177
"293" 119 57 69 109 113 115 136 199 199 196 194 260 200 189 194 201 263 173 174 174
"294" 297 77 118 915 919 923 936 202 201 201 200 201 200 176 199 202 204 170 170 170
"295" 288 107 955 955 955 955 955 173 174 174 175 176 178 171 176 182 186 165 166 166
"296" 502 955 955 955 955 783 786 191 190 189 188 188 187 180 189 190 193 176 176 176
"297" 955 513 955 955 410 408 410 213 197 192 180 182 179 175 182 193 201 171 171 171
"298" 601 71 130 139 123 126 147 199 195 192 190 192 191 185 190 195 199 172 172 172
"299" 247 63 955 955 955 955 955 198 192 189 188 188 187 181 188 193 199 177 177 177
"300" 101 116 955 955 214 213 289 189 188 187 186 187 187 183 187 189 191 175 176 176
"301" 668 84 955 955 955 891 895 238 235 227 200 200 200 174 263 302 315 168 168 168
"302" 299 172 302 955 955 955 201 195 195 195 193 194 195 188 195 198 199 169 170 170
"303" 424 223 866 955 955 863 955 180 178 178 178 178 178 175 177 178 179 170 170 170
"304" 136 82 126 146 145 159 168 176 178 178 179 179 179 175 177 179 180 172 173 173
"305" 66 53 69 955 955 955 955 185 185 185 184 184 184 181 185 186 187 177 178 178
"306" 93 86 170 175 955 393 955 182 179 177 175 176 175 167 177 178 180 164 164 164
"307" 191 71 955 955 955 955 955 246 240 239 241 247 239 184 241 248 251 173 173 173
"308" 955 955 955 955 955 955 955 184 184 184 184 187 186 180 183 188 191 178 178 179
"309" 635 955 955 955 955 955 955 187 182 176 177 179 179 173 176 182 183 169 170 170
"310" 604 656 666 667 670 668 674 176 175 176 177 177 176 173 175 176 176 168 168 168
"311" 821 955 955 955 955 955 955 205 193 188 187 188 182 173 186 190 195 167 167 167
"312" 955 559 589 955 955 955 955 196 189 181 179 186 184 171 185 192 195 166 167 167
"313" 89 66 86 98 955 955 955 184 183 181 182 183 182 177 180 183 183 171 172 172
"314" 363 106 955 955 955 955 955 189 189 188 189 190 188 182 188 190 191 176 177 176
"315" 265 280 955 955 955 955 955 175 175 175 174 175 176 173 175 177 178 172 172 172
"316" 881 60 955 955 955 955 955 224 221 221 223 221 218 211 220 228 246 182 182 182
"317" 491 657 955 955 955 955 190 227 224 222 223 223 214 193 198 225 237 182 181 181
"318" 583 58 739 738 734 727 733 270 248 221 227 224 224 181 249 268 284 174 174 175
"319" 401 97 955 955 955 628 638 178 176 175 175 176 177 171 178 180 181 167 167 168
"320" 670 955 955 955 114 105 108 175 177 177 177 177 177 174 175 177 178 169 164 163
"321" 168 140 168 188 190 955 955 182 181 180 179 181 181 175 180 183 185 163 164 164
"322" 212 658 955 955 955 955 955 180 177 177 177 177 176 171 178 179 180 169 169 169
"323" 104 54 81 89 93 100 120 177 175 174 173 174 173 167 174 175 177 163 163 164
"324" 96 58 81 101 103 124 955 194 192 179 178 177 176 172 190 195 206 170 170 170
"325" 133 82 131 135 955 955 955 200 195 177 177 189 177 172 176 186 201 170 170 170
"326" 184 874 955 955 955 955 955 181 180 179 178 178 179 173 179 180 180 169 169 169
"327" 317 326 335 329 326 328 331 253 197 190 189 186 186 181 192 257 272 175 176 176
"328" 94 56 94 97 99 99 114 179 180 180 178 178 178 173 175 180 198 169 169 169
"329" 90 74 99 102 114 114 382 192 181 180 181 182 180 175 179 182 184 169 170 170
"330" 107 103 125 955 955 662 955 258 231 200 196 197 193 181 201 245 255 169 169 170
"331" 106 94 955 955 955 955 955 182 182 181 182 183 182 178 183 184 188 171 172 172
"332" 602 50 955 955 955 695 699 168 168 168 167 169 169 165 169 172 172 163 163 163
"333" 169 74 134 146 142 153 173 183 183 183 182 183 184 180 184 186 187 175 175 175
"334" 58 50 91 955 955 955 955 188 189 189 189 190 188 170 187 190 191 166 166 166
"335" 392 66 955 955 955 955 955 190 184 184 184 185 183 177 183 187 190 171 171 171
"336" 955 955 955 955 955 955 955 180 180 174 169 177 173 165 175 181 186 163 163 163
"337" 400 955 955 955 955 955 955 186 186 186 185 185 186 181 185 187 189 172 173 173
"338" 455 955 955 955 955 955 955 236 232 218 230 231 214 188 212 233 235 170 171 171
"339" 322 269 955 955 955 955 955 172 172 172 172 172 172 168 171 173 174 163 163 163
"340" 109 123 662 805 955 955 955 204 201 200 200 199 200 196 201 204 250 177 180 182
"341" 69 56 955 955 955 955 955 174 174 173 173 173 174 172 174 175 175 169 169 169
"342" 229 232 955 870 955 955 955 165 167 167 169 168 168 163 166 169 170 161 161 161
"343" 150 34 130 171 161 164 829 196 195 194 195 194 194 187 194 195 197 178 178 178
"344" 121 955 955 955 955 955 955 216 217 216 218 218 217 203 216 218 219 173 173 174
"345" 60 49 66 82 72 80 88 170 168 166 165 166 166 163 168 169 170 162 162 162
"346" 33 31 44 53 56 64 92 171 171 170 171 170 170 166 171 173 174 161 161 161
"347" 95 88 109 116 110 110 156 208 206 196 197 198 196 173 196 201 210 166 166 166
"348" 67 77 383 385 383 744 955 195 194 194 194 194 193 190 192 194 196 184 185 185
"349" 377 63 127 955 955 955 955 178 178 177 177 179 180 175 180 194 194 170 171 171
"350" 421 75 955 955 955 955 955 269 185 180 180 180 180 177 181 184 185 176 176 176
"351" 508 66 481 513 918 955 955 191 189 187 186 186 182 176 188 188 189 174 174 174
"352" 719 955 955 955 955 955 955 209 229 220 199 201 198 190 208 234 276 184 183 183
"353" 451 299 955 955 443 445 155 180 181 182 182 180 181 176 180 184 186 171 157 159
"354" 122 101 955 955 955 955 955 188 190 190 188 192 193 183 190 194 197 177 178 178
"355" 653 955 955 955 553 551 555 171 172 171 171 174 173 170 170 176 182 167 167 167
"356" 955 85 955 955 955 955 955 206 200 181 182 185 182 176 183 200 206 173 173 173
"357" 658 694 955 955 955 955 955 176 175 175 175 175 175 171 175 176 177 167 168 168
"358" 47 36 58 955 576 955 955 183 184 184 184 185 184 180 183 184 188 177 177 177
"359" 310 311 494 521 342 325 324 169 169 168 171 171 169 165 167 170 177 163 163 163
"360" 137 75 142 195 187 182 179 197 197 197 198 197 196 192 197 198 199 187 187 187
"361" 551 51 955 955 955 955 955 192 190 187 188 189 188 179 190 195 324 172 173 173
"362" 298 46 314 323 329 330 955 194 187 181 177 181 184 172 186 190 192 168 168 169
"363" 203 250 360 345 319 355 744 218 207 205 207 203 205 195 208 214 218 168 168 168
"364" 100 79 139 955 955 955 955 179 175 174 174 174 174 171 175 177 180 168 168 168
"365" 665 45 955 360 351 339 338 183 182 182 182 183 182 177 180 182 183 168 169 169
"366" 98 90 155 955 381 244 243 181 180 180 180 181 181 177 180 182 184 172 172 172
"367" 148 67 171 177 173 153 143 181 179 179 179 180 180 173 179 182 187 171 171 171
"368" 710 955 955 955 955 955 955 173 172 170 170 170 169 167 170 172 174 164 164 164
"369" 955 955 955 955 955 955 814 205 201 200 198 198 199 184 199 201 201 174 176 177
"370" 170 92 129 145 158 198 955 182 181 180 182 182 180 176 179 181 183 173 173 173
"371" 334 430 955 447 441 446 955 214 196 179 179 179 179 175 178 181 196 174 174 174
"372" 60 58 84 94 98 118 142 251 203 195 191 198 195 181 197 203 250 167 168 168
"373" 955 955 955 955 888 854 857 183 184 184 185 184 184 179 185 186 191 176 176 176
"374" 85 64 86 93 90 101 103 186 189 190 191 192 192 189 189 191 194 166 170 173
"375" 205 477 955 955 955 955 955 174 172 168 167 168 166 163 168 170 172 162 162 162
"376" 213 839 955 955 955 955 955 182 180 180 181 180 179 176 179 180 182 173 173 173
"377" 339 955 955 955 955 955 955 282 199 188 186 186 186 182 185 186 196 179 179 179
"378" 138 90 145 955 171 166 168 166 171 168 167 169 171 165 173 185 188 162 162 162
"379" 47 37 145 151 148 158 177 176 176 177 177 178 177 174 176 178 179 173 173 173
"380" 85 61 86 122 137 123 119 182 181 180 180 180 180 174 181 183 185 171 171 171
"381" 241 92 589 622 628 653 955 279 250 250 254 250 248 238 251 258 288 175 176 177
"382" 743 779 921 919 920 627 955 229 188 186 187 186 184 177 184 187 197 173 173 173
"383" 264 291 955 955 955 398 397 274 231 231 233 230 227 201 265 272 275 194 195 195
"384" 116 108 955 955 955 955 955 196 197 193 186 191 195 181 196 201 202 173 174 174
"385" 363 91 955 187 183 189 199 170 168 167 166 167 167 163 166 168 170 162 162 163
"386" 396 273 955 955 955 955 955 259 243 220 211 209 208 203 219 243 255 188 189 189
"387" 220 241 955 955 885 719 721 238 227 215 215 215 215 201 217 232 233 176 176 177
"388" 955 108 955 955 955 332 342 180 179 178 179 179 179 174 179 181 182 169 169 169
"389" 465 396 955 955 955 955 955 190 186 185 184 185 185 174 184 187 188 171 171 171
"390" 636 955 955 955 955 955 955 345 277 201 196 199 199 192 198 201 276 181 182 182
"391" 84 66 82 90 98 126 955 182 180 180 180 180 180 175 180 182 184 171 171 171
"392" 360 355 716 955 955 955 955 181 180 180 180 180 180 177 180 182 183 174 174 174
"393" 379 402 955 955 955 955 955 187 179 177 177 177 176 172 178 182 182 170 170 170
"394" 144 65 82 91 955 572 190 173 181 177 177 178 181 172 176 184 184 167 167 167
"395" 47 47 61 72 84 87 143 199 185 181 181 184 184 179 180 187 199 173 173 173
"396" 251 227 255 282 295 955 955 285 267 200 195 197 184 178 200 270 284 174 174 174
"397" 955 955 955 955 955 500 955 247 245 240 243 245 241 185 245 248 249 176 176 176
"398" 107 103 125 132 131 137 157 195 190 177 177 178 177 172 177 191 195 168 168 169
"399" 96 933 955 955 955 955 955 183 180 172 172 173 172 167 172 177 181 166 166 166
"400" 194 648 896 955 955 320 318 231 226 226 227 226 201 194 226 228 230 186 186 186
"401" 115 955 955 955 955 893 892 198 200 199 199 201 211 195 199 218 220 187 187 187
"402" 731 70 955 955 955 955 955 247 207 205 205 204 204 200 206 241 249 198 199 199
"403" 297 141 955 955 955 955 955 177 177 175 176 177 177 173 176 180 181 171 171 171
"404" 189 171 955 955 955 955 955 174 176 176 176 177 176 173 174 176 178 168 169 169
"405" 90 94 955 955 774 776 778 186 181 177 177 177 177 173 179 183 197 169 169 169
"406" 955 186 939 936 933 245 193 171 171 171 171 172 173 166 172 176 179 163 163 163
"407" 360 76 955 955 955 673 666 205 203 201 201 201 200 187 199 202 203 172 173 174
"408" 180 61 955 955 955 955 955 198 199 198 198 197 198 190 198 202 260 182 185 184
"409" 156 70 107 125 125 147 161 227 204 191 191 189 185 179 185 197 220 173 173 174
"410" 955 955 955 955 955 955 955 194 193 192 191 190 189 181 192 193 194 176 176 176
"411" 99 75 95 105 115 123 132 186 182 182 183 183 182 179 182 183 184 174 174 174
"412" 73 46 76 127 955 955 955 211 207 206 206 205 204 198 204 208 211 181 181 181
"413" 81 75 93 103 98 110 108 175 178 181 182 184 184 176 179 186 188 172 172 172
"414" 955 171 955 955 955 955 270 174 174 175 175 177 176 172 176 178 179 168 167 167
"415" 955 742 955 955 483 458 460 199 201 192 190 195 196 186 189 198 249 174 174 174
"416" 229 237 955 955 955 955 955 180 180 181 181 181 180 174 180 182 183 169 169 169
"417" 422 81 97 955 120 955 955 217 200 180 179 180 179 176 180 184 203 172 172 172
"418" 192 506 955 955 955 955 955 178 176 172 170 170 171 168 173 176 176 165 165 165
"419" 416 678 955 955 955 633 955 188 187 187 186 187 187 175 186 188 188 168 168 168
"420" 842 47 955 955 955 955 955 180 177 176 175 175 175 170 176 178 180 167 167 167
"421" 58 58 955 955 955 955 955 251 240 212 200 197 197 192 201 237 240 188 188 188
"422" 946 955 955 955 955 358 407 237 206 200 200 200 199 196 200 201 203 193 194 194
"423" 955 902 955 955 600 955 955 187 183 172 171 173 172 166 173 176 190 162 162 162
"424" 426 955 955 955 955 369 372 199 185 183 184 184 184 179 186 190 198 173 174 174
"425" 82 91 955 130 114 127 955 181 179 173 172 171 172 168 172 179 181 165 165 166
"426" 186 85 564 568 955 564 565 183 183 182 184 185 185 178 184 191 197 172 172 172
"427" 341 338 955 339 332 329 331 271 236 235 238 237 207 196 235 239 269 181 182 183
"428" 276 147 184 197 955 955 955 323 302 223 291 284 220 174 194 224 304 170 170 170
"429" 155 488 899 955 955 441 442 210 213 211 206 208 209 174 193 220 223 168 168 168
"430" 955 955 955 955 955 955 955 184 181 181 180 180 180 175 180 181 183 166 167 167
"431" 955 955 955 955 955 456 459 174 172 171 171 171 170 166 170 173 179 163 163 163
"432" 244 383 456 384 385 323 323 193 191 185 184 185 184 179 185 186 191 176 176 176
"433" 118 110 955 955 955 955 955 172 173 172 172 173 174 170 173 176 184 168 168 168
"434" 66 48 78 80 80 80 955 324 292 203 202 201 201 198 202 289 290 194 194 194
"435" 289 752 955 955 955 955 955 192 198 203 200 218 214 187 205 220 225 178 177 177
"436" 104 106 155 179 185 174 189 185 185 185 185 186 186 182 184 186 187 178 178 178
"437" 407 700 955 955 955 955 955 182 180 179 180 181 180 176 178 181 183 173 173 173
"438" 172 80 97 126 122 129 149 200 188 185 187 188 186 182 186 188 193 176 176 177
"439" 143 51 76 74 75 103 116 227 221 211 212 208 207 173 194 213 213 168 169 169
"440" 72 48 59 70 77 101 107 183 184 184 183 185 185 181 184 187 192 174 175 175
"441" 48 50 88 84 88 108 120 197 197 193 194 192 190 181 193 196 197 176 176 176
"442" 85 58 81 121 955 955 955 195 184 183 182 183 183 177 181 182 184 174 174 174
"443" 656 46 955 955 955 294 290 208 194 192 192 192 191 187 190 193 193 179 179 179
"444" 513 52 955 955 955 955 955 172 172 170 170 168 168 164 168 171 172 163 163 163
"445" 223 955 955 955 955 955 955 182 178 178 178 178 178 173 178 180 182 169 169 169
"446" 83 56 78 82 77 79 109 190 188 188 188 189 188 185 190 239 244 181 181 181
"447" 454 955 955 955 955 955 955 192 190 184 183 183 182 178 182 186 192 173 173 173
"448" 83 182 955 955 955 955 955 176 176 175 175 175 174 171 175 176 177 170 170 170
"449" 54 52 68 71 141 166 610 197 196 194 193 194 193 181 193 196 197 171 171 171
"450" 688 678 955 955 955 955 955 195 191 192 192 192 192 188 191 193 196 178 178 178
"451" 411 195 678 703 706 574 576 169 169 167 168 169 170 165 168 170 173 163 163 163
"452" 204 126 955 955 955 955 955 204 234 202 228 229 225 178 234 259 259 172 172 172
"453" 126 112 955 243 240 235 234 186 186 185 183 184 184 175 184 186 187 168 168 168
"454" 278 195 955 955 697 695 955 178 180 179 179 181 181 176 178 182 182 172 172 172
"455" 217 91 121 955 379 384 385 176 176 176 176 176 176 173 175 177 178 169 169 169
"456" 545 711 955 955 955 955 955 174 176 175 174 179 179 171 177 183 187 164 164 164
"457" 220 378 955 955 955 955 955 201 201 202 201 201 201 197 200 202 203 172 172 171
"458" 69 71 955 955 955 955 955 187 183 181 180 180 182 176 180 183 184 170 170 170
"459" 143 94 955 955 955 955 955 181 178 177 178 180 180 173 180 184 196 167 168 168
"460" 240 184 646 812 845 184 955 181 179 178 177 177 177 172 177 178 180 167 167 167
"461" 184 89 181 334 184 955 955 223 218 217 221 221 219 198 219 222 224 180 181 181
"462" 210 56 955 955 306 955 955 188 177 173 173 174 174 170 175 176 177 167 167 167
"463" 360 54 143 147 141 143 164 183 178 179 179 180 179 175 178 180 183 172 172 172
"464" 75 55 73 84 95 110 955 232 230 198 188 183 178 174 177 188 235 174 174 174
"465" 441 955 955 955 955 955 955 171 170 171 171 171 171 169 171 172 173 166 166 166
"466" 889 55 955 955 63 68 955 177 174 173 174 174 173 169 173 177 178 166 166 166
"467" 164 136 180 178 160 160 174 168 170 170 170 170 170 167 170 172 182 163 163 163
"468" 306 98 955 955 955 955 955 253 200 191 191 193 194 188 200 220 223 175 175 176
"469" 542 550 955 955 955 955 955 171 173 174 175 175 174 169 172 176 178 165 164 164
"470" 178 119 142 159 152 168 176 190 189 186 187 188 188 182 188 189 190 176 177 177
"471" 309 300 955 955 955 309 955 182 181 180 180 181 181 176 180 182 183 174 174 174
"472" 955 955 955 955 955 955 955 178 174 173 172 172 172 169 172 173 175 166 167 167
"473" 223 222 955 955 955 955 955 189 187 186 186 185 185 175 185 187 187 173 173 173
"474" 83 90 112 116 118 134 955 185 183 182 183 183 181 176 179 183 185 170 170 170
"475" 81 71 93 112 111 118 125 191 191 190 189 189 189 185 189 190 191 174 175 174
"476" 496 955 955 955 955 955 955 220 209 191 191 191 189 170 189 190 191 166 166 166
"477" 403 93 110 110 103 103 96 170 173 173 173 174 174 170 173 175 176 163 163 163
"478" 462 87 955 955 955 955 955 201 197 181 178 180 177 173 178 191 200 167 168 168
"479" 280 285 955 955 955 955 955 203 191 188 187 186 185 172 186 188 190 169 169 169
"480" 529 468 555 955 955 955 955 197 196 193 192 191 191 186 194 196 198 181 181 181
"481" 556 56 123 955 955 955 955 181 180 179 179 181 180 175 179 181 183 174 174 175
"482" 726 955 955 955 955 955 955 181 181 182 182 183 183 179 182 183 185 172 172 172
"483" 319 329 419 414 416 955 955 201 201 201 200 203 202 187 198 202 202 176 176 178
"484" 351 367 408 405 413 416 955 218 216 209 208 209 208 195 209 210 218 175 175 176
"485" 705 81 955 955 955 955 955 175 175 175 175 175 175 171 176 180 191 165 164 165
"486" 88 91 110 126 126 139 955 169 168 168 167 168 168 165 168 169 170 164 164 164
"487" 687 82 351 351 345 336 349 174 175 175 175 175 178 173 177 187 187 166 166 166
"488" 782 148 955 955 955 955 955 201 197 188 186 189 185 180 186 193 195 176 176 177
"489" 170 125 159 181 185 181 955 194 193 191 191 192 190 172 191 193 195 166 166 167
"490" 602 52 955 955 955 955 955 171 171 172 172 173 172 169 171 172 173 166 166 166
"491" 294 87 955 955 955 510 506 190 190 179 185 185 176 171 179 190 194 167 167 167
"492" 485 955 955 955 955 955 955 182 179 171 170 173 171 167 171 178 179 165 165 166
"493" 146 955 955 955 955 955 955 172 172 173 174 175 174 170 173 175 175 165 166 166
"494" 722 723 734 738 748 955 955 177 175 170 169 170 171 167 172 175 178 164 164 164
"495" 876 84 105 955 955 955 955 169 178 175 174 177 179 169 173 179 182 167 167 167
"496" 198 57 140 159 164 159 176 219 206 199 197 184 184 175 196 207 208 169 170 170
"497" 411 109 955 456 457 456 463 329 283 198 194 195 197 177 195 205 284 172 173 173
"498" 76 152 647 651 655 177 167 187 186 186 185 186 185 177 182 186 186 171 172 172
"499" 182 148 655 955 643 643 955 181 181 182 182 183 182 176 181 183 187 163 163 163
"500" 200 191 955 955 955 955 955 183 181 181 181 181 181 178 182 182 183 176 176 176
