"max_pca1" "max_pca2" "max_pca3" "max_pca5" "max_pca10" "max_pca20" "max_pca40" "min_pca1" "min_pca2" "min_pca3" "min_pca5" "min_pca10" "min_pca20" "min_pca40" "tpca0.8" "tpca0.9" "tpca0.95" "tpca0.99" "tpca0.995" "tpca0.999"
"1" 168 169 169 167 166 167 167 160 161 160 159 159 160 158 156 157 157 157 157 157
"2" 119 57 95 98 94 164 164 161 161 160 159 159 160 158 157 157 157 157 157 157
"3" 170 171 171 167 166 166 166 160 161 160 159 159 160 159 156 157 157 157 157 157
"4" 169 48 169 167 166 167 167 160 161 160 159 159 160 159 157 157 157 157 157 157
"5" 59 49 64 73 86 91 165 161 163 161 160 160 160 159 157 157 157 157 157 157
"6" 168 169 169 166 165 166 166 160 162 160 160 160 160 159 157 157 157 157 157 157
"7" 168 136 168 165 165 165 165 160 161 160 159 160 160 158 156 156 156 157 157 157
"8" 168 170 169 165 164 164 164 160 161 160 159 159 160 159 157 157 157 157 157 157
"9" 43 33 43 82 100 107 127 160 162 160 160 160 160 159 157 157 157 157 157 157
"10" 131 74 132 165 134 165 165 160 162 160 159 160 160 159 157 157 157 157 157 157
"11" 168 169 168 165 164 164 165 160 163 160 159 160 161 159 157 157 157 157 157 157
"12" 167 167 168 165 165 165 165 160 161 160 159 160 160 158 157 157 157 157 157 157
"13" 168 169 168 165 164 165 165 160 160 160 158 159 160 159 157 157 157 157 157 157
"14" 168 90 169 165 165 165 166 160 161 160 159 160 160 159 157 157 157 157 157 157
"15" 167 50 168 165 164 165 165 160 161 160 159 160 160 159 157 157 157 157 157 157
"16" 169 170 169 166 164 165 165 160 161 160 159 159 159 158 157 157 157 157 157 157
"17" 45 75 171 168 166 166 166 160 161 160 159 160 160 158 156 157 157 157 157 157
"18" 167 167 168 165 163 164 164 160 160 160 159 159 160 158 156 156 156 157 157 157
"19" 168 169 168 166 165 165 164 160 161 160 159 160 160 159 157 157 157 157 157 157
"20" 118 45 121 130 165 165 166 160 161 160 159 160 160 159 157 157 157 157 157 157
"21" 168 169 168 165 164 164 164 160 161 160 159 159 161 159 156 157 157 157 157 157
"22" 170 84 170 167 166 166 166 161 162 160 159 159 160 158 157 157 157 157 157 157
"23" 65 49 62 70 77 95 133 160 161 160 159 160 161 159 157 157 157 157 157 157
"24" 165 167 168 164 164 164 164 160 160 159 158 159 160 158 153 156 156 156 156 156
"25" 166 150 167 164 163 164 164 160 160 160 158 159 160 158 157 157 157 157 157 157
"26" 40 41 109 112 125 130 166 160 161 160 158 159 160 158 156 156 156 157 157 157
"27" 149 138 168 164 164 164 164 160 161 160 159 160 160 159 157 157 157 157 157 157
"28" 166 131 167 165 164 164 164 160 161 160 159 160 160 158 157 157 157 157 157 157
"29" 131 91 141 165 164 164 164 160 161 160 159 160 160 159 157 157 157 157 157 157
"30" 168 82 108 166 165 166 166 160 162 161 160 160 161 159 157 157 157 157 157 157
"31" 72 34 77 84 89 100 165 160 161 160 159 159 160 158 157 157 157 157 157 157
"32" 169 169 168 165 164 164 165 160 161 160 159 160 160 159 157 157 157 157 157 157
"33" 168 168 168 165 164 165 165 160 162 160 160 160 161 159 157 157 157 157 157 157
"34" 168 169 169 166 165 165 165 160 161 160 159 160 160 158 157 157 157 157 157 157
"35" 89 64 85 95 96 109 130 159 160 160 159 160 160 159 156 157 157 157 157 157
"36" 169 50 170 167 166 166 166 160 161 160 159 160 160 159 156 157 157 157 157 157
"37" 166 168 168 164 164 164 164 160 161 160 159 159 160 159 157 157 157 157 157 157
"38" 129 105 156 165 164 164 164 160 160 160 158 159 160 158 156 156 156 157 157 157
"39" 168 168 169 166 164 165 166 161 162 160 160 160 160 159 156 157 157 157 157 157
"40" 168 82 169 165 164 165 165 161 162 160 159 160 160 159 157 157 157 157 157 157
"41" 167 169 169 165 164 165 166 160 161 160 159 160 160 159 157 157 157 157 157 157
"42" 87 65 87 126 124 130 134 160 161 160 159 160 160 158 156 157 157 157 157 157
"43" 166 167 167 165 164 164 164 160 160 160 159 159 160 158 156 157 157 157 157 157
"44" 167 130 168 165 164 165 165 160 161 160 159 160 160 158 157 157 157 157 157 157
"45" 84 59 92 112 126 132 164 159 160 159 158 159 160 158 156 156 156 157 157 157
"46" 77 47 64 100 109 164 164 160 161 160 159 160 161 159 157 157 157 157 157 157
"47" 168 170 169 165 164 164 165 160 161 160 159 159 160 159 157 157 157 157 157 157
"48" 168 169 169 166 164 165 165 160 161 160 159 160 160 158 156 156 156 157 157 157
"49" 169 170 170 166 164 164 165 160 161 160 159 160 160 159 156 157 157 157 157 157
"50" 168 169 169 166 165 165 166 160 161 160 159 159 160 159 157 157 157 157 157 157
"51" 167 168 168 165 165 165 165 160 161 160 159 159 160 159 157 157 157 157 157 157
"52" 167 168 168 164 163 164 164 160 161 160 159 159 160 159 157 157 157 157 157 157
"53" 108 70 89 95 164 164 165 160 162 160 159 160 160 159 157 157 157 157 157 157
"54" 157 138 167 153 164 164 164 160 161 160 159 159 160 158 157 157 157 157 157 157
"55" 169 170 170 165 164 165 165 160 161 160 159 159 160 158 156 157 157 157 157 157
"56" 167 168 168 165 165 165 165 160 161 160 159 159 160 158 157 157 157 157 157 157
"57" 86 61 78 87 165 165 165 160 161 160 159 159 160 159 156 157 157 157 157 157
"58" 87 77 102 108 143 165 165 160 161 160 159 160 160 158 157 157 157 157 157 157
"59" 132 170 170 166 165 166 166 161 162 160 159 160 160 158 157 157 157 157 157 157
"60" 166 168 167 164 164 164 165 161 162 160 159 159 161 158 156 157 157 157 157 157
"61" 168 102 168 165 164 165 165 160 161 160 159 159 160 158 142 156 156 156 156 156
"62" 167 168 169 165 164 165 165 160 161 160 158 159 160 158 157 157 157 157 157 157
"63" 107 62 97 107 124 134 139 160 161 160 158 159 160 158 156 157 157 157 157 157
"64" 167 169 168 164 163 164 164 160 162 160 159 160 160 158 157 157 157 157 157 157
"65" 168 169 169 167 165 165 165 160 161 160 159 159 160 159 157 157 157 157 157 157
"66" 169 62 85 165 164 164 164 160 161 160 159 159 160 158 157 157 157 157 157 157
"67" 168 169 169 165 164 165 165 160 160 159 158 159 160 158 157 157 157 157 157 157
"68" 143 169 169 166 166 166 166 160 160 160 158 159 159 158 156 157 157 157 157 157
"69" 111 85 108 118 116 137 143 159 160 160 159 159 160 158 156 156 156 157 157 157
"70" 166 167 168 165 164 165 165 160 162 160 159 160 160 159 156 157 157 157 157 157
"71" 167 168 168 165 164 164 164 160 161 160 159 159 160 159 156 157 157 157 157 157
"72" 166 168 168 164 164 164 164 160 161 160 159 160 160 158 156 156 157 157 157 157
"73" 119 125 170 166 165 166 166 160 162 160 160 160 161 159 157 157 157 157 157 157
"74" 118 50 107 118 122 126 143 160 161 160 159 159 160 158 156 156 157 157 157 157
"75" 168 169 169 167 166 167 167 161 166 161 160 160 161 159 157 157 157 157 157 157
"76" 77 100 167 164 164 164 164 160 161 160 159 159 160 158 156 157 157 157 157 157
"77" 169 170 170 164 164 164 165 160 161 160 159 159 160 158 156 156 156 156 156 156
"78" 167 69 143 154 165 166 166 160 161 160 159 160 161 159 157 157 157 157 157 157
"79" 77 86 169 166 165 165 165 160 161 160 159 160 160 158 157 157 157 157 157 157
"80" 167 65 168 165 165 165 165 160 161 160 159 159 160 159 157 157 157 157 157 157
"81" 87 52 69 79 85 94 147 160 161 160 159 160 160 159 157 157 157 157 157 157
"82" 99 67 110 129 145 130 165 160 161 160 159 160 160 159 157 157 157 157 157 157
"83" 95 95 170 167 165 166 166 160 160 159 158 159 160 158 157 157 157 157 157 157
"84" 109 62 78 86 112 164 164 160 161 160 159 160 161 159 157 157 157 157 157 157
"85" 68 59 78 88 101 165 165 160 161 160 160 160 161 159 157 157 157 157 157 157
"86" 168 169 168 164 163 163 163 160 160 160 159 159 160 158 156 156 156 157 157 157
"87" 134 110 135 141 142 165 165 160 161 160 159 160 160 159 157 157 157 157 157 157
"88" 168 169 169 166 165 165 165 160 161 160 160 160 160 158 156 157 156 157 157 157
"89" 168 72 91 98 112 166 166 160 161 160 159 159 160 159 157 157 157 157 157 157
"90" 168 49 168 165 164 164 164 160 161 160 159 159 160 158 157 157 157 157 157 157
"91" 168 144 169 166 165 165 165 161 162 160 159 160 160 159 157 157 157 157 157 157
"92" 167 168 168 165 164 165 165 160 160 160 159 160 160 159 157 157 157 157 157 157
"93" 168 169 168 165 164 165 166 160 161 160 159 160 160 159 157 157 157 157 157 157
"94" 99 51 90 123 128 128 130 160 161 160 159 160 161 159 157 158 158 157 157 157
"95" 169 170 169 166 165 165 165 160 161 160 159 159 160 159 157 157 157 157 157 157
"96" 168 66 169 165 164 165 165 160 160 160 159 160 161 159 157 157 157 157 157 157
"97" 124 53 171 167 166 167 167 160 160 160 159 159 159 158 156 156 156 157 157 157
"98" 167 168 168 166 165 166 166 160 160 160 159 159 160 158 157 157 157 157 157 157
"99" 169 170 169 166 166 166 166 160 161 160 159 159 160 158 156 156 156 157 157 157
"100" 167 60 167 164 164 164 164 161 162 161 160 160 161 159 157 157 157 157 157 157
"101" 167 168 168 165 164 164 165 160 162 161 160 160 161 159 157 157 157 157 157 157
"102" 168 90 168 165 165 165 165 161 162 161 160 160 160 158 157 157 157 157 157 157
"103" 168 168 168 165 165 165 165 161 161 160 159 160 160 159 157 157 157 157 157 157
"104" 167 53 168 165 164 164 164 161 161 160 159 160 160 159 157 157 157 157 157 157
"105" 167 69 168 165 164 165 165 160 161 160 159 159 160 158 153 156 156 157 157 157
"106" 171 173 172 168 166 166 166 160 161 160 159 160 160 158 157 157 157 157 157 157
"107" 89 45 93 165 98 164 165 160 161 160 159 160 160 158 157 157 157 157 157 157
"108" 58 48 168 165 164 164 164 161 161 160 159 160 160 159 156 157 157 157 157 157
"109" 168 167 168 165 164 164 165 160 161 160 159 160 160 159 157 157 157 158 158 158
"110" 167 77 168 165 164 165 155 160 161 160 159 160 161 159 156 157 157 157 157 157
"111" 168 170 170 166 164 164 165 160 160 160 159 159 160 158 157 157 157 157 157 157
"112" 166 167 167 164 163 163 164 161 162 160 160 160 160 158 156 156 156 157 157 157
"113" 168 169 169 165 164 164 165 160 162 160 159 160 160 159 157 157 157 157 157 157
"114" 168 168 169 165 165 165 165 160 160 160 159 159 160 159 157 157 157 157 157 157
"115" 43 44 155 155 122 109 117 160 161 160 159 160 161 159 156 157 157 157 157 157
"116" 168 122 145 156 154 165 165 160 161 160 159 159 160 159 157 158 157 157 157 157
"117" 124 75 94 110 113 132 165 160 161 160 159 160 161 159 157 157 157 157 157 157
"118" 102 87 124 135 136 166 166 160 161 160 159 159 160 158 156 156 156 157 157 157
"119" 168 168 168 165 164 164 165 160 161 160 159 160 160 159 157 157 157 157 157 157
"120" 168 153 169 165 164 165 165 160 161 160 159 160 160 159 156 157 157 157 157 157
"121" 167 67 116 131 124 127 165 160 161 160 159 160 160 159 157 157 157 157 157 157
"122" 168 169 169 166 165 146 121 160 160 160 159 159 160 158 156 156 156 157 157 157
"123" 96 59 93 109 113 121 164 160 161 160 159 160 160 159 157 157 157 157 157 157
"124" 169 68 170 166 165 165 166 160 160 160 159 159 160 158 156 156 156 157 157 157
"125" 167 168 168 166 166 166 166 160 161 160 159 160 160 159 157 157 157 157 157 157
"126" 66 42 91 103 113 122 135 161 163 161 160 160 160 158 157 157 157 157 157 157
"127" 167 105 167 165 164 164 164 160 161 160 159 160 160 158 156 156 156 157 157 157
"128" 50 49 169 165 164 164 164 160 161 160 159 159 160 159 157 157 157 157 157 157
"129" 169 170 170 166 166 166 166 160 161 160 159 160 160 159 157 157 157 157 157 157
"130" 166 107 167 165 164 164 164 160 161 160 159 159 160 159 157 157 157 157 157 157
"131" 168 82 169 166 165 165 165 161 161 160 159 160 160 159 157 157 157 157 157 157
"132" 104 85 168 165 164 165 165 161 162 160 159 160 160 158 156 156 157 157 157 157
"133" 78 66 83 86 115 113 135 160 161 160 159 160 161 159 157 157 157 157 157 157
"134" 167 167 168 165 164 164 164 159 160 159 159 159 160 158 156 157 157 157 157 157
"135" 167 114 142 150 152 164 164 159 160 159 158 159 159 158 156 157 157 157 157 157
"136" 168 168 168 164 164 164 165 160 161 160 159 159 160 158 156 157 157 157 157 157
"137" 168 169 168 165 164 165 165 160 162 160 159 160 160 158 157 157 157 157 157 157
"138" 151 110 138 166 165 166 165 160 161 160 160 160 161 159 157 157 157 157 157 157
"139" 168 169 169 165 164 165 165 160 161 160 159 160 161 159 156 157 157 157 157 157
"140" 117 112 128 137 135 135 164 160 161 160 159 159 160 158 156 157 157 157 157 157
"141" 168 62 75 76 72 77 77 160 161 160 159 159 160 158 156 157 157 157 157 157
"142" 168 169 168 166 165 165 166 108 160 159 158 159 160 158 129 156 156 156 156 156
"143" 168 168 168 165 164 164 165 160 160 160 159 159 160 159 157 157 157 157 157 157
"144" 147 126 152 165 164 165 166 160 160 160 159 159 160 159 157 157 157 157 157 157
"145" 167 168 168 165 165 165 165 160 161 160 159 160 160 159 157 157 157 157 157 157
"146" 101 55 85 164 164 164 165 160 161 160 159 159 160 158 157 157 157 157 157 157
"147" 168 168 169 166 165 166 167 160 163 161 160 160 161 159 156 157 157 157 157 157
"148" 150 57 135 165 164 146 133 160 161 160 159 159 160 158 156 156 156 157 157 157
"149" 168 41 168 166 165 166 166 160 161 160 159 160 160 159 157 157 157 157 157 157
"150" 168 169 169 166 165 166 165 160 161 160 159 160 161 159 157 157 157 157 157 157
"151" 167 73 146 166 165 166 166 159 160 159 158 159 160 158 156 156 156 157 157 157
"152" 167 167 168 165 164 164 164 160 161 160 159 160 160 159 156 157 157 157 157 157
"153" 104 62 94 113 118 133 166 160 161 160 159 160 160 159 157 157 157 157 157 157
"154" 168 168 169 166 165 166 166 160 161 160 159 160 160 159 157 157 157 157 157 157
"155" 110 120 169 165 164 155 154 160 160 160 159 159 160 158 156 157 157 157 157 157
"156" 119 87 103 113 104 104 132 160 161 160 159 160 160 158 157 157 157 157 157 157
"157" 168 168 168 165 164 165 164 159 160 159 158 159 160 158 145 156 156 156 156 156
"158" 167 166 168 166 165 165 165 160 161 160 159 160 160 158 157 157 157 157 157 157
"159" 98 87 167 164 164 164 165 161 162 161 160 160 161 159 157 157 157 157 157 157
"160" 168 105 126 165 164 164 165 160 161 160 159 159 160 158 150 156 150 156 156 156
"161" 170 111 169 166 165 165 165 160 161 160 159 159 160 158 156 157 157 157 157 157
"162" 167 168 168 165 164 164 165 160 162 160 160 160 161 158 156 157 157 157 157 157
"163" 168 170 169 166 166 166 166 160 161 160 159 160 160 158 157 157 157 157 157 157
"164" 168 52 169 166 165 166 166 159 160 160 159 159 160 158 156 156 156 157 157 157
"165" 58 43 57 68 80 164 164 160 160 160 159 159 160 159 157 157 157 157 157 157
"166" 167 168 168 164 163 164 164 160 160 159 159 159 160 158 157 157 157 157 157 157
"167" 169 169 169 166 165 166 166 161 161 160 159 160 160 159 157 157 157 157 157 157
"168" 168 170 169 165 164 164 164 160 161 160 159 160 160 159 157 157 157 157 157 157
"169" 167 55 169 166 165 166 166 160 162 160 160 160 161 159 157 157 157 157 157 157
"170" 168 99 130 143 165 165 165 160 161 160 159 159 160 159 157 158 158 158 158 158
"171" 170 171 171 166 165 165 165 160 160 160 159 159 160 158 156 157 157 157 157 157
"172" 167 75 142 165 164 146 147 160 161 160 159 160 160 159 157 157 157 157 157 157
"173" 166 113 167 165 164 164 164 160 161 160 159 160 160 158 156 156 156 157 157 157
"174" 168 169 169 166 164 165 165 159 160 160 159 159 160 158 156 157 157 157 157 157
"175" 167 166 167 166 165 165 166 160 162 160 160 160 160 158 157 157 157 157 157 157
"176" 169 170 169 166 165 166 166 160 161 160 159 160 160 158 132 154 155 156 156 156
"177" 167 75 168 164 163 163 164 160 161 160 159 159 160 158 156 157 157 157 157 157
"178" 168 170 170 166 166 166 166 160 161 160 159 160 160 159 157 157 157 157 157 157
"179" 169 170 169 165 164 165 165 160 161 160 159 159 160 159 157 157 157 157 157 157
"180" 168 74 169 166 165 165 166 160 162 160 160 160 161 159 157 157 157 157 157 157
"181" 148 89 116 111 112 122 133 160 161 160 159 160 160 158 157 157 157 157 157 157
"182" 168 169 169 165 164 164 164 159 160 160 159 160 160 159 157 157 157 157 157 157
"183" 167 147 168 165 163 164 164 160 160 160 159 159 160 158 156 156 156 157 157 157
"184" 167 62 169 165 164 164 164 160 162 160 159 160 160 159 157 157 157 157 157 157
"185" 171 49 171 166 165 165 166 160 161 160 159 159 160 158 156 156 156 157 157 157
"186" 157 106 128 167 166 155 167 161 161 160 159 159 160 158 157 157 157 157 157 157
"187" 169 111 152 166 165 154 166 160 160 160 158 159 160 158 156 157 157 157 157 157
"188" 170 171 171 167 166 165 164 160 160 160 159 159 160 158 156 157 157 157 157 157
"189" 167 168 169 166 165 165 165 160 161 160 159 160 161 158 156 156 156 157 157 157
"190" 168 168 168 166 165 165 165 160 162 160 159 160 161 159 157 157 157 157 157 157
"191" 168 168 169 165 164 165 165 160 160 160 159 159 159 158 156 157 157 157 157 157
"192" 167 167 167 165 165 165 166 160 161 160 159 159 160 158 157 157 157 157 157 157
"193" 168 169 169 166 165 165 165 160 161 160 159 159 160 158 137 155 156 156 156 156
"194" 49 42 51 58 59 65 111 160 162 160 159 160 160 158 157 157 157 157 157 157
"195" 170 50 169 165 165 165 165 160 160 160 159 160 160 158 156 156 156 157 157 157
"196" 167 120 168 165 164 165 165 161 161 160 159 159 160 158 157 157 157 157 157 157
"197" 139 168 168 165 164 165 165 160 162 160 159 160 160 159 157 157 157 157 157 157
"198" 168 169 169 166 165 166 167 160 161 160 159 159 160 158 157 157 157 157 157 157
"199" 166 167 168 166 165 165 166 160 161 160 159 159 160 158 157 157 157 157 157 157
"200" 168 169 169 165 164 164 164 160 161 160 159 159 160 158 157 157 157 157 157 157
"201" 168 71 169 165 164 165 165 160 161 160 159 160 160 158 157 157 157 157 157 157
"202" 167 168 168 165 164 164 165 160 161 160 159 160 160 159 157 157 157 157 157 157
"203" 168 84 169 165 164 164 164 160 161 160 159 159 160 159 157 157 157 157 157 157
"204" 136 77 104 143 139 144 166 160 161 160 159 160 161 159 157 157 157 157 157 157
"205" 170 172 171 169 167 167 166 160 160 160 159 159 160 159 157 157 157 157 157 157
"206" 106 74 100 148 148 164 164 160 161 160 159 159 160 159 157 157 157 157 157 157
"207" 93 78 99 165 164 165 165 160 161 160 159 160 160 159 157 157 157 157 157 157
"208" 169 145 170 166 165 165 165 161 162 160 159 160 160 158 157 157 157 157 157 157
"209" 97 171 170 167 164 165 165 160 161 160 159 159 160 158 157 157 157 157 157 157
"210" 170 172 171 167 166 166 166 160 160 159 158 159 160 158 157 157 157 157 157 157
"211" 169 170 169 166 164 165 165 160 161 160 159 159 160 158 157 157 157 157 157 157
"212" 121 59 118 124 73 116 128 161 162 160 159 160 160 158 156 156 156 157 157 157
"213" 166 168 168 165 149 165 165 161 163 161 160 160 160 159 157 157 157 157 157 157
"214" 168 46 101 105 122 165 165 160 161 160 159 159 160 158 157 157 157 157 157 157
"215" 166 167 167 165 164 164 164 160 160 160 159 159 160 158 156 157 157 157 157 157
"216" 166 168 168 164 163 164 164 160 161 160 159 160 160 159 157 157 157 157 157 157
"217" 167 91 168 165 165 165 166 160 161 160 159 160 160 158 156 157 157 157 157 157
"218" 60 47 66 75 75 89 112 160 161 160 159 160 160 159 156 157 157 157 157 157
"219" 60 47 61 65 79 87 165 159 160 159 159 159 160 158 156 156 156 157 157 157
"220" 167 169 169 166 164 164 165 159 160 159 158 159 160 158 156 156 157 157 157 157
"221" 169 168 169 165 164 164 165 160 161 160 159 159 160 158 156 156 156 156 156 156
"222" 59 53 65 75 79 131 165 160 161 160 159 160 160 159 157 157 157 157 157 157
"223" 168 98 132 133 126 164 164 160 161 160 159 159 160 158 156 157 157 157 157 157
"224" 142 50 170 165 164 165 165 160 161 160 159 159 160 158 157 157 157 157 157 157
"225" 168 68 168 166 164 164 164 160 161 160 160 160 161 159 157 157 157 157 157 157
"226" 168 168 167 165 164 164 164 160 161 160 159 160 160 159 157 157 157 157 157 157
"227" 166 65 81 166 165 165 165 160 161 160 159 159 160 158 157 157 157 157 157 157
"228" 167 52 71 77 81 165 166 160 161 160 159 160 160 159 157 157 157 157 157 157
"229" 168 168 168 165 165 165 165 160 161 160 159 159 160 159 157 157 157 157 157 157
"230" 167 168 168 164 164 164 164 160 161 160 159 160 160 159 157 157 157 157 157 157
"231" 168 51 169 164 164 164 165 160 160 160 159 159 160 158 156 156 156 157 157 157
"232" 80 87 117 136 138 135 140 160 161 160 159 159 160 159 157 157 157 157 157 157
"233" 167 75 121 134 137 133 143 159 160 159 158 159 160 158 156 156 157 157 157 157
"234" 55 49 105 123 131 142 165 160 161 160 159 159 160 159 157 157 157 157 157 157
"235" 158 169 169 165 165 166 166 161 162 161 159 160 161 159 157 157 157 157 157 157
"236" 167 104 169 166 164 165 165 160 160 160 159 159 160 158 156 156 156 157 157 157
"237" 98 60 79 94 100 164 165 160 161 160 160 160 161 159 157 157 157 157 157 157
"238" 69 68 110 155 157 165 165 155 160 159 158 159 160 158 152 156 156 156 156 156
"239" 167 96 117 124 164 165 165 160 160 160 159 159 160 159 157 157 157 157 157 157
"240" 104 168 168 165 164 164 164 160 161 160 159 160 160 158 156 157 157 157 157 157
"241" 168 64 168 164 164 164 165 160 161 160 159 159 160 158 157 157 157 157 157 157
"242" 166 167 168 165 164 165 165 160 161 160 159 160 160 159 156 157 157 157 157 157
"243" 166 66 169 166 165 165 165 160 160 160 159 159 160 159 157 157 157 157 157 157
"244" 167 168 168 164 163 164 164 161 163 161 160 160 161 159 157 157 157 157 157 157
"245" 155 57 168 165 165 165 165 160 161 160 159 160 161 159 157 157 157 157 157 157
"246" 166 69 167 164 163 164 164 161 162 160 159 160 160 159 157 157 157 157 157 157
"247" 152 146 169 166 164 165 165 160 161 160 159 159 160 158 156 157 156 157 157 157
"248" 167 167 167 164 163 163 164 160 162 160 160 160 161 159 157 157 157 157 157 157
"249" 76 62 75 166 165 166 165 160 161 160 159 160 160 158 157 157 157 157 157 157
"250" 70 62 86 128 163 164 164 160 161 160 159 160 160 159 157 157 157 157 157 157
"251" 168 170 170 166 165 165 165 160 161 160 159 159 160 158 156 157 157 157 157 157
"252" 165 166 167 164 164 164 165 160 161 160 159 159 160 159 157 157 157 157 157 157
"253" 169 170 169 166 166 166 166 161 162 160 160 160 160 159 157 157 157 157 157 157
"254" 168 168 169 166 165 165 166 160 161 160 159 160 160 159 157 157 157 157 157 157
"255" 88 62 167 164 164 164 164 160 161 160 159 159 160 159 157 157 157 157 157 157
"256" 119 86 168 166 165 118 122 160 160 160 159 159 160 159 157 157 157 157 157 157
"257" 151 115 144 144 150 166 166 160 161 160 159 160 160 159 157 157 157 157 157 157
"258" 167 169 169 166 164 165 165 160 160 159 159 159 160 159 156 157 157 157 157 157
"259" 167 169 168 165 164 165 165 160 161 160 159 160 160 159 157 157 157 157 157 157
"260" 169 170 169 165 164 164 165 160 161 160 159 159 160 159 157 157 157 157 157 157
"261" 167 168 169 166 165 165 166 160 161 160 159 159 160 158 157 157 157 157 157 157
"262" 134 135 168 165 165 165 165 160 162 160 159 160 160 158 157 157 157 157 157 157
"263" 168 169 169 167 165 165 165 160 160 160 159 159 160 159 157 157 157 157 157 157
"264" 167 169 168 165 164 165 165 160 161 160 159 159 160 158 157 157 157 157 157 157
"265" 167 168 169 166 165 165 165 160 161 160 159 159 160 158 156 157 157 157 157 157
"266" 168 77 169 166 165 165 165 161 161 160 159 160 160 158 157 157 157 157 157 157
"267" 169 170 170 167 166 166 166 160 161 160 159 160 161 159 157 158 158 158 158 158
"268" 145 170 169 164 163 164 164 160 160 160 158 159 160 158 156 157 157 157 157 157
"269" 167 55 167 164 163 164 164 161 162 161 160 160 162 159 157 157 157 157 157 157
"270" 75 48 85 165 164 164 164 161 162 160 159 159 160 158 157 157 157 157 157 157
"271" 168 169 169 166 165 165 165 161 162 160 159 160 160 159 157 157 157 157 157 157
"272" 167 168 169 165 164 165 165 160 161 160 159 160 161 159 157 157 157 157 157 157
"273" 167 168 167 164 164 164 165 160 161 160 159 160 160 159 157 157 157 157 157 157
"274" 168 169 169 166 165 166 165 160 161 160 159 160 161 158 157 157 157 157 157 157
"275" 171 172 171 168 166 167 167 160 161 160 159 159 160 158 157 157 157 157 157 157
"276" 119 123 170 167 165 165 165 160 161 160 159 159 160 159 157 157 157 157 157 157
"277" 167 168 168 165 164 164 165 159 160 159 158 159 160 158 156 157 157 157 157 157
"278" 77 81 169 165 165 165 165 160 161 160 159 160 160 159 156 157 157 157 157 157
"279" 168 151 170 167 165 166 166 160 160 160 159 159 160 158 156 157 157 157 157 157
"280" 167 73 169 166 165 166 166 161 162 160 159 159 160 158 157 157 157 157 157 157
"281" 166 106 167 164 164 164 164 160 161 160 159 160 160 158 157 157 157 157 157 157
"282" 167 91 168 165 119 123 165 160 161 160 159 159 160 158 156 156 156 157 157 157
"283" 75 65 81 107 114 165 165 160 161 160 159 159 160 158 157 157 157 157 157 157
"284" 111 169 169 166 165 165 166 161 161 160 159 160 160 158 156 157 157 157 157 157
"285" 79 60 86 165 164 164 164 160 161 160 159 159 160 159 157 157 157 157 157 157
"286" 119 58 113 120 122 123 120 160 161 160 159 160 160 159 157 157 157 157 157 157
"287" 117 95 127 166 165 165 166 160 161 160 158 159 160 158 156 157 157 157 157 157
"288" 168 168 168 165 164 165 165 160 162 160 159 159 161 159 157 157 157 157 157 157
"289" 118 111 168 165 165 165 165 160 161 160 159 160 160 159 157 157 157 157 157 157
"290" 167 63 167 164 164 164 165 160 161 160 159 159 160 159 156 157 157 157 157 157
"291" 166 168 167 165 165 165 165 160 161 160 159 159 160 158 156 157 157 157 157 157
"292" 166 167 167 165 165 165 166 160 161 160 159 159 160 158 157 157 157 157 157 157
"293" 119 57 69 109 113 115 136 160 161 160 159 160 161 159 157 158 158 158 158 158
"294" 167 77 118 165 165 165 166 160 161 160 159 160 160 159 157 157 157 157 157 157
"295" 167 107 169 165 164 165 164 160 160 160 159 159 160 159 157 157 157 157 157 157
"296" 165 167 168 166 165 166 166 160 161 160 159 160 160 158 157 157 157 157 157 157
"297" 169 170 169 166 165 165 165 160 161 160 159 160 160 159 157 157 157 157 157 157
"298" 169 71 130 139 123 126 147 160 161 160 159 160 160 159 157 157 157 157 157 157
"299" 169 63 171 167 165 165 166 160 162 160 159 159 160 158 157 157 157 157 157 157
"300" 101 116 169 165 165 166 166 160 162 160 160 160 161 159 157 157 157 157 157 157
"301" 169 84 168 166 165 165 166 160 161 160 159 159 160 159 156 157 157 157 157 157
"302" 167 168 169 166 165 166 166 160 161 160 159 159 160 158 157 157 157 157 157 157
"303" 168 169 170 166 166 166 166 160 161 160 159 159 160 158 156 157 157 157 157 157
"304" 136 82 126 146 145 165 165 160 161 160 159 159 160 158 157 157 157 157 157 157
"305" 66 53 69 166 165 165 165 160 161 160 159 159 160 158 157 157 157 157 157 157
"306" 93 86 168 165 164 165 165 160 161 160 159 159 160 159 157 157 157 157 157 157
"307" 167 71 169 165 164 165 165 161 161 160 159 159 160 158 157 157 157 157 157 157
"308" 168 168 168 165 165 165 165 160 161 160 159 160 160 159 157 157 157 157 157 157
"309" 169 171 170 166 166 166 166 160 160 160 159 159 160 158 156 157 156 157 157 157
"310" 169 170 169 166 165 165 166 160 161 160 159 159 160 158 147 156 156 157 157 157
"311" 168 168 168 165 164 164 164 160 161 160 160 160 161 159 157 157 157 157 157 157
"312" 169 170 169 166 164 165 165 160 161 160 159 160 160 159 157 157 157 157 157 157
"313" 89 66 86 98 165 165 166 160 161 160 159 159 160 159 157 157 157 157 157 157
"314" 169 106 170 167 165 166 166 160 161 160 159 160 160 158 157 157 157 157 157 157
"315" 167 168 168 166 165 165 165 160 161 160 159 159 160 158 156 157 157 157 157 157
"316" 167 60 167 164 164 164 164 160 161 160 159 159 161 159 157 157 157 157 157 157
"317" 167 168 168 166 165 165 166 160 161 160 159 159 160 158 156 156 156 157 157 157
"318" 167 58 167 165 164 164 164 160 161 160 159 160 160 159 157 157 157 157 157 157
"319" 167 97 168 165 165 165 165 160 161 160 158 159 160 159 157 157 157 157 157 157
"320" 167 169 169 165 114 105 108 160 160 160 159 159 159 158 139 156 156 156 156 156
"321" 167 140 168 164 164 164 164 160 161 160 159 159 160 159 157 157 157 157 157 157
"322" 167 168 169 166 165 165 165 160 161 160 159 159 160 158 157 157 157 157 157 157
"323" 104 54 81 89 93 100 120 160 162 160 159 160 160 159 157 157 157 157 157 157
"324" 96 58 81 101 103 124 165 160 161 160 159 159 160 158 157 157 157 157 157 157
"325" 133 82 131 135 165 166 166 160 161 160 159 160 160 159 157 157 157 157 157 157
"326" 167 168 169 164 164 164 165 160 161 160 159 159 160 158 156 157 157 157 157 157
"327" 169 169 168 164 164 165 165 161 161 160 159 159 160 158 157 157 157 157 157 157
"328" 94 56 94 97 99 99 114 160 161 160 159 159 160 159 157 158 157 157 157 157
"329" 90 74 99 102 114 114 166 161 161 160 159 159 160 159 157 157 157 157 157 157
"330" 107 103 125 165 164 164 165 160 162 160 159 160 160 159 157 157 157 157 157 157
"331" 106 94 168 165 165 165 165 160 161 160 159 159 160 159 157 157 157 157 157 157
"332" 167 50 169 166 164 165 165 160 161 160 159 160 161 159 157 157 157 157 157 157
"333" 168 74 134 146 142 153 164 160 160 160 159 160 160 159 157 157 157 157 157 157
"334" 58 50 91 166 164 164 164 159 160 160 159 160 160 158 157 157 157 157 157 157
"335" 166 66 168 165 164 165 164 160 161 160 159 160 160 159 156 157 157 157 157 157
"336" 167 168 169 166 165 165 165 160 162 160 159 160 161 159 157 157 157 157 157 157
"337" 168 169 169 165 164 165 165 160 161 160 159 159 160 158 157 157 157 157 157 157
"338" 167 168 168 165 164 164 164 160 161 160 159 160 160 158 156 157 157 157 157 157
"339" 167 168 168 166 165 166 166 160 160 160 159 159 160 158 156 156 156 157 157 157
"340" 109 123 168 162 163 163 165 160 161 160 159 159 160 158 156 156 156 157 157 157
"341" 69 56 167 165 164 164 165 160 160 159 158 159 160 158 156 156 156 157 157 157
"342" 168 169 168 165 165 165 165 160 161 160 159 159 160 158 157 157 157 157 157 157
"343" 150 34 130 166 165 164 165 161 161 160 159 159 160 158 156 157 157 157 157 157
"344" 121 168 167 165 165 165 165 160 162 160 159 160 160 159 157 157 157 157 157 157
"345" 60 49 66 82 72 80 88 160 161 160 159 159 160 159 157 157 157 157 157 157
"346" 33 31 44 53 56 64 92 160 161 160 159 159 160 158 156 156 157 157 157 157
"347" 95 88 109 116 110 110 165 160 160 160 159 159 160 158 157 157 157 157 157 157
"348" 67 77 169 166 165 165 165 161 162 160 159 160 160 159 157 157 157 157 157 157
"349" 166 63 127 165 165 165 165 160 161 160 158 159 160 158 156 157 157 157 157 157
"350" 168 75 169 166 165 165 165 160 161 160 159 159 160 158 157 157 157 157 157 157
"351" 167 66 168 166 165 165 165 160 161 160 160 160 160 159 157 157 157 157 157 157
"352" 168 170 169 165 165 165 165 160 161 160 159 159 160 158 156 156 157 157 157 157
"353" 167 168 169 166 165 165 155 159 160 160 159 159 159 158 133 148 150 156 156 156
"354" 122 101 167 165 164 164 164 160 161 160 159 160 160 159 157 157 157 157 157 157
"355" 168 168 168 166 165 164 164 160 160 160 159 159 160 159 157 157 157 157 157 157
"356" 169 85 170 167 166 167 167 160 161 160 159 160 160 159 157 157 157 157 157 157
"357" 169 170 170 168 167 168 168 160 162 160 160 160 161 159 156 156 156 157 157 157
"358" 47 36 58 165 164 164 165 160 161 160 159 160 160 159 157 157 157 157 157 157
"359" 168 169 169 167 166 165 166 160 161 160 159 159 160 158 157 157 157 157 157 157
"360" 137 75 142 166 165 165 166 161 162 161 160 160 161 159 157 157 157 157 157 157
"361" 170 51 171 166 164 165 165 160 161 160 159 160 160 159 156 157 157 157 157 157
"362" 168 46 169 165 165 165 165 160 161 160 159 159 160 159 157 157 157 157 157 157
"363" 169 170 170 167 165 165 165 160 160 160 159 159 160 158 149 156 156 156 156 156
"364" 100 79 139 165 164 164 164 161 162 160 159 159 160 159 156 157 157 157 157 157
"365" 169 45 170 166 165 165 165 160 161 160 159 160 161 159 157 157 157 157 157 157
"366" 98 90 155 165 165 165 165 160 160 159 158 159 160 158 156 157 157 157 157 157
"367" 148 67 169 166 165 153 143 160 160 159 158 159 160 158 151 156 156 156 156 156
"368" 169 171 169 165 165 165 165 160 161 160 159 160 160 159 157 157 157 157 157 157
"369" 170 172 171 165 165 165 165 160 161 160 159 159 160 158 157 157 157 157 157 157
"370" 167 92 129 145 164 164 165 161 161 160 159 160 160 159 157 157 157 157 157 157
"371" 167 167 167 165 164 164 165 161 161 160 159 159 160 158 157 157 157 157 157 157
"372" 60 58 84 94 98 118 142 160 161 160 159 160 161 159 157 157 157 157 157 157
"373" 167 167 167 165 164 164 164 160 161 160 159 159 160 158 156 157 157 157 157 157
"374" 85 64 86 93 90 101 103 159 159 159 158 159 160 158 153 156 156 156 156 156
"375" 168 170 169 165 164 164 164 160 161 160 159 159 160 158 157 157 157 157 157 157
"376" 168 168 168 166 165 165 166 160 162 160 159 160 160 159 157 157 157 157 157 157
"377" 166 168 168 165 164 165 165 160 162 160 159 160 160 158 157 157 157 157 157 157
"378" 138 90 145 167 165 165 165 159 161 160 159 159 160 159 156 157 157 157 157 157
"379" 47 37 145 151 148 164 164 160 161 160 159 159 160 158 157 157 157 157 157 157
"380" 85 61 86 122 137 123 119 160 161 160 159 159 160 159 156 157 157 157 157 157
"381" 168 92 168 164 164 164 165 161 162 160 159 159 160 158 156 157 157 157 157 157
"382" 168 170 170 165 164 164 164 160 162 161 160 160 161 159 157 157 157 157 157 157
"383" 167 168 168 166 165 166 166 160 161 160 159 160 160 159 156 157 157 157 157 157
"384" 116 108 169 166 165 165 165 159 160 159 158 159 160 158 157 157 157 157 157 157
"385" 168 91 168 165 164 165 165 160 160 160 159 159 160 159 157 157 157 157 157 157
"386" 169 170 171 167 166 166 167 161 161 160 159 160 160 159 157 157 157 157 157 157
"387" 168 168 168 165 164 164 165 160 161 160 159 160 161 159 156 157 157 157 157 157
"388" 167 108 167 164 163 164 164 161 162 161 160 160 160 159 156 156 156 157 157 157
"389" 167 167 167 164 164 164 164 160 161 160 160 160 161 159 157 157 157 157 157 157
"390" 168 169 168 166 164 165 165 160 160 160 159 159 160 158 156 157 157 157 157 157
"391" 84 66 82 90 98 126 166 160 162 160 160 160 160 159 157 157 157 157 157 157
"392" 168 170 169 166 165 164 164 160 160 159 158 159 160 158 156 157 157 157 157 157
"393" 167 168 168 166 164 165 166 161 161 160 159 159 160 158 156 157 157 157 157 157
"394" 144 65 82 91 164 164 163 160 161 160 159 160 160 159 156 157 157 157 157 157
"395" 47 47 61 72 84 87 143 160 160 160 158 159 160 159 157 157 157 157 157 157
"396" 168 168 168 166 165 165 165 160 161 160 159 159 160 158 157 157 157 157 157 157
"397" 170 171 171 167 166 166 167 160 161 160 159 159 160 158 157 157 157 157 157 157
"398" 107 103 125 132 131 137 165 160 161 160 159 160 160 159 157 157 157 157 157 157
"399" 96 168 168 166 165 166 166 160 161 160 159 160 160 158 156 156 156 157 157 157
"400" 168 169 168 165 164 164 164 160 162 160 160 160 161 159 157 157 157 157 157 157
"401" 115 169 169 166 164 165 165 159 160 160 159 159 160 159 156 157 157 157 157 157
"402" 169 70 169 165 164 164 164 160 161 160 159 159 160 159 156 157 157 157 157 157
"403" 167 141 168 165 164 165 165 160 162 160 159 160 160 158 157 157 157 157 157 157
"404" 168 169 169 166 165 166 166 160 161 160 159 159 160 158 156 156 156 157 157 157
"405" 90 94 169 166 165 166 166 160 161 160 159 159 160 158 157 157 157 157 157 157
"406" 167 169 168 165 164 164 164 160 161 160 159 160 160 158 156 156 157 157 157 157
"407" 168 76 169 166 165 165 165 160 161 160 159 160 160 159 157 157 157 157 157 157
"408" 167 61 169 165 164 164 164 160 161 160 159 159 160 158 157 157 157 157 157 157
"409" 156 70 107 125 125 147 164 160 161 160 159 159 160 158 156 157 157 157 157 157
"410" 169 170 170 167 166 166 166 160 162 160 159 160 160 159 157 157 157 157 157 157
"411" 99 75 95 105 115 123 132 160 161 160 159 160 161 159 157 157 157 157 157 157
"412" 73 46 76 127 165 166 166 161 163 161 159 160 160 159 156 157 157 157 157 157
"413" 81 75 93 103 98 110 108 160 161 160 159 159 160 158 156 156 156 156 156 156
"414" 168 169 169 165 164 164 164 160 161 160 159 160 161 159 157 157 157 157 157 157
"415" 169 169 168 165 164 165 165 160 161 160 158 159 160 158 156 157 157 157 157 157
"416" 167 168 168 165 165 165 166 161 164 161 160 160 161 158 156 157 157 157 157 157
"417" 167 81 97 166 120 165 165 161 162 160 159 160 160 159 157 157 157 157 157 157
"418" 169 169 169 166 164 165 165 160 161 160 158 159 160 158 156 157 157 157 157 157
"419" 171 171 172 167 165 165 165 160 161 160 159 160 160 158 156 156 156 157 157 157
"420" 170 47 170 165 164 164 164 160 161 160 159 159 160 158 156 157 157 157 157 157
"421" 58 58 169 164 163 163 163 160 161 160 159 159 160 158 157 157 157 157 157 157
"422" 166 167 167 165 165 165 165 161 162 160 160 160 160 159 157 157 157 157 157 157
"423" 169 169 168 165 164 164 164 160 161 160 159 160 160 159 157 157 157 157 157 157
"424" 168 168 168 164 163 164 164 160 161 160 159 159 160 158 156 157 157 157 157 157
"425" 82 91 169 130 114 127 166 161 163 161 159 159 160 159 157 157 157 157 157 157
"426" 167 85 168 165 164 164 164 160 161 160 159 159 160 158 156 156 156 157 157 157
"427" 168 168 168 165 164 165 165 160 161 160 158 159 160 159 157 157 157 157 157 157
"428" 167 147 168 165 164 164 165 160 161 160 159 159 160 158 156 157 157 157 157 157
"429" 155 169 169 165 165 165 165 161 162 161 160 160 161 159 157 157 157 157 157 157
"430" 167 168 168 165 165 165 165 160 161 160 159 160 161 159 157 157 157 157 157 157
"431" 166 167 167 165 164 164 164 160 161 160 159 159 159 158 157 157 157 157 157 157
"432" 167 168 168 166 165 166 166 160 161 160 159 159 160 159 157 157 157 157 157 157
"433" 118 110 168 165 164 164 164 160 161 160 158 159 160 158 157 157 157 157 157 157
"434" 66 48 78 80 80 80 166 161 163 161 160 160 161 159 157 157 157 157 157 157
"435" 167 167 167 164 164 164 165 160 161 160 159 159 160 158 156 156 156 157 157 157
"436" 104 106 155 165 165 165 166 161 162 160 159 160 160 159 156 157 157 157 157 157
"437" 167 167 167 165 164 164 164 160 161 160 159 159 160 159 157 157 157 157 157 157
"438" 167 80 97 126 122 129 149 160 161 160 159 160 161 159 157 157 157 157 157 157
"439" 143 51 76 74 75 103 116 160 160 160 159 159 160 158 156 157 157 157 157 157
"440" 72 48 59 70 77 101 107 160 161 160 158 159 160 159 157 157 157 157 157 157
"441" 48 50 88 84 88 108 120 160 161 160 159 159 160 158 157 157 157 157 157 157
"442" 85 58 81 121 164 164 165 160 162 160 160 160 160 159 157 157 157 157 157 157
"443" 168 46 168 165 164 165 165 160 161 160 159 160 160 159 157 157 157 157 157 157
"444" 167 52 168 165 165 166 166 160 161 160 159 159 160 158 156 157 157 157 157 157
"445" 168 169 168 165 165 165 165 160 161 160 159 159 160 159 156 157 157 157 157 157
"446" 83 56 78 82 77 79 109 160 161 160 159 160 161 159 157 157 157 157 157 157
"447" 167 168 168 165 165 165 165 161 162 160 160 160 161 159 157 157 157 157 157 157
"448" 83 168 168 165 164 165 165 160 161 160 159 160 160 158 156 157 157 157 157 157
"449" 54 52 68 71 141 164 164 160 161 160 159 159 160 159 156 157 157 157 157 157
"450" 166 167 168 165 164 165 164 160 161 160 159 160 160 158 157 157 157 157 157 157
"451" 167 168 168 165 165 165 166 160 161 160 159 160 160 158 156 157 157 157 157 157
"452" 167 126 168 166 165 165 165 160 161 160 159 160 160 158 157 157 157 157 157 157
"453" 126 112 169 166 165 166 165 160 161 160 159 160 160 159 156 157 157 157 157 157
"454" 167 168 168 165 164 165 165 160 161 160 159 159 160 158 157 157 157 157 157 157
"455" 167 91 121 164 164 164 164 160 161 160 159 160 160 159 157 157 157 157 157 157
"456" 168 168 168 165 164 165 165 160 160 160 158 159 160 158 157 157 157 157 157 157
"457" 168 169 169 166 164 165 165 159 160 160 159 159 159 158 156 156 156 156 156 156
"458" 69 71 170 166 164 165 165 160 161 160 159 159 159 158 156 156 157 157 157 157
"459" 143 94 169 166 164 164 164 160 160 160 159 160 160 159 157 157 157 157 157 157
"460" 167 168 169 165 164 164 164 160 161 160 159 159 160 159 157 157 157 157 157 157
"461" 168 89 169 165 164 164 165 160 161 160 159 159 159 158 156 157 157 157 157 157
"462" 168 56 168 165 164 164 164 160 161 160 159 160 160 159 157 158 158 158 158 158
"463" 167 54 143 147 141 143 165 160 161 160 159 159 160 158 157 157 157 157 157 157
"464" 75 55 73 84 95 110 165 161 161 160 159 159 160 158 156 157 157 157 157 157
"465" 167 169 169 165 164 165 165 161 161 160 159 159 160 158 156 157 157 157 157 157
"466" 169 55 168 165 63 68 165 161 162 160 160 160 161 159 156 157 157 157 157 157
"467" 168 136 169 166 165 165 165 159 160 160 158 159 160 158 156 156 156 156 156 156
"468" 166 98 167 165 164 165 164 160 161 160 159 160 161 159 157 157 157 157 157 157
"469" 167 167 168 165 164 164 165 160 161 160 159 160 160 158 156 156 156 157 157 157
"470" 167 119 142 164 152 164 164 160 161 160 159 160 161 159 157 157 157 157 157 157
"471" 167 168 169 166 165 165 165 160 162 160 159 159 160 158 156 157 157 157 157 157
"472" 168 169 170 165 164 165 164 160 161 160 159 159 160 158 157 157 157 157 157 157
"473" 168 168 168 165 164 165 164 161 162 161 160 160 161 159 157 157 157 157 157 157
"474" 83 90 112 116 118 134 165 160 160 160 159 159 160 158 157 157 157 157 157 157
"475" 81 71 93 112 111 118 125 160 161 160 159 160 160 159 156 156 156 157 157 157
"476" 167 169 168 164 164 164 165 161 162 160 160 160 160 159 157 157 157 157 157 157
"477" 167 93 110 110 103 103 96 160 161 160 159 159 160 158 155 156 156 156 156 156
"478" 168 87 169 165 164 165 165 160 161 160 159 159 160 158 157 157 157 157 157 157
"479" 169 169 169 166 165 165 165 160 161 160 159 159 160 159 156 157 157 157 157 157
"480" 168 168 169 166 164 164 164 160 161 160 159 160 160 159 156 157 157 157 157 157
"481" 168 56 123 166 165 165 165 160 161 160 159 159 160 158 157 157 157 157 157 157
"482" 167 168 168 164 164 164 164 160 162 160 159 160 161 159 157 157 157 157 157 157
"483" 168 169 169 165 164 164 164 159 160 160 159 159 160 158 157 157 157 157 157 157
"484" 167 167 168 165 164 165 165 160 161 160 159 160 160 159 157 157 157 157 157 157
"485" 168 81 169 166 165 166 166 160 161 160 159 160 160 158 156 157 157 157 157 157
"486" 88 91 110 126 126 139 165 160 160 160 158 159 160 158 156 157 157 157 157 157
"487" 168 82 169 166 165 165 165 160 161 160 159 159 160 158 156 157 157 157 157 157
"488" 167 148 168 164 163 163 164 160 162 160 160 160 160 159 157 157 157 157 157 157
"489" 167 125 169 165 164 165 165 161 162 161 160 160 161 159 157 158 157 157 157 157
"490" 166 52 167 165 164 165 165 160 162 160 160 160 160 159 157 157 157 157 157 157
"491" 167 87 168 165 164 164 164 160 162 160 160 160 160 159 157 157 157 157 157 157
"492" 166 168 168 165 164 164 165 160 161 160 159 159 160 159 157 157 157 157 157 157
"493" 146 169 169 166 165 165 165 160 161 160 159 160 161 159 157 157 157 157 157 157
"494" 168 169 168 166 165 165 166 160 161 160 159 159 160 159 157 157 157 157 157 157
"495" 168 84 105 165 164 164 164 159 160 160 159 159 161 158 156 156 156 157 157 157
"496" 167 57 140 165 164 165 165 161 163 160 159 159 160 159 157 157 157 157 157 157
"497" 167 109 168 165 165 165 166 160 161 160 159 159 160 159 157 157 157 157 157 157
"498" 76 152 169 165 164 165 165 160 160 160 159 159 160 158 152 156 156 156 156 156
"499" 168 148 169 166 165 166 166 160 161 160 159 159 160 158 120 145 156 156 156 156
"500" 168 168 169 166 165 165 166 160 161 160 159 160 161 159 157 157 157 157 157 157
